11.266,6.13004,-1.23899999999999,0.0
11.2247,6.13004,-1.235999999999997,0.0
11.1835,6.13004,-3.096000000000032,-0.5660999999999916
11.0803,6.11117,-0.6179999999999986,-0.565800000000003
11.0597,6.09231,-1.8569999999999887,0.0
10.9978,6.09231,-1.23899999999999,0.0
10.9565,6.09231,-1.23899999999999,0.0
10.9152,6.09231,-2.474999999999987,-0.565800000000003
10.8327,6.07345,-0.6180000000000518,0.565800000000003
10.8121,6.09231,-1.8569999999999887,0.0
10.7502,6.09231,-0.6209999999999916,0.0
10.7295,6.09231,-1.8569999999999887,0.0
10.6676,6.09231,-1.8569999999999887,0.0
10.6057,6.09231,-1.857000000000042,0.0
10.5438,6.09231,-0.6179999999999986,0.0
10.5232,6.09231,-1.8569999999999887,0.0
10.4613,6.09231,-0.6179999999999986,0.565800000000003
10.4407,6.11117,-3.0959999999999788,0.0
10.3375,6.11117,-0.6179999999999986,0.5660999999999916
10.3169,6.13004,-1.8569999999999887,0.0
10.255,6.13004,-0.6210000000000448,0.0
10.2343,6.13004,-1.8569999999999887,0.0
10.1724,6.13004,-1.8569999999999887,0.0
10.1105,6.13004,-1.8569999999999887,0.0
10.0486,6.13004,-0.6179999999999986,0.0
10.028,6.13004,-1.8573000000000306,0.0
9.96609,6.13004,-0.6188999999999645,0.0
9.94546,6.13004,-3.095100000000013,0.0
9.84229,6.13004,-1.2381000000000242,0.0
9.80102,6.13004,-1.238099999999971,0.0
9.75975,6.13004,-1.2378000000000355,0.0
9.71849,6.13004,-1.238099999999971,0.0
9.67722,6.13004,-2.476199999999995,0.0
9.59468,6.13004,-1.2378000000000355,0.0
9.55342,6.13004,-1.238099999999971,0.0
9.51215,6.13004,-1.2381000000000242,0.0
9.47088,6.13004,-1.238099999999971,0.565800000000003
9.42961,6.1489,-1.8569999999999887,0.0
9.36771,6.1489,-1.857000000000042,0.0
9.30581,6.1489,-0.6188999999999645,0.565800000000003
9.28518,6.16776,-1.8569999999999887,0.0
9.22328,6.16776,-0.6192000000000064,0.0
9.20264,6.16776,-2.4759000000000064,0.5657999999999763
9.12011,6.18662,-1.2381000000000242,0.0
9.07884,6.18662,-1.238099999999971,0.565800000000003
9.03757,6.20548,-1.2378000000000355,0.0
8.99631,6.20548,-1.238099999999971,0.0
8.95504,6.20548,-1.8569999999999887,0.0
8.89314,6.20548,-0.6192000000000064,0.0
8.8725,6.20548,-1.8569999999999887,0.0
8.8106,6.20548,-0.6189000000000178,0.0
8.78997,6.20548,-1.2381000000000242,0.0
8.7487,6.20548,-2.4759000000000064,0.0
8.66617,6.20548,-1.238099999999971,-0.565800000000003
8.6249,6.18662,-1.2381000000000242,0.0
8.58363,6.18662,-1.238099999999971,0.0
8.54236,6.18662,-0.6189000000000178,-0.5657999999999763
8.52173,6.16776,-1.8569999999999887,-0.565800000000003
8.45983,6.1489,-1.8569999999999887,0.0
8.39793,6.1489,-0.6192000000000064,-0.565800000000003
8.37729,6.13004,-1.8569999999999887,0.0
8.31539,6.13004,-0.6189000000000178,0.0
8.29476,6.13004,-2.476199999999995,0.0
8.21222,6.13004,-1.2378000000000355,-0.5660999999999916
8.17096,6.11117,-1.238099999999971,0.0
8.12969,6.11117,-1.2381000000000242,0.0
8.08842,6.11117,-1.238099999999971,0.0
8.04715,6.11117,-1.8570000000000153,0.0
7.98525,6.11117,-0.6188999999999911,0.0
7.96462,6.11117,-1.8569999999999887,0.0
7.90272,6.11117,-0.6192000000000064,0.0
7.88208,6.11117,-1.8570000000000153,0.0
7.82018,6.11117,-1.8569999999999887,0.5660999999999916
7.75828,6.13004,-1.8569999999999887,0.0
7.69638,6.13004,-0.6189000000000178,0.0
7.67575,6.13004,-1.8569999999999887,0.0
7.61385,6.13004,-0.6192000000000064,0.0
7.59321,6.13004,-2.4759000000000064,0.0
7.51068,6.13004,-1.2380999999999975,0.0
7.46941,6.13004,-1.2380999999999975,0.0
7.42814,6.13004,-1.2380999999999975,0.0
7.38687,6.13004,-1.237800000000009,-0.5660999999999916
7.34561,6.11117,-2.476199999999995,0.0
7.26307,6.11117,-1.8569999999999887,0.0
7.20117,6.11117,-0.6189000000000178,-0.565800000000003
7.18054,6.09231,-1.8569999999999887,0.0
7.11864,6.09231,-0.6192000000000064,0.0
7.098,6.09231,-3.095099999999986,0.0
6.99483,6.09231,-1.237800000000009,0.0
6.95357,6.09231,-0.6192000000000064,0.0
6.93293,6.09231,-1.8569999999999887,0.0
6.87103,6.09231,-0.6189000000000178,0.0
6.8504,6.09231,-2.476199999999995,0.0
6.76786,6.09231,-1.2377999999999822,0.0
6.7266,6.09231,-1.2380999999999975,0.0
6.68533,6.09231,-1.2381000000000242,0.565800000000003
6.64406,6.11117,-0.6188999999999911,0.0
6.62343,6.11117,-1.8569999999999887,0.5660999999999916
6.56153,6.13004,-1.2380999999999975,0.0
6.52026,6.13004,-1.2381000000000242,0.565800000000003
6.47899,6.1489,-1.2380999999999975,0.0
6.43772,6.1489,-1.2377999999999822,0.0
6.39646,6.1489,-1.857300000000004,0.565800000000003
6.33455,6.16776,-0.6188999999999911,0.0
6.31392,6.16776,-1.8570000000000153,0.5657999999999763
6.25202,6.18662,-0.6188999999999911,0.0
6.23139,6.18662,-1.857300000000004,0.0
6.16948,6.18662,-1.8570000000000153,0.565800000000003
6.10758,6.20548,-1.8569999999999887,0.0
6.04568,6.20548,-1.2380999999999975,0.0
6.00441,6.20548,-1.237800000000009,0.565800000000003
5.96315,6.22434,-1.2380999999999975,0.0
5.92188,6.22434,-2.476199999999995,0.565800000000003
5.83934,6.2432,-1.237800000000009,0.0
5.79808,6.2432,-1.2380999999999975,0.0
5.75681,6.2432,-1.2380999999999975,0.5660999999999916
5.71554,6.26207,-1.2380999999999975,0.0
5.67427,6.26207,-1.8569999999999887,0.0
5.61237,6.26207,-1.8570000000000153,0.565800000000003
5.55047,6.28093,-0.6188999999999911,0.0
5.52984,6.28093,-1.2380999999999975,0.565800000000003
5.48857,6.29979,-1.2380999999999975,0.0
5.4473,6.29979,-2.4759000000000064,0.565800000000003
5.36477,6.31865,-1.2380999999999975,0.565800000000003
5.3235,6.33751,-1.2380999999999975,0.565800000000003
5.28223,6.35637,-1.237800000000009,0.0
5.24097,6.35637,-1.2380999999999975,0.5660999999999916
5.1997,6.37524,-2.476199999999995,0.565800000000003
5.11716,6.3941,-1.237800000000009,0.0
5.0759,6.3941,-1.2380999999999975,0.0
5.03463,6.3941,-1.2380999999999975,0.565800000000003
4.99336,6.41296,-1.2380999999999975,0.0
4.95209,6.41296,-2.4759000000000064,0.565800000000003
4.86956,6.43182,-1.2380999999999975,0.0
4.82829,6.43182,-1.2380999999999975,0.0
4.78702,6.43182,-1.237800000000009,0.0
4.74576,6.43182,-1.8569999999999887,0.565800000000003
4.68386,6.45068,-1.857300000000004,0.0
4.62195,6.45068,-1.8569999999999887,0.0
4.56005,6.45068,-0.6189000000000178,0.0
4.53942,6.45068,-1.8569999999999887,0.565800000000003
4.47752,6.46954,-0.6189000000000178,0.0
4.45689,6.46954,-2.476199999999995,0.5660999999999916
4.37435,6.48841,-1.2380999999999975,0.0
4.33308,6.48841,-1.2377999999999822,0.0
4.29182,6.48841,-1.2381000000000242,0.565800000000003
4.25055,6.50727,-1.2380999999999975,0.0
4.20928,6.50727,-2.47589999999998,0.565800000000003
4.12675,6.52613,-1.2381000000000242,0.0
4.08548,6.52613,-1.2380999999999975,0.565800000000003
4.04421,6.54499,-1.2380999999999975,0.0
4.00294,6.54499,-1.2377999999999956,0.565800000000003
3.96168,6.56385,-2.476199999999995,0.0
3.87914,6.56385,-1.2380999999999975,0.0
3.83787,6.56385,-1.237800000000009,0.0
3.79661,6.56385,-1.2380999999999975,0.0
3.75534,6.56385,-1.2380999999999975,0.0
3.71407,6.56385,-1.857000000000002,0.0
3.65217,6.56385,-0.6188999999999911,0.0
3.63154,6.56385,-1.857300000000004,0.0
3.56963,6.56385,-0.6189000000000044,0.0
3.549,6.56385,-1.2380999999999975,-0.565800000000003
3.50773,6.54499,-2.4759000000000064,0.0
3.4252,6.54499,-1.2380999999999975,-0.565800000000003
3.38393,6.52613,-1.2380999999999975,0.0
3.34266,6.52613,-1.2377999999999956,0.0
3.3014,6.52613,-1.2380999999999975,-0.565800000000003
3.26013,6.50727,-1.857000000000002,0.0
3.19823,6.50727,-0.6192000000000064,0.0
3.17759,6.50727,-1.857000000000002,0.0
3.11569,6.50727,-0.6188999999999911,0.0
3.09506,6.50727,-1.2381000000000109,0.0
3.05379,6.50727,-1.8569999999999887,0.0
2.99189,6.50727,-0.6189000000000044,0.0
2.97126,6.50727,-1.2380999999999975,0.0
2.92999,6.50727,-0.6189000000000044,0.0
2.90936,6.50727,-0.6191999999999931,0.0
2.88872,6.50727,-2.4759000000000064,0.0
