0.14444000000000035,-0.45394000000000023,-0.6809099999999999,-0.43330999999999964,0.9491500000000004,-0.5847100000000003,0.4715499999999997,-0.22634000000000043,-0.84877,0.33950999999999976,0.0,-0.6188999999999911,-0.6192000000000064,-0.6189000000000178,0.0,0.565800000000003,0.565800000000003,0.565800000000003,1.131600000000006,0.565800000000003,
0.14444000000000035,-0.47456999999999994,-0.7015500000000001,-0.45394000000000023,0.9491500000000004,-0.5658500000000002,0.4904099999999998,-0.20748000000000033,-0.8110499999999998,0.35836999999999986,0.0,0.0,-0.6188999999999911,0.0,0.0,0.0,0.565800000000003,0.5661000000000183,0.0,0.0,
0.14444000000000035,-0.47456999999999994,-0.7221799999999998,-0.45394000000000023,0.9491500000000004,-0.5658500000000002,0.5092699999999999,-0.18860999999999972,-0.8110499999999998,0.35836999999999986,0.0,0.0,0.0,-0.6188999999999911,0.0,0.0,0.0,0.5657999999999763,0.565800000000003,-0.565800000000003,
0.14444000000000035,-0.47456999999999994,-0.7221799999999998,-0.47456999999999994,0.9491500000000004,-0.5658500000000002,0.5092699999999999,-0.1697500000000005,-0.7921899999999997,0.33950999999999976,-3.0000000001528804E-4,-3.0000000001528804E-4,0.6188999999999911,0.6188999999999911,-2.6645352591003757E-14,0.0,0.565800000000003,2.6645352591003757E-14,0.565800000000003,0.565800000000003,
0.14442999999999984,-0.47458000000000045,-0.7015500000000001,-0.45394000000000023,0.9491499999999995,-0.5658500000000002,0.52813,-0.16974999999999962,-0.7733299999999996,0.35836999999999986,3.0000000001528804E-4,-0.6188999999999911,-0.6188999999999911,0.0,0.6192000000000064,0.565800000000003,0.0,0.5657999999999763,0.0,0.0,
0.14444000000000035,-0.49521000000000015,-0.7221799999999998,-0.45394000000000023,0.9697899999999997,-0.5469900000000001,0.52813,-0.1508900000000004,-0.7733299999999996,0.35836999999999986,-3.0000000001528804E-4,-0.6192000000000064,-0.6192000000000064,-1.2380999999999975,-2.999999999886427E-4,0.0,0.565800000000003,2.6645352591003757E-14,0.565800000000003,0.565800000000003,
0.14442999999999984,-0.5158500000000004,-0.74282,-0.49521000000000015,0.2888699999999993,-0.5469900000000001,0.5469900000000001,-0.15088999999999952,-0.7544699999999995,-0.98081,0.0,0.0,0.0,0.6188999999999911,0.6189000000000178,0.0,0.0,1.1315999999999793,0.0,0.5660999999999916,
0.14442999999999984,-0.74282,-0.5158500000000004,-0.47458000000000045,0.3094999999999999,-0.5469900000000001,-0.11317000000000021,0.5469900000000001,-0.7544699999999995,-0.9619400000000002,-0.6188999999999911,-0.6189000000000178,-0.6188999999999911,-1.2380999999999975,-0.6189000000000178,0.565800000000003,0.565800000000003,0.565800000000003,0.565800000000003,-2.999999999886427E-4,
0.12380000000000013,-0.7634500000000006,-0.5364800000000001,-0.5158500000000004,0.2888699999999993,-0.52813,-0.09431000000000012,0.5658500000000002,-0.7356099999999994,-0.9619499999999999,0.0,-1.2380999999999975,-0.6189000000000178,-0.6188999999999911,0.0,0.0,0.0,0.0,0.0,1.1318999999999946,
0.12380000000000013,-0.5571100000000007,-0.8047200000000005,-0.5364800000000001,0.2888699999999993,-0.52813,0.5658500000000002,-0.09431000000000012,-0.7356099999999994,-0.92422,0.0,-0.6191999999999798,-0.6188999999999911,0.0,0.0,0.0,0.0,0.0,0.0,0.0,
0.12380000000000013,-0.57775,-0.8253500000000003,-0.5364800000000001,0.2888699999999993,-0.52813,0.5658500000000002,-0.09431000000000012,-0.7356099999999994,-0.92422,2.999999999886427E-4,-0.6186000000000025,0.0,2.999999999886427E-4,3.0000000001528804E-4,0.565800000000003,0.0,0.565800000000003,0.565800000000003,1.697400000000009,
0.12380999999999975,-0.5983700000000001,-0.8253500000000003,-0.5364700000000004,0.2888799999999998,-0.5092699999999999,0.5658500000000002,-0.07545000000000002,-0.7167499999999993,-0.8676399999999997,-0.6192000000000064,-0.6192000000000064,-1.2377999999999822,-1.2380999999999975,-0.6192000000000064,0.0,0.0,0.0,0.0,0.565800000000003,
0.10316999999999954,-0.6190100000000003,-0.8666099999999997,0.2682399999999996,-0.5777400000000004,-0.5092699999999999,0.5658500000000002,-0.07545000000000002,-0.8487799999999996,-0.7167499999999993,0.0,-0.6192000000000064,-3.0000000001528804E-4,0.6188999999999911,-0.6192000000000064,0.5660999999999916,0.5660999999999916,0.5660999999999916,0.5660999999999916,2.999999999886427E-4,
0.10316999999999954,-0.6396500000000005,-0.8666200000000002,0.2888699999999993,-0.5983800000000006,-0.49040000000000017,0.5847199999999999,-0.0565800000000003,-0.8299099999999999,-0.7167399999999997,0.6189000000000178,0.6189000000000178,0.6189000000000178,0.6189000000000178,2.6645352591003757E-14,0.0,-0.5660999999999916,0.0,0.0,0.0,
0.12380000000000013,-0.6190199999999999,-0.8459899999999996,0.3094999999999999,-0.5983799999999997,-0.49040000000000017,0.5658500000000002,-0.0565800000000003,-0.8299099999999999,-0.7167399999999997,-0.6192000000000064,-0.6188999999999911,-0.6189000000000178,-0.6188999999999911,0.0,0.0,0.0,0.0,0.565800000000003,0.0,
0.10315999999999992,-0.6396499999999996,0.2888700000000002,-0.8666200000000002,-0.5983799999999997,-0.49040000000000017,0.5658500000000002,-0.8110499999999998,-0.0565800000000003,-0.7167399999999997,3.0000000001528804E-4,-1.237800000000009,-0.6188999999999911,-1.8569999999999887,0.0,1.131600000000006,-0.565800000000003,1.6976999999999975,0.565800000000003,0.0,
0.10317000000000043,0.2682400000000005,-0.6809099999999999,-0.9285199999999998,-0.5983799999999997,-0.45267999999999997,-0.7544599999999999,0.5469900000000001,-0.0377200000000002,-0.7167399999999997,0.0,0.0,0.0,-0.6188999999999911,-0.6189000000000178,0.0,0.565800000000003,0.0,0.0,0.0,
0.10317000000000043,0.2682400000000005,-0.6809099999999999,-0.6190100000000003,-0.9491499999999995,-0.45267999999999997,-0.7355999999999998,0.5469900000000001,-0.7167399999999997,-0.0377200000000002,-0.6188999999999911,0.6192000000000064,-0.6188999999999911,-0.6188999999999911,-0.6189000000000178,0.0,-0.565800000000003,-0.565800000000003,-0.565800000000003,-0.565800000000003,
0.08254000000000072,0.2888800000000007,-0.7015399999999996,-0.9697800000000001,-0.63964,-0.45267999999999997,-0.7544599999999999,0.52813,-0.0565800000000003,-0.7355999999999998,-2.6645352591003757E-14,-3.0000000001528804E-4,-0.6192000000000064,-0.6192000000000064,0.0,0.0,0.565800000000003,-0.565800000000003,-1.1318999999999946,0.0,
0.08253999999999984,0.2888700000000002,-0.7221799999999998,-0.63964,-0.9904200000000003,-0.45267999999999997,-0.7355999999999998,0.5092699999999999,-0.7355999999999998,-0.09431000000000012,-3.0000000001528804E-4,-0.6189000000000178,0.0,0.6188999999999911,-0.6192000000000064,0.0,-0.565800000000003,0.0,0.0,0.0,
0.08252999999999933,0.2682399999999996,-0.7221799999999998,-0.6190100000000003,-1.0110600000000005,-0.45267999999999997,-0.7544599999999999,0.5092699999999999,-0.7355999999999998,-0.09431000000000012,0.0,0.0,-0.6189000000000178,0.0,-0.6188999999999911,0.565800000000003,0.565800000000003,-0.565800000000003,0.0,-0.565800000000003,
0.08252999999999933,0.2682399999999996,-0.7428100000000004,-0.6190100000000003,0.8872499999999999,-0.4338199999999999,-0.7355999999999998,0.4904099999999998,-0.7355999999999998,0.52813,-0.6188999999999645,-2.999999999886427E-4,-0.6191999999999798,-2.999999999886427E-4,-0.6191999999999798,0.0,0.0,0.0,0.0,0.565800000000003,
0.06190000000000051,0.26822999999999997,-0.7634499999999997,-0.6190199999999999,0.8666100000000005,-0.4338199999999999,-0.7355999999999998,0.4904099999999998,-0.7355999999999998,0.5469900000000001,0.0,0.0,-0.6192000000000064,-0.6188999999999911,-0.6189000000000178,2.999999999886427E-4,-1.131600000000006,-0.565800000000003,-0.565800000000003,-0.565800000000003,
0.06190000000000051,0.26822999999999997,-0.78409,-0.6396499999999996,0.84598,-0.43381000000000025,-0.77332,0.4715499999999997,-0.7544599999999999,0.52813,0.6188999999999911,0.6192000000000064,3.0000000001528804E-4,0.6192000000000064,1.2380999999999975,0.565800000000003,1.131600000000006,0.565800000000003,0.565800000000003,0.565800000000003,
0.08253000000000021,0.2888700000000002,-0.7840799999999994,-0.6190099999999994,0.8872499999999999,-0.41495000000000015,-0.7355999999999998,0.4904099999999998,-0.7355999999999998,0.5469900000000001,2.999999999886427E-4,-0.6188999999999911,-2.6645352591003757E-14,-2.6645352591003757E-14,0.0,-0.565800000000003,-1.131600000000006,-0.565800000000003,-0.565800000000003,-0.565800000000003,
0.08253999999999984,0.2682400000000005,-0.7840800000000003,-0.6190100000000003,0.8872499999999999,-0.43381000000000025,-0.77332,0.4715499999999997,-0.7544599999999999,0.52813,0.0,0.6191999999999798,-1.2380999999999975,0.0,-0.6188999999999911,0.565800000000003,0.0,0.565800000000003,0.565800000000003,0.565800000000003,
0.08253999999999984,0.2888799999999998,-0.8253500000000003,-0.6190100000000003,0.8666200000000002,-0.41495000000000015,-0.77332,0.4904099999999998,-0.7355999999999998,0.5469900000000001,-2.999999999886427E-4,-0.619499999999995,2.6645352591003757E-14,-2.999999999886427E-4,-2.999999999886427E-4,0.0,-0.565800000000003,0.0,0.565800000000003,0.0,
0.08253000000000021,0.26822999999999997,-0.6190199999999999,-0.8253499999999994,0.8666100000000005,-0.41495000000000015,-0.7921800000000001,-0.7167399999999997,0.4904099999999998,0.5469900000000001,2.999999999886427E-4,0.6191999999999798,2.999999999886427E-4,-0.6189000000000178,-0.6186000000000291,-0.5660999999999916,-1.1321999999999832,-2.999999999886427E-4,-2.999999999886427E-4,-0.5660999999999916,
0.08253999999999984,0.2888699999999993,-0.6190100000000003,-0.84598,0.8459899999999996,-0.4338199999999999,-0.8299199999999995,-0.7167499999999993,0.49040000000000017,0.5281200000000004,-2.999999999886427E-4,-0.6188999999999645,2.6645352591003757E-14,-0.6192000000000064,-2.999999999886427E-4,0.0,0.0,0.0,0.565800000000003,0.0,
0.08253000000000021,0.2682400000000005,-0.6190099999999994,0.84598,-0.8666200000000002,-0.4338199999999999,-0.8299199999999995,-0.7167499999999993,0.5281200000000004,0.5092600000000003,0.6192000000000064,0.6188999999999911,-2.6645352591003757E-14,0.6192000000000064,-0.6188999999999911,0.565800000000003,0.0,0.5660999999999916,0.0,0.565800000000003,
0.10317000000000043,0.2888700000000002,-0.6190100000000003,0.8666200000000002,-0.8872499999999999,-0.4149599999999998,-0.8299199999999995,-0.6978799999999996,0.5281200000000004,0.5281200000000004,-2.6645352591003757E-14,-0.6189000000000178,0.0,-0.6192000000000064,-0.6189000000000178,-0.565800000000003,-1.131600000000006,0.565800000000003,-1.131600000000006,0.0,
0.10316999999999954,0.2682399999999996,-0.6190100000000003,0.84598,-0.9078800000000005,-0.4338199999999999,-0.8676399999999997,-0.6790199999999995,0.49040000000000017,0.5281200000000004,0.6192000000000064,0.6192000000000064,0.6188999999999911,2.999999999886427E-4,2.6645352591003757E-14,0.0,-0.565800000000003,0.565800000000003,0.0,0.5660999999999916,
0.12380999999999975,-0.5983800000000006,0.2888799999999998,0.8459899999999996,-0.9078799999999996,-0.4338199999999999,-0.6601599999999994,-0.8864999999999998,0.49040000000000017,0.5469900000000001,-2.999999999886427E-4,-0.6191999999999798,0.6186000000000025,-2.999999999886427E-4,-0.6192000000000331,0.0,0.0,0.565800000000003,-0.565800000000003,0.0,
0.12380000000000013,-0.6190199999999999,0.3094999999999999,0.84598,0.0,-0.4338199999999999,-0.6601599999999994,-0.8676399999999997,0.47154000000000007,1.0562500000000004,0.6188999999999911,1.2380999999999975,0.0,0.0,1.2380999999999975,0.565800000000003,1.1315999999999793,0.0,0.0,0.565800000000003,
0.14442999999999984,-0.57775,0.3094999999999999,0.84598,0.04126999999999992,-0.4149599999999998,-0.6224400000000001,-0.8676399999999997,0.47154000000000007,1.0751100000000005,-0.6186000000000025,3.0000000001528804E-4,3.0000000001528804E-4,3.0000000001528804E-4,0.0,-0.565800000000003,0.0,0.0,-0.565800000000003,-0.565800000000003,
0.12380999999999975,-0.5777399999999995,0.3095100000000004,0.8459900000000005,0.04126999999999992,-0.4338199999999999,-0.6224400000000001,-0.8676399999999997,0.45267999999999997,1.0562500000000004,0.6189000000000178,0.0,1.237800000000009,0.6188999999999911,1.237800000000009,0.565800000000003,0.565800000000003,0.565800000000003,0.0,0.0,
0.14444000000000035,-0.5777399999999995,0.3507700000000007,0.8666200000000002,0.08253000000000021,-0.4149599999999998,-0.60358,-0.8487799999999996,0.45267999999999997,1.0562500000000004,0.0,0.0,0.6191999999999798,0.0,0.6192000000000064,-0.565800000000003,-0.565800000000003,-0.565800000000003,0.0,-0.565800000000003,
0.14444000000000035,-0.5777399999999995,0.37141,0.8666200000000002,0.10317000000000043,-0.4338199999999999,-0.6224400000000001,-0.8676399999999997,0.45267999999999997,1.0373900000000003,0.0,0.6188999999999645,0.0,0.0,0.0,0.0,0.565800000000003,0.565800000000003,0.0,0.0,
0.14444000000000035,-0.5571100000000007,0.37141,0.8666200000000002,0.10317000000000043,-0.4338199999999999,-0.60358,-0.8487799999999996,0.45267999999999997,1.0373900000000003,-3.0000000001528804E-4,0.6189000000000178,-3.0000000001528804E-4,-3.0000000001528804E-4,0.6188999999999645,0.0,0.0,1.1318999999999946,0.0,0.0,
0.14442999999999984,-0.5364800000000001,0.3713999999999995,0.8666099999999997,0.12379999999999924,-0.4338199999999999,-0.60358,-0.8110499999999998,0.45267999999999997,1.0373900000000003,3.0000000001528804E-4,0.0,3.0000000001528804E-4,3.0000000001528804E-4,2.6645352591003757E-14,-0.565800000000003,0.565800000000003,0.0,0.0,0.0,
0.14444000000000035,-0.5364800000000001,0.37141,0.8666200000000002,0.12380000000000013,-0.45267999999999997,-0.5847199999999999,-0.8110499999999998,0.45267999999999997,1.0373900000000003,0.6188999999999911,0.6192000000000064,1.2380999999999975,0.6188999999999911,1.2380999999999975,0.0,0.0,1.131600000000006,0.565800000000003,0.0,
0.16507000000000005,-0.5158399999999999,0.41267999999999994,0.8872499999999999,0.16507000000000005,-0.45267999999999997,-0.5847199999999999,-0.7733299999999996,0.47154000000000007,1.0373900000000003,0.6188999999999911,0.6188999999999645,-3.0000000001528804E-4,0.6188999999999911,0.0,0.0,0.0,0.565800000000003,0.0,0.0,
0.18569999999999975,-0.49521000000000104,0.4126699999999994,0.9078799999999996,0.16507000000000005,-0.45267999999999997,-0.5847199999999999,-0.7544699999999995,0.47154000000000007,1.0373900000000003,2.6645352591003757E-14,5.3290705182007514E-14,0.6192000000000331,-0.6188999999999645,0.6189000000000178,0.0,0.0,0.565800000000003,0.0,0.0,
0.18570000000000064,-0.49520999999999926,0.43331000000000053,0.8872500000000008,0.18570000000000064,-0.45267999999999997,-0.5847199999999999,-0.7356099999999994,0.47154000000000007,1.0373900000000003,0.6191999999999798,-2.6645352591003757E-14,0.6188999999999911,0.6191999999999798,0.6191999999999798,0.0,0.0,0.0,0.0,0.0,
0.20633999999999997,-0.49521000000000015,0.45394000000000023,0.9078900000000001,0.20633999999999997,-0.45267999999999997,-0.5847199999999999,-0.7356099999999994,0.47154000000000007,1.0373900000000003,0.0,3.0000000001528804E-4,2.999999999886427E-4,-0.6188999999999911,-0.6188999999999911,-0.5660999999999916,0.0,0.0,0.0,-0.5660999999999916,
0.20633999999999997,-0.49519999999999964,0.45394999999999985,0.8872600000000004,0.18571000000000026,-0.4715499999999997,-0.5847199999999999,-0.7356099999999994,0.47154000000000007,1.0185200000000005,0.6188999999999911,0.6186000000000025,0.6188999999999911,0.6185999999999758,0.6188999999999911,-0.565800000000003,-1.131600000000006,0.0,-0.565800000000003,-0.565800000000003,
0.22696999999999967,-0.47457999999999956,0.47457999999999956,0.9078799999999996,0.20633999999999997,-0.4904099999999998,-0.6224400000000001,-0.7356099999999994,0.45267999999999997,0.9996600000000004,0.6189000000000178,1.2380999999999975,1.237800000000009,2.6645352591003757E-14,0.0,0.0,0.0,1.1318999999999946,0.0,0.0,
0.24760000000000026,-0.43330999999999964,0.5158399999999999,0.9078800000000005,0.20633999999999997,-0.4904099999999998,-0.6224400000000001,-0.6978799999999996,0.45267999999999997,0.9996600000000004,-2.6645352591003757E-14,-2.6645352591003757E-14,0.0,0.6188999999999911,0.6188999999999911,2.999999999886427E-4,0.0,0.0,0.565800000000003,2.999999999886427E-4,
0.24759999999999938,-0.43331000000000053,0.5158399999999999,0.22696999999999967,-0.9697899999999997,-0.49040000000000017,-0.6224400000000001,-0.6978799999999996,0.9996700000000001,0.37722999999999995,0.6192000000000064,0.6188999999999911,0.6188999999999911,0.0,-2.6645352591003757E-14,-0.565800000000003,-0.565800000000003,-0.565800000000003,-0.565800000000003,-0.565800000000003,
0.2682399999999996,-0.4126800000000008,0.5364699999999996,0.22696999999999967,0.9285199999999998,-0.5092600000000003,-0.6413000000000002,-0.7167399999999997,0.98081,0.4338199999999999,0.0,-0.6188999999999911,-0.6188999999999911,0.0,-0.6192000000000064,0.0,-0.565800000000003,0.0,-0.5660999999999916,0.0,
0.2682399999999996,-0.43331000000000053,0.5158399999999999,0.22696999999999967,0.9078799999999996,-0.5092600000000003,-0.6601600000000003,-0.7167399999999997,0.9619400000000002,0.4338199999999999,-2.999999999886427E-4,1.2378000000000355,1.2380999999999975,0.6189000000000178,0.0,0.0,-0.565800000000003,-0.565800000000003,-0.565800000000003,-0.565800000000003,
0.26822999999999997,-0.39204999999999934,0.5571099999999998,0.24760000000000026,0.9078799999999996,-0.5092600000000003,-0.6790200000000004,-0.7355999999999998,0.9430800000000001,0.4149599999999998,0.6192000000000331,0.6192000000000064,2.6645352591003757E-14,0.0,2.6645352591003757E-14,0.0,0.565800000000003,0.0,-0.565800000000003,-0.565800000000003,
0.28887000000000107,-0.37140999999999913,0.5571100000000007,0.24760000000000026,0.9078800000000005,-0.5092600000000003,-0.6601600000000003,-0.7355999999999998,0.92422,0.3960999999999997,0.6191999999999531,-5.3290705182007514E-14,0.6188999999999645,0.6191999999999798,0.6191999999999798,-0.565800000000003,-0.565800000000003,-0.565800000000003,-0.565800000000003,-0.565800000000003,
0.3095099999999995,-0.3714100000000009,0.2682399999999996,0.5777399999999995,0.9285199999999998,-0.5281200000000004,-0.6790200000000004,0.9053599999999999,-0.7544599999999999,0.3772399999999996,2.6645352591003757E-14,0.6192000000000597,2.6645352591003757E-14,-0.6188999999999645,2.6645352591003757E-14,-0.5660999999999916,0.0,-0.5660999999999916,-0.5660999999999916,-0.5660999999999916,
0.3095100000000004,-0.3507699999999989,0.2682400000000005,0.5571100000000007,0.9285200000000007,-0.5469900000000001,-0.6790200000000004,0.8864900000000002,-0.7733299999999996,0.35836999999999986,0.6188999999999911,0.6188999999999645,0.6188999999999911,0.6188999999999645,0.6188999999999645,0.0,0.0,-0.565800000000003,0.0,-0.565800000000003,
0.3301400000000001,-0.3301400000000001,0.2888700000000002,0.5777399999999995,-0.5983800000000006,-0.5469900000000001,-0.6790200000000004,0.8676300000000001,-0.7733299999999996,0.7921899999999997,0.6188999999999645,0.0,0.6191999999999798,0.0,0.6192000000000064,-0.565800000000003,0.0,-1.131600000000006,-1.131600000000006,-1.1318999999999946,
0.3507699999999989,-0.3301400000000001,0.3095099999999995,-0.5777400000000004,0.9285199999999998,-0.5658500000000002,-0.6790200000000004,0.8299099999999999,0.7544599999999999,0.32064999999999966,0.6192000000000597,0.6192000000000064,0.6189000000000178,0.6189000000000178,0.6189000000000178,0.0,0.0,-0.565800000000003,-1.131600000000006,-0.5660999999999916,
0.3714100000000009,-0.3094999999999999,0.3301400000000001,-0.5571099999999998,0.5983800000000006,-0.5658500000000002,-0.6790200000000004,0.8110499999999998,0.7167399999999997,-0.7921899999999997,-3.000000000419334E-4,1.2377999999999822,0.0,-2.999999999886427E-4,0.6188999999999911,0.565800000000003,1.131600000000006,0.0,0.0,-0.565800000000003,
0.3713999999999995,-0.2682400000000005,0.3301400000000001,-0.5571199999999994,-0.9697899999999997,-0.5469900000000001,-0.6413000000000002,0.8110499999999998,0.7167399999999997,0.22633999999999954,3.000000000419334E-4,5.3290705182007514E-14,0.0,2.999999999886427E-4,-0.6188999999999645,0.0,0.0,-0.565800000000003,-0.565800000000003,0.0,
0.3714100000000009,-0.2682399999999987,0.3301400000000001,-0.5571099999999998,0.9491500000000004,-0.5469900000000001,-0.6413000000000002,0.7921899999999997,0.6978799999999996,0.30177999999999994,0.6188999999999645,1.238099999999971,0.6189000000000178,0.6188999999999645,-2.6645352591003757E-14,-0.565800000000003,0.0,-0.565800000000003,0.565800000000003,-0.565800000000003,
-0.22696999999999967,0.3920399999999997,0.3507700000000007,-0.536480000000001,0.9491499999999995,-0.6413000000000002,-0.5658500000000002,0.7733299999999996,0.7167399999999997,0.28291999999999984,0.6188999999999645,0.6189000000000178,0.0,0.6189000000000178,2.6645352591003757E-14,1.131600000000006,0.565800000000003,-1.1318999999999946,-0.565800000000003,-0.565800000000003,
-0.20634000000000086,0.4126700000000003,0.3507700000000007,-0.5158500000000004,0.9491500000000004,-0.60358,-0.5469900000000001,0.7355999999999998,0.6978799999999996,0.26405999999999974,5.3290705182007514E-14,0.0,0.6192000000000064,3.000000000419334E-4,0.6189000000000178,0.5660999999999916,-0.565800000000003,-0.565800000000003,0.0,-0.565800000000003,
-0.20633999999999908,0.4126700000000003,0.3714100000000009,-0.515839999999999,-0.9697899999999997,-0.5847100000000003,-0.5658500000000002,0.7167399999999997,0.6978799999999996,0.18860999999999972,-5.3290705182007514E-14,0.6192000000000064,-5.3290705182007514E-14,-5.3290705182007514E-14,2.999999999886427E-4,0.565800000000003,0.565800000000003,-0.565800000000003,0.0,0.0,
-0.20634000000000086,0.43331000000000053,0.37140999999999913,-0.5158400000000007,-0.9697800000000001,-0.5658500000000002,-0.5469900000000001,0.6978799999999996,0.6978799999999996,0.18860999999999972,1.2381000000000242,0.6188999999999645,0.6189000000000178,0.6189000000000178,0.6188999999999645,0.565800000000003,0.0,0.0,0.565800000000003,0.0,
-0.16507000000000005,0.45393999999999934,0.3920399999999997,-0.49521000000000015,-0.9491500000000013,-0.5469900000000001,-0.5469900000000001,0.6978799999999996,0.7167399999999997,0.18860999999999972,0.6189000000000178,0.0,0.0,0.0,-2.99999999935352E-4,0.0,0.0,-0.565800000000003,-0.565800000000003,-0.565800000000003,
-0.14443999999999946,0.45393999999999934,0.3920399999999997,-0.49521000000000015,-0.9491599999999991,-0.5469900000000001,-0.5469900000000001,0.6790199999999995,0.6978799999999996,0.16974999999999962,0.6192000000000064,0.6192000000000064,0.6192000000000064,0.0,1.2383999999999595,0.565800000000003,0.565800000000003,2.6645352591003757E-14,0.565800000000003,0.0,
-0.12379999999999924,0.47457999999999956,0.41267999999999994,-0.49521000000000015,-0.9078800000000005,-0.52813,-0.52813,0.6790200000000004,0.7167399999999997,0.16974999999999962,0.0,5.3290705182007514E-14,0.6189000000000178,0.0,5.3290705182007514E-14,0.565800000000003,0.0,0.0,0.0,-0.5657999999999763,
-0.12379999999999924,0.47458000000000133,0.43331000000000053,-0.49521000000000015,-0.9078799999999987,-0.5092699999999999,-0.52813,0.6790200000000004,0.7167399999999997,0.1508900000000004,-3.000000000419334E-4,0.6188999999999645,-2.999999999886427E-4,0.0,0.6188999999999645,0.0,0.565800000000003,0.0,0.0,0.0,
-0.12381000000000064,0.49521000000000015,0.4333000000000009,-0.49521000000000015,-0.8872499999999999,-0.5092699999999999,-0.5092699999999999,0.6790200000000004,0.7167399999999997,0.1508900000000004,0.6192000000000064,0.6188999999999645,0.6191999999999531,0.6188999999999645,0.6188999999999645,0.565800000000003,0.0,-0.5661000000000183,0.0,-0.565800000000003,
-0.10317000000000043,0.515839999999999,0.45393999999999934,-0.47458000000000133,-0.8666200000000011,-0.4904099999999998,-0.5092699999999999,0.6601499999999998,0.7167399999999997,0.1320300000000003,0.6192000000000064,5.3290705182007514E-14,0.0,3.000000000419334E-4,5.3290705182007514E-14,0.0,0.0,0.0,-0.565800000000003,-0.565800000000003,
-0.08253000000000021,0.5158400000000007,0.45393999999999934,-0.47456999999999994,-0.8666199999999993,-0.4904099999999998,-0.5092699999999999,0.6601499999999998,0.6978799999999996,0.11317000000000021,0.0,0.6191999999999531,0.0,0.6188999999999645,1.238099999999971,0.0,0.565800000000003,0.0,-0.5657999999999763,-0.5661000000000183,
-0.08253000000000021,0.5364799999999992,0.45393999999999934,-0.4539400000000011,-0.8253500000000003,-0.4904099999999998,-0.4904099999999998,0.6601499999999998,0.6790200000000004,0.0942999999999996,0.6188999999999645,0.6189000000000178,0.6189000000000178,0.6189000000000178,0.6188999999999645,0.0,0.0,0.0,0.0,-0.5657999999999763,
-0.0619000000000014,0.5571099999999998,-0.43331000000000053,-0.8047200000000014,0.47456999999999994,-0.4904099999999998,-0.4904099999999998,0.6790200000000004,0.0754400000000004,0.6601499999999998,0.6189000000000178,0.0,0.6192000000000064,0.6192000000000597,0.6192000000000064,0.0,0.565800000000003,0.0,-0.565800000000003,0.0,
-0.041270000000000806,0.5571099999999998,-0.7840799999999994,-0.4126700000000003,0.49521000000000015,-0.4904099999999998,-0.4715499999999997,0.0565800000000003,0.6790200000000004,0.6601499999999998,-1.238099999999971,0.0,0.0,-2.999999999886427E-4,-0.6192000000000064,0.0,0.5660999999999916,0.0,0.0,0.0,
-0.08253999999999984,0.5571099999999998,-0.7840799999999994,-0.41267999999999994,0.47456999999999994,-0.4904099999999998,-0.45267999999999997,0.0565800000000003,0.6790200000000004,0.6601499999999998,0.6192000000000064,0.6189000000000178,0.6176999999999566,2.999999999886427E-4,2.999999999886427E-4,-0.565800000000003,-0.565800000000003,-1.131600000000006,-0.565800000000003,-0.565800000000003,
-0.06189999999999962,0.5777400000000004,-0.7634900000000009,-0.4126700000000003,0.47457999999999956,-0.5092699999999999,-0.47154000000000007,0.0188600000000001,0.6601600000000003,0.6412899999999997,-5.3290705182007514E-14,0.6191999999999531,1.23899999999999,0.6188999999999645,0.6188999999999645,-0.565800000000003,0.0,-0.565800000000003,-1.1319000000000212,3.0000000001528804E-4,
-0.0619000000000014,-0.7221900000000012,-0.3920400000000015,0.5983799999999988,0.4952099999999984,-0.52813,0.0,0.6224299999999996,-0.47154000000000007,0.6413000000000002,-2.999999999886427E-4,9.000000000192188E-4,-2.99999999935352E-4,-0.6191999999999531,-0.6191999999999531,-0.565800000000003,-0.565800000000003,-1.131600000000006,0.0,-0.5661000000000183,
-0.06191000000000102,-0.39204999999999934,-0.7221600000000006,0.5777400000000004,0.47456999999999994,-0.5469900000000001,0.5847099999999994,-0.0188600000000001,-0.47154000000000007,0.6224299999999996,-0.6188999999999645,0.6192000000000064,-8.999999999659281E-4,0.0,0.0,0.0,-0.5657999999999763,0.0,0.0,0.0,
-0.08253999999999984,-0.37140999999999913,-0.7221899999999994,0.5777400000000004,0.47456999999999994,-0.5469900000000001,0.5658500000000002,-0.0188600000000001,-0.47154000000000007,0.6224299999999996,3.000000000419334E-4,-0.6189000000000178,0.0012000000000078614,2.999999999886427E-4,-0.6185999999999758,-0.565800000000003,-0.565800000000003,-0.565800000000003,-0.565800000000003,-0.565800000000003,
-0.08252999999999844,-0.3920399999999997,-0.7221499999999992,0.45395000000000074,0.57775,-0.5658500000000002,0.5469900000000001,-0.0377200000000002,0.6035699999999995,-0.49040000000000017,-5.3290705182007514E-14,0.6188999999999645,0.6188999999999645,0.6188999999999645,0.6188999999999645,0.0,-0.565800000000003,0.0,0.0,0.0,
-0.08253000000000021,-0.3714100000000009,-0.7015200000000004,0.47457999999999956,0.5983799999999988,-0.5658500000000002,0.52813,-0.0377200000000002,0.6035699999999995,-0.49040000000000017,-2.999999999886427E-4,0.0,0.0,-2.999999999886427E-4,0.0,-0.565800000000003,-1.6976999999999975,-1.131600000000006,-1.131600000000006,-0.565800000000003,
-0.08253999999999984,-0.3714100000000009,-0.7015200000000004,0.47456999999999994,0.5983799999999988,-0.5847100000000003,0.47154000000000007,-0.0754400000000004,0.5658499999999993,-0.5092600000000003,-0.6189000000000178,0.0,-0.0020999999999737895,0.0,-2.999999999886427E-4,0.0,-0.565800000000003,0.0,0.0,0.565800000000003,
-0.3714100000000009,-0.10317000000000043,-0.7015899999999995,0.47456999999999994,0.5983699999999992,0.45267999999999997,-0.5847100000000003,-0.0754400000000004,0.5658499999999993,-0.49040000000000017,5.3290705182007514E-14,5.3290705182007514E-14,0.00210000000002708,0.6192000000000064,3.000000000419334E-4,2.6645352591003757E-14,-0.5657999999999763,-0.5657999999999763,-1.1315999999999793,-0.5657999999999763,
-0.37140999999999913,-0.10316999999999865,-0.7015199999999986,0.49521000000000015,0.5983800000000006,0.45268000000000086,-0.6035699999999995,-0.0942999999999996,0.52813,-0.5092599999999994,2.99999999935352E-4,2.99999999935352E-4,-0.0018000000000917282,-5.3290705182007514E-14,-5.3290705182007514E-14,-0.565800000000003,0.0,0.0,0.0,0.0,
-0.3714000000000013,-0.1031600000000008,-0.7015800000000016,0.4952099999999984,0.5983799999999988,0.43382000000000076,-0.6035699999999995,-0.0942999999999996,0.52813,-0.5092599999999994,-0.6191999999999531,-2.999999999886427E-4,-0.6170999999999793,-0.6188999999999645,5.3290705182007514E-14,0.0,0.565800000000003,0.0,-0.5657999999999763,0.0,
-0.3920399999999997,-0.10317000000000043,0.47457999999999956,-0.722150000000001,0.5983800000000006,0.43382000000000076,-0.5847099999999994,0.5092700000000008,-0.0942999999999996,-0.5092599999999994,-0.0012000000000078614,5.3290705182007514E-14,0.6189000000000178,-8.999999999659281E-4,0.0,-0.5661000000000183,-0.5661000000000183,-1.1319000000000212,-3.0000000001528804E-4,-0.5661000000000183,
-0.39208,-0.10316999999999865,0.49521000000000015,-0.7221799999999998,0.5983800000000006,0.41495000000000015,-0.60358,0.47154000000000007,-0.09431000000000012,-0.52813,0.0017999999999851468,-0.6192000000000597,0.0,-0.6192000000000064,-0.6192000000000064,0.5661000000000183,0.5661000000000183,3.0000000001528804E-4,0.5661000000000183,3.0000000001528804E-4,
-0.3920200000000005,-0.12381000000000064,0.49521000000000015,-0.74282,0.5777400000000004,0.43382000000000076,-0.5847099999999994,0.4715500000000006,-0.07543999999999951,-0.5281199999999995,-0.0017999999999851468,0.6192000000000064,0.0,-0.6197999999999837,2.999999999886427E-4,0.0,0.565800000000003,0.0,0.0,0.0,
-0.10317000000000043,-0.39208,0.49521000000000015,-0.7634799999999995,0.57775,-0.5658499999999993,0.43382000000000076,0.4715500000000006,-0.07543999999999951,-0.5281199999999995,-0.6188999999999645,-0.6179999999999986,-0.6189000000000178,-0.6179999999999986,-0.6192000000000064,-0.5661000000000183,-3.0000000001528804E-4,-1.1322000000000099,-3.0000000001528804E-4,-3.0000000001528804E-4,
-0.12379999999999924,-0.41267999999999994,0.47457999999999956,0.5571099999999998,-0.7840799999999994,-0.5847199999999999,0.43381000000000025,0.43381000000000025,-0.52813,-0.07545000000000002,-0.6189000000000711,-9.000000000192188E-4,0.0,2.999999999886427E-4,-9.000000000192188E-4,1.1322000000000099,3.0000000001528804E-4,3.0000000001528804E-4,3.0000000001528804E-4,0.5661000000000183,
-0.1444300000000016,-0.4127100000000006,0.47457999999999956,0.5571199999999994,-0.7841100000000001,-0.5469799999999996,0.43382000000000076,0.43382000000000076,-0.5281199999999995,-0.05657999999999941,-2.99999999935352E-4,-0.6191999999999531,-2.999999999886427E-4,-2.999999999886427E-4,-1.237200000000005,0.565800000000003,1.1318999999999946,-0.565800000000003,0.0,0.565800000000003,
-0.14443999999999946,0.47456999999999994,-0.433349999999999,0.5571099999999998,-0.8253500000000003,-0.5281199999999995,0.41496000000000066,0.4715500000000006,-0.5281199999999995,-0.03771999999999931,-0.6189000000000178,3.000000000419334E-4,-0.6167999999999907,0.0,-0.6197999999999837,0.0,-0.565800000000003,0.0,0.0,-0.565800000000003,
-0.16507000000000005,0.47458000000000133,-0.4539099999999987,0.5571099999999998,-0.8460099999999997,-0.5281199999999995,0.39610000000000056,0.4715500000000006,-0.5281199999999995,-0.05657999999999941,-0.6188999999999645,-0.6189000000000178,-0.6210000000000448,-0.6188999999999645,-0.6179999999999986,0.565800000000003,0.0,0.565800000000003,0.565800000000003,0.565800000000003,
-0.18569999999999887,0.45395000000000074,-0.4746100000000002,0.536480000000001,-0.8666099999999997,-0.5092599999999994,0.39610000000000056,0.4904100000000007,-0.5092599999999994,-0.03771999999999931,-0.6195000000000483,-3.000000000419334E-4,0.0017999999999851468,-3.000000000419334E-4,-0.0012000000000078614,0.5657999999999763,0.5657999999999763,-2.6645352591003757E-14,0.5657999999999763,-2.6645352591003757E-14,
-0.20635000000000048,0.45393999999999934,-0.4745500000000007,0.5364699999999996,-0.8666499999999999,-0.49040000000000017,0.4149599999999998,0.4904099999999998,-0.49040000000000017,-0.0377200000000002,0.0,-0.6192000000000064,-0.6209999999999916,-0.6188999999999645,-0.6179999999999986,0.565800000000003,0.0,1.131600000000006,0.0,0.0,
-0.20635000000000048,0.43329999999999913,0.5158400000000007,-0.4952500000000004,0.8872499999999999,-0.47154000000000007,0.4149599999999998,-0.49040000000000017,0.52813,0.01885999999999921,-0.6177000000000099,2.999999999886427E-4,2.99999999935352E-4,-0.6177000000000099,0.0,0.565800000000003,0.0,0.565800000000003,0.565800000000003,0.565800000000003,
-0.2269400000000008,0.43330999999999875,0.5158499999999986,-0.5158400000000007,0.8872499999999999,-0.45267999999999997,0.4149599999999998,-0.47154000000000007,0.5469900000000001,0.03771999999999931,0.0,0.0,-0.6192000000000064,0.0,0.0,0.0,0.0,0.0,0.0,0.0,
-0.2269400000000008,0.43330999999999875,0.4952099999999984,-0.5158400000000007,0.8872499999999999,-0.45267999999999997,0.4149599999999998,-0.47154000000000007,0.5469900000000001,0.03771999999999931,-0.0020999999999737895,5.3290705182007514E-14,5.3290705182007514E-14,9.000000000192188E-4,0.0,1.131600000000006,0.565800000000003,1.131600000000006,0.565800000000003,0.565800000000003,
-0.22700999999999993,0.43331000000000053,0.49521000000000015,-0.5158100000000001,-0.08253000000000021,-0.4149599999999998,0.4338199999999999,-0.4338199999999999,0.5658500000000002,-0.8676399999999997,-0.6188999999999645,0.0,0.0,-8.999999999659281E-4,0.6177000000000099,0.0,0.0,0.0,0.0,0.0,
-0.24763999999999875,0.43331000000000053,0.49521000000000015,-0.515839999999999,0.8666200000000011,-0.4149599999999998,0.4338199999999999,-0.4338199999999999,0.5658500000000002,0.05657999999999941,0.0,-0.6189000000000178,0.0,0.0,0.0,0.0,0.0,0.565800000000003,0.0,0.0,
-0.24763999999999875,0.41267999999999994,0.49521000000000015,-0.515839999999999,0.8666200000000011,-0.4149599999999998,0.4338199999999999,-0.4149599999999998,0.5658500000000002,0.05657999999999941,-0.6192000000000597,-2.999999999886427E-4,-0.6192000000000064,-0.6192000000000064,-3.000000000419334E-4,0.0,0.565800000000003,0.0,0.0,1.1319000000000212,
-0.26828000000000074,0.4126700000000003,0.47456999999999994,-0.5364799999999992,-0.10318000000000005,-0.4149599999999998,0.45267999999999997,-0.4149599999999998,0.5658500000000002,-0.8299099999999999,-0.6155999999999828,0.0014999999999965041,0.0014999999999965041,0.6204000000000143,0.002400000000015723,0.0,0.565800000000003,0.0,0.0,0.0,
-0.28880000000000017,0.4127200000000002,0.4746199999999998,-0.5157999999999987,-0.10309999999999953,-0.4149599999999998,0.47154000000000007,-0.4149599999999998,0.5658500000000002,-0.8299099999999999,-0.0029999999999930083,-0.0020999999999737895,-0.0020999999999737895,-0.003000000000046299,0.6150000000000055,0.0,0.0,0.565800000000003,-0.565800000000003,0.565800000000003,
-0.28889999999999993,0.4745500000000007,0.41265000000000107,-0.5159000000000002,-0.08259999999999934,-0.4149599999999998,-0.3960999999999997,0.47154000000000007,0.5469900000000001,-0.8110499999999998,-0.6179999999999986,0.0,-0.6189000000000178,-0.6179999999999986,-0.6179999999999986,-0.565800000000003,-0.565800000000003,0.0,-0.565800000000003,0.0,
-0.3094999999999999,0.3920200000000005,0.4745500000000007,-0.5365000000000002,-0.10319999999999929,-0.4338199999999999,0.47154000000000007,-0.4149599999999998,0.52813,-0.8110499999999998,0.6209999999999916,0.0017999999999851468,-0.6171000000000326,0.0029999999999930083,0.0029999999999930083,0.0,0.565800000000003,0.565800000000003,-2.999999999886427E-4,0.565800000000003,
-0.28880000000000017,0.4539799999999996,0.39208,-0.5364000000000004,-0.10309999999999953,-0.4338199999999999,-0.3960999999999997,0.49040000000000017,0.5281200000000004,-0.7921899999999997,-0.0029999999999930083,-0.0017999999999851468,-0.0020999999999737895,0.6150000000000055,-0.0029999999999930083,-0.565800000000003,-0.565800000000003,0.0,-1.697400000000009,0.5657999999999763,
-0.28889999999999993,0.4539200000000001,0.39201000000000086,-0.5159000000000002,-0.10319999999999929,-0.45267999999999997,-0.4149599999999998,0.49040000000000017,0.47154000000000007,-0.7733300000000005,0.0,8.999999999659281E-4,0.0011999999999545707,0.6209999999999916,-5.3290705182007514E-14,-0.565800000000003,0.0,0.0,-1.131600000000006,0.0,
-0.28889999999999993,0.45394999999999897,0.39204999999999934,-0.49520000000000053,-0.10320000000000107,-0.47154000000000007,-0.4149599999999998,0.49040000000000017,0.4338199999999999,-0.7733300000000005,0.0,-0.0011999999999545707,-0.0012000000000078614,0.0,0.0,0.0,0.5657999999999763,0.565800000000003,-0.565800000000003,0.565800000000003,
-0.28889999999999993,0.4539100000000005,0.3920099999999991,-0.49520000000000053,-0.10320000000000107,-0.47154000000000007,-0.39610000000000056,0.5092600000000003,0.4149599999999998,-0.7544700000000004,-0.6179999999999986,0.6209999999999916,0.6209999999999916,0.6209999999999916,0.6209999999999916,-0.565800000000003,-0.565800000000003,-0.565800000000003,-0.565800000000003,-0.565800000000003,
-0.3094999999999999,-0.4745000000000008,0.4746100000000002,0.4127099999999988,-0.08250000000000135,-0.49040000000000017,0.3960999999999997,-0.41496000000000066,0.49040000000000017,-0.7733300000000005,0.0,-0.0029999999999930083,-0.0018000000000384375,-0.0017999999999851468,0.6179999999999986,-0.565800000000003,-0.5660999999999916,0.0,0.0,0.0,
-0.3094999999999999,-0.4746000000000006,0.4745499999999989,0.4126499999999993,-0.0619000000000014,-0.5092600000000003,0.37722999999999995,-0.41496000000000066,0.49040000000000017,-0.7733300000000005,0.0,5.3290705182007514E-14,-0.6179999999999453,9.000000000192188E-4,-0.6179999999999453,-1.1318999999999946,-2.263200000000012,-0.565800000000003,-0.565800000000003,0.0,
-0.4745999999999988,0.41267999999999994,0.45395000000000074,-0.3094999999999999,-0.08249999999999957,0.30178999999999956,0.47154000000000007,-0.43382000000000076,-0.5469900000000001,-0.7733300000000005,0.0029999999999930083,9.000000000192188E-4,0.6197999999999837,0.6209999999999916,0.6179999999999986,0.0,0.0,2.6645352591003757E-14,0.0,0.0,
-0.47449999999999903,-0.28880000000000017,0.4127100000000006,0.4746100000000002,-0.06189999999999962,0.30178999999999956,-0.5469900000000001,0.47154000000000007,-0.4338199999999999,-0.7733300000000005,0.6179999999999986,0.6179999999999986,0.6179999999999986,-9.000000000192188E-4,0.0,-0.565800000000003,0.0,0.0,-2.6645352591003757E-14,0.0,
-0.4538999999999991,-0.2682000000000002,0.43331000000000053,0.47457999999999956,-0.06189999999999962,0.28292999999999946,-0.5469900000000001,0.47154000000000007,-0.43382000000000076,-0.7733300000000005,-0.0029999999999930083,-0.0029999999999930083,-9.000000000192188E-4,-0.0011999999999545707,0.6179999999999986,-0.565800000000003,0.0,0.0,-0.5657999999999763,0.0,
-0.45399999999999885,-0.2683,0.4332799999999999,0.47454000000000107,-0.04129999999999967,0.26406999999999936,-0.5469900000000001,0.47154000000000007,-0.45267999999999997,-0.7733300000000005,-0.6150000000000588,-0.6150000000000055,0.0017999999999851468,0.0020999999999737895,0.0029999999999930083,0.0,-0.565800000000003,-0.565800000000003,0.0,0.0,
-0.4745000000000008,0.4333399999999994,-0.28880000000000017,0.4746100000000002,-0.0411999999999999,0.26406999999999936,0.45267999999999997,-0.5658500000000002,-0.45267999999999997,-0.7733300000000005,0.0,-0.0012000000000078614,0.0,0.0,-0.6209999999999916,-0.5660999999999916,0.0,0.0,0.5657999999999763,0.0,
-0.4745000000000008,0.43329999999999913,-0.28880000000000017,0.4746100000000002,-0.06189999999999962,0.24519999999999964,0.45267999999999997,-0.5658500000000002,-0.43382000000000076,-0.7733300000000005,0.0,0.0,0.6179999999999986,0.0,0.0,0.0,0.565800000000003,0.565800000000003,0.0,0.0,
-0.4745000000000008,-0.2682000000000002,0.43329999999999913,0.4746100000000002,-0.06189999999999962,0.24519999999999964,-0.5469900000000001,0.47154000000000007,-0.43382000000000076,-0.7733300000000005,-0.0029999999999930083,-0.0029999999999930083,0.0,0.6170999999999793,0.6179999999999986,-0.565800000000003,-0.565800000000003,-0.565800000000003,0.0,-0.565800000000003,
-0.4746000000000006,-0.2683,0.43329999999999913,0.4951799999999995,-0.04129999999999967,0.22633999999999954,-0.5658500000000002,0.45267999999999997,-0.43382000000000076,-0.7921900000000006,-0.6179999999999986,-0.6150000000000055,0.0,-0.6174000000000213,0.0029999999999930083,0.565800000000003,0.565800000000003,0.0,0.0,0.0,
-0.49520000000000053,-0.28880000000000017,0.43329999999999913,0.4745999999999988,-0.0411999999999999,0.24519999999999964,-0.5469900000000001,0.45267999999999997,-0.43382000000000076,-0.7921900000000006,0.0,-0.0029999999999930083,0.0,0.0,-0.6210000000000448,-0.565800000000003,0.0,0.0,2.6645352591003757E-14,0.0,
-0.49520000000000053,-0.28889999999999993,0.43329999999999913,0.4745999999999988,-0.0619000000000014,0.22633999999999954,-0.5469900000000001,0.45267999999999997,-0.4338199999999999,-0.7921900000000006,-0.6179999999999453,0.0029999999999930083,-0.6179999999999453,5.3290705182007514E-14,5.3290705182007514E-14,0.0,1.131600000000006,0.0,0.565800000000003,0.565800000000003,
-0.5157999999999987,-0.28880000000000017,0.41270000000000095,0.4746000000000006,-0.06189999999999962,0.22633999999999954,-0.5092699999999999,0.45267999999999997,-0.4149599999999998,-0.7733300000000005,-0.6210000000000448,-0.0029999999999930083,0.0,-0.6209999999999916,-0.6179999999999986,1.131600000000006,0.565800000000003,0.565800000000003,1.1315999999999793,2.6645352591003757E-14,
-0.28889999999999993,0.45390000000000086,-0.5365000000000002,0.41270000000000095,-0.08249999999999957,-0.4904099999999998,-0.37724000000000046,0.26405999999999974,0.47154000000000007,-0.7733299999999996,-0.6179999999999986,0.0,0.0,-0.0029999999999930083,-0.0029999999999930083,0.0,0.0,-0.565800000000003,0.565800000000003,0.0,
-0.3094999999999999,-0.5365000000000002,0.45390000000000086,0.4126000000000012,-0.08259999999999934,-0.4904099999999998,0.24519999999999964,-0.37724000000000046,0.49040000000000017,-0.7733299999999996,-0.6209999999999916,-0.6179999999999986,0.0,-0.6179999999999986,0.6209999999999916,0.5660999999999916,0.565800000000003,0.0,0.0,0.0,
-0.3301999999999996,0.45390000000000086,-0.5571000000000002,0.39200000000000124,-0.06189999999999962,-0.47154000000000007,-0.37724000000000046,0.26405999999999974,0.49040000000000017,-0.7733299999999996,0.6209999999999916,0.0029999999999930083,-0.6179999999999986,0.0029999999999930083,-0.6179999999999986,0.565800000000003,0.565800000000003,-0.565800000000003,0.565800000000003,0.565800000000003,
-0.3094999999999999,0.4540000000000006,-0.5777000000000001,0.392100000000001,-0.08249999999999957,-0.45267999999999997,-0.35838000000000036,0.24519999999999964,0.5092600000000003,-0.7544699999999995,0.0,-0.6209999999999916,-0.6209999999999916,-0.6210000000000448,-0.0029999999999930083,0.565800000000003,1.1318999999999946,0.0,1.1318999999999946,1.1318999999999946,
-0.3094999999999999,0.4333000000000009,-0.5983999999999998,0.3713999999999995,-0.08259999999999934,-0.4338199999999999,-0.32065000000000055,0.24519999999999964,0.5469900000000001,-0.7167399999999997,0.0,-5.3290705182007514E-14,0.0029999999999930083,0.0,0.0029999999999930083,0.565800000000003,0.565800000000003,0.0,0.565800000000003,0.565800000000003,
-0.3094999999999999,0.43329999999999913,-0.5983,0.3713999999999995,-0.08249999999999957,-0.4149599999999998,-0.30179000000000045,0.24519999999999964,0.5658500000000002,-0.6978799999999996,-1.23899999999999,-0.6179999999999986,-0.6209999999999916,-0.6179999999999986,0.0,0.0,0.565800000000003,0.565800000000003,0.565800000000003,0.565800000000003,
0.4126999999999992,-0.35079999999999956,-0.6189999999999998,0.35079999999999956,-0.08249999999999957,-0.28293000000000035,-0.4149599999999998,0.26405999999999974,0.5847100000000003,-0.6790199999999995,-0.0029999999999930083,0.0,0.0,-0.0029999999999930083,-0.6210000000000448,0.565800000000003,0.565800000000003,0.0,0.565800000000003,0.565800000000003,
0.4125999999999994,-0.35079999999999956,-0.10320000000000107,-0.6189999999999998,0.3506999999999998,-0.26407000000000025,-0.3960999999999997,-0.6601599999999994,0.26405999999999974,0.6035700000000004,0.0,-0.6179999999999986,0.0,0.0,-0.6179999999999986,0.565800000000003,0.565800000000003,0.565800000000003,2.6645352591003757E-14,0.565800000000003,
0.4125999999999994,-0.3713999999999995,-0.10320000000000107,-0.6189999999999998,0.33009999999999984,-0.24521000000000015,-0.3772399999999996,-0.6412999999999993,0.2640600000000006,0.6224300000000005,0.0029999999999930083,0.6179999999999453,0.6209999999999916,0.0,-0.6179999999999986,0.0,-0.565800000000003,0.0,-0.565800000000003,0.565800000000003,
0.4126999999999992,-0.35080000000000133,-0.08250000000000135,-0.6189999999999998,0.3094999999999999,-0.24521000000000015,-0.3960999999999997,-0.6412999999999993,0.24520000000000053,0.6412900000000006,-0.6209999999999916,-0.6179999999999986,-0.0029999999999930083,-0.003000000000046299,-0.6209999999999916,3.0000000001528804E-4,2.999999999886427E-4,0.5660999999999916,-0.5658000000000296,0.5660999999999916,
0.39199999999999946,-0.3714000000000013,-0.08260000000000112,-0.6191000000000013,0.28880000000000017,-0.24519999999999964,-0.39609000000000005,-0.6224299999999996,0.22633999999999954,0.6601600000000003,-0.6179999999999986,-0.6179999999999986,-0.6150000000000055,0.0029999999999930083,-0.6150000000000055,0.0,0.0,0.0,-0.5657999999999763,0.565800000000003,
0.3713999999999995,-0.39200000000000124,-0.1031000000000013,-0.6190000000000015,0.2683,-0.24519999999999964,-0.39609000000000005,-0.6224299999999996,0.20748000000000033,0.6790200000000004,0.0,0.0,0.0,0.0,-0.6210000000000448,0.0,0.0,0.0,0.0,0.0,
0.3713999999999995,-0.39200000000000124,-0.1031000000000013,-0.6190000000000015,0.2475999999999985,-0.24519999999999964,-0.39609000000000005,-0.6224299999999996,0.20748000000000033,0.6790200000000004,-0.6179999999999986,0.0,-0.6209999999999916,0.0,-0.6179999999999986,0.0,0.0,0.565800000000003,-0.565800000000003,0.565800000000003,
0.35079999999999956,-0.39200000000000124,-0.12380000000000102,-0.6190000000000015,0.22699999999999854,-0.24519999999999964,-0.39609000000000005,-0.6035699999999995,0.18862000000000023,0.6978800000000005,5.3290705182007514E-14,5.3290705182007514E-14,0.6180000000000518,5.3290705182007514E-14,-0.6209999999999383,0.0,-0.565800000000003,0.0,-1.131600000000006,0.5660999999999916,
0.35080000000000133,-0.39199999999999946,-0.10319999999999929,-0.6189999999999998,0.2063000000000006,-0.24519999999999964,-0.41495000000000015,-0.6035699999999995,0.15090000000000003,0.7167500000000002,-0.6179999999999986,0.6179999999999986,0.0029999999999930083,0.0,-0.6179999999999986,-0.565800000000003,-0.5660999999999916,-0.565800000000003,-1.1318999999999946,0.0,
0.3302000000000014,-0.3713999999999995,-0.6189999999999998,-0.10309999999999953,0.18570000000000064,-0.26405999999999974,-0.4338199999999999,0.11317000000000021,-0.6224299999999996,0.7167500000000002,0.6179999999999986,-0.6179999999999986,0.6179999999999986,0.0,0.0,0.565800000000003,-0.565800000000003,0.0,0.0,0.0,
0.35080000000000133,-0.39199999999999946,-0.5983999999999998,-0.10309999999999953,0.18570000000000064,-0.24519999999999964,-0.45267999999999997,0.11317000000000021,-0.6224299999999996,0.7167500000000002,-0.6179999999999986,0.0,-0.6179999999999986,0.0,-0.6179999999999986,-0.565800000000003,-0.565800000000003,-0.565800000000003,0.0,0.0,
0.3302000000000014,-0.39199999999999946,-0.6189999999999998,-0.10309999999999953,0.1651000000000007,-0.26405999999999974,-0.47154000000000007,0.09431000000000012,-0.6224299999999996,0.7167500000000002,0.6179999999999986,0.0,0.0,-0.0029999999999930083,0.0,0.565800000000003,-0.565800000000003,-1.131600000000006,-0.565800000000003,0.0,
0.35080000000000133,-0.6189999999999998,-0.39199999999999946,-0.10319999999999929,0.1651000000000007,-0.24519999999999964,0.05658999999999992,-0.49040000000000017,-0.6412899999999997,0.7167500000000002,0.6179999999999453,0.0,0.6179999999999986,0.0,0.0,-0.565800000000003,-1.1318999999999946,-0.565800000000003,-0.565800000000003,-0.5660999999999916,
0.3713999999999995,-0.6189999999999998,-0.3713999999999995,-0.10319999999999929,0.1651000000000007,-0.26405999999999974,0.0188600000000001,-0.5092600000000003,-0.6601499999999998,0.6978800000000005,-1.23899999999999,-0.0029999999999930083,0.0,0.6179999999999986,-0.0029999999999930083,-1.131600000000006,-0.565800000000003,-0.565800000000003,-0.5660999999999916,-0.565800000000003,
0.33009999999999984,-0.6190999999999995,-0.3713999999999995,-0.08259999999999934,0.16500000000000092,-0.30177999999999994,0.0,-0.5281200000000004,-0.6790199999999995,0.6790200000000004,-0.6179999999999986,-0.6179999999999986,0.0,0.0029999999999930083,0.0029999999999930083,-0.565800000000003,0.0,-1.1318999999999946,-0.565800000000003,-0.565800000000003,
0.3094999999999999,-0.6396999999999995,-0.3713999999999995,0.1651000000000007,-0.08249999999999957,-0.32064000000000004,0.0,-0.5658500000000002,0.6601600000000003,-0.6978799999999996,0.0,-0.6179999999999986,0.0,-0.6210000000000448,-0.6209999999999916,-0.5660999999999916,-1.131600000000006,0.0,0.0,-0.565800000000003,
0.3094999999999999,-0.6602999999999994,0.1443999999999992,-0.3713999999999995,-0.10319999999999929,-0.33950999999999976,-0.0377200000000002,0.6601600000000003,-0.5658500000000002,-0.7167399999999997,0.6179999999999986,0.6179999999999986,0.6209999999999916,0.6179999999999986,0.6209999999999916,0.565800000000003,0.565800000000003,0.0,0.0,0.0,
0.33009999999999984,-0.6396999999999995,-0.35079999999999956,0.16509999999999891,-0.08249999999999957,-0.32064999999999966,-0.0188600000000001,-0.5658500000000002,0.6601600000000003,-0.7167399999999997,0.0029999999999930083,-0.6180000000000518,-5.3290705182007514E-14,0.0,0.6179999999999453,-0.565800000000003,-0.565800000000003,-0.565800000000003,-0.565800000000003,-0.565800000000003,
0.3301999999999996,-0.6603000000000012,0.16509999999999891,-0.35080000000000133,-0.0619000000000014,-0.33950999999999976,-0.0377200000000002,0.6413000000000002,-0.5847100000000003,-0.7355999999999998,-0.6209999999999916,-1.23899999999999,-0.6209999999999916,-0.6209999999999916,-0.6209999999999916,-0.565800000000003,0.565800000000003,-0.565800000000003,-0.565800000000003,0.0,
0.3094999999999999,0.1443999999999992,-0.7016000000000009,-0.37150000000000105,-0.08260000000000112,-0.35836999999999986,0.6224400000000001,-0.0188600000000001,-0.6035700000000004,-0.7355999999999998,0.6179999999999986,0.0,0.0,0.6209999999999916,0.6209999999999916,0.0,-0.565800000000003,-0.565800000000003,2.6645352591003757E-14,-0.565800000000003,
0.33009999999999984,0.1443999999999992,-0.35080000000000133,-0.7016000000000009,-0.0619000000000014,-0.35836999999999986,0.60358,-0.6035699999999995,-0.0377200000000002,-0.7544599999999999,0.0,-0.6179999999999986,-0.6179999999999986,-0.6179999999999986,0.0,0.565800000000003,-2.999999999886427E-4,0.0,0.565800000000003,0.565800000000003,
0.33009999999999984,0.12379999999999924,-0.3714000000000013,-0.7222000000000008,-0.0619000000000014,-0.33950999999999976,0.6035700000000004,-0.6035699999999995,-0.0188600000000001,-0.7355999999999998,0.0,0.6179999999999986,-0.0029999999999930083,0.0,0.0,-0.565800000000003,-0.565800000000003,0.0,-0.565800000000003,-0.565800000000003,
0.33009999999999984,0.1443999999999992,-0.37150000000000105,-0.7222000000000008,-0.0619000000000014,-0.35836999999999986,0.5847100000000003,-0.6035699999999995,-0.0377200000000002,-0.7544599999999999,0.6210000000000448,5.3290705182007514E-14,0.6210000000000448,5.3290705182007514E-14,5.3290705182007514E-14,0.565800000000003,-0.565800000000003,0.0,0.0,0.0,
0.35080000000000133,0.14440000000000097,-0.35079999999999956,-0.7221999999999991,-0.06189999999999962,-0.33950999999999976,0.5658500000000002,-0.6035699999999995,-0.0377200000000002,-0.7544599999999999,0.0,-0.6179999999999986,0.0,0.0,0.0,0.0,0.0,0.565800000000003,-0.5660999999999916,0.565800000000003,
0.35080000000000133,0.12380000000000102,-0.35079999999999956,-0.7221999999999991,-0.06189999999999962,-0.33950999999999976,0.5658500000000002,-0.5847099999999994,-0.05658999999999992,-0.7355999999999998,-0.6209999999999916,-0.6179999999999986,-0.6179999999999986,-0.6179999999999986,-0.6179999999999986,0.0,-0.565800000000003,-0.565800000000003,-0.565800000000003,-0.5660999999999916,
0.3301000000000016,0.10320000000000107,-0.3713999999999995,-0.742799999999999,-0.08249999999999957,-0.33950999999999976,0.5469900000000001,-0.6035699999999995,-0.07545000000000002,-0.7544699999999995,0.0,0.0,0.0,0.6179999999999986,0.0,0.565800000000003,0.0,0.565800000000003,1.131600000000006,0.0,
0.3301000000000016,0.10320000000000107,-0.3713999999999995,-0.7221999999999991,-0.08249999999999957,-0.32064999999999966,0.5469900000000001,-0.5847099999999994,-0.03772999999999982,-0.7544699999999995,0.0029999999999397176,0.0,0.6179999999999986,0.0,0.6179999999999986,0.0,-0.5660999999999916,0.0,-1.131600000000006,0.0,
0.3301999999999996,0.10320000000000107,-0.35079999999999956,-0.7221999999999991,-0.06189999999999962,-0.32064999999999966,0.5281200000000004,-0.5847099999999994,-0.07545000000000002,-0.7544699999999995,-0.0029999999999930083,-0.6210000000000448,-0.6179999999999986,0.0,-0.6179999999999986,0.565800000000003,0.0,0.0,-0.5657999999999763,0.0,
0.33009999999999984,0.08249999999999957,-0.3713999999999995,-0.7221999999999991,-0.08249999999999957,-0.30178999999999956,0.5281200000000004,-0.5847099999999994,-0.09430999999999923,-0.7544699999999995,-0.6179999999999986,-0.6179999999999986,-0.6179999999999986,0.0,-0.6179999999999986,-0.565800000000003,0.0,-0.565800000000003,0.0,0.0,
0.3094999999999999,0.06189999999999962,-0.39199999999999946,-0.7221999999999991,-0.10309999999999953,-0.32064999999999966,0.5281200000000004,-0.6035699999999995,-0.09430999999999923,-0.7544699999999995,0.0,0.0,0.0,0.6209999999999916,0.0,0.5657999999999763,-2.6645352591003757E-14,-3.0000000001528804E-4,-2.6645352591003757E-14,-2.6645352591003757E-14,
0.3094999999999999,0.06189999999999962,-0.7014999999999993,-0.39199999999999946,-0.10309999999999953,-0.30179000000000045,0.5281199999999995,-0.09431000000000012,-0.60358,-0.7544700000000004,0.0,-0.6179999999999986,-0.0029999999999930083,-0.0029999999999930083,-0.0029999999999930083,3.0000000001528804E-4,0.5661000000000183,-0.565800000000003,3.0000000001528804E-4,3.0000000001528804E-4,
0.3094999999999999,0.04129999999999967,-0.7015999999999991,-0.3920999999999992,0.5571000000000002,-0.30177999999999994,0.5469900000000001,-0.11317000000000021,-0.6035699999999995,-0.5092599999999994,-0.6209999999999916,-0.6209999999999916,0.6179999999999986,0.0,0.0,0.0,-0.565800000000003,2.6645352591003757E-14,0.0,0.0,
0.28880000000000017,0.02059999999999995,-0.6809999999999992,-0.3920999999999992,0.5571000000000002,-0.30177999999999994,0.52813,-0.11316999999999933,-0.6035699999999995,-0.5092599999999994,-0.6179999999999986,-1.23899999999999,0.0,-0.6179999999999986,-0.6209999999999916,0.0,0.0,0.0,-0.565800000000003,0.565800000000003,
0.2682000000000002,-0.02069999999999972,-0.6809999999999992,0.5364000000000004,-0.4126999999999992,-0.30177999999999994,0.52813,-0.11316999999999933,-0.4903999999999993,-0.6224299999999996,0.6179999999999986,-0.6179999999999986,0.6209999999999916,0.0,0.6179999999999986,0.565800000000003,0.0,0.0,1.1315999999999793,0.0,
0.28880000000000017,-0.04129999999999967,-0.6602999999999994,0.5364000000000004,-0.3920999999999992,-0.28291999999999984,0.52813,-0.11316999999999933,-0.45267999999999997,-0.6224299999999996,0.0,-0.6179999999999986,0.6179999999999986,0.0,-0.6179999999999986,0.0,0.0,-1.131600000000006,0.0,-0.565800000000003,
0.28880000000000017,-0.06189999999999962,-0.6396999999999995,0.5364000000000004,-0.4126999999999992,-0.28291999999999984,0.52813,-0.15088999999999952,-0.45267999999999997,-0.6412899999999997,-0.6179999999999986,-0.6209999999999916,0.6179999999999986,0.0,0.0,-0.5660999999999916,0.0,0.0,0.0,-0.5660999999999916,
0.2682000000000002,-0.08259999999999934,-0.6190999999999995,0.5364000000000004,-0.4126999999999992,-0.30178999999999956,0.52813,-0.15088999999999952,-0.45267999999999997,-0.6601599999999994,0.6209999999999916,0.0029999999999930083,0.6209999999999916,0.0029999999999930083,0.6209999999999916,0.5657999999999763,0.0,-2.6645352591003757E-14,0.0,-2.6645352591003757E-14,
0.28889999999999993,-0.08249999999999957,-0.5983999999999998,0.5365000000000002,-0.39199999999999946,-0.28293000000000035,0.52813,-0.1508900000000004,-0.45267999999999997,-0.6601600000000003,-0.0029999999999930083,-0.6209999999999916,0.6179999999999986,-0.0029999999999930083,-0.0029999999999930083,0.0,0.565800000000003,-2.999999999886427E-4,1.1315999999999793,0.0,
0.28880000000000017,-0.10319999999999929,-0.5777999999999999,0.5364000000000004,-0.3920999999999992,-0.28293000000000035,0.5469900000000001,-0.15090000000000003,-0.41496000000000066,-0.6601600000000003,0.0,-0.6210000000000448,0.6179999999999986,0.0,0.0,-0.565800000000003,0.0,-0.565800000000003,-0.5657999999999763,-0.565800000000003,
0.28880000000000017,-0.12390000000000079,-0.5571999999999999,0.5364000000000004,-0.3920999999999992,-0.30179000000000045,0.5469900000000001,-0.16976000000000013,-0.4338199999999999,-0.6790200000000004,0.0,-0.6179999999999986,0.0,0.0,0.0,-0.565800000000003,-0.5661000000000183,0.0,0.5657999999999763,-0.565800000000003,
0.28880000000000017,-0.14450000000000074,-0.5571999999999999,0.5364000000000004,-0.3920999999999992,-0.32065000000000055,0.5281199999999995,-0.16976000000000013,-0.41496000000000066,-0.6978800000000005,0.0029999999999930083,0.0029999999999930083,0.6209999999999916,0.0029999999999930083,0.0029999999999930083,0.0,0.0,-0.565800000000003,-0.5657999999999763,0.0,
0.28889999999999993,-0.14440000000000097,-0.5365000000000002,0.5365000000000002,-0.39199999999999946,-0.32065000000000055,0.5281199999999995,-0.18862000000000023,-0.4338199999999999,-0.6978800000000005,0.0,-0.6209999999999916,0.0,0.6179999999999986,-0.6210000000000448,0.0,0.0,-0.565800000000003,0.565800000000003,-0.5660999999999916,
0.28889999999999993,-0.1651000000000007,-0.5365000000000002,0.5571000000000002,-0.41270000000000095,-0.32065000000000055,0.5281199999999995,-0.20748000000000033,-0.4149599999999998,-0.7167500000000002,0.6179999999999986,0.0,0.6179999999999986,0.6179999999999986,0.0,-0.565800000000003,0.0,-0.565800000000003,-0.565800000000003,0.0,
0.3094999999999999,-0.1651000000000007,-0.5159000000000002,0.5777000000000001,-0.41270000000000095,-0.33951000000000064,0.5281199999999995,-0.22634000000000043,-0.4338199999999999,-0.7167500000000002,0.0,0.0,0.6209999999999916,0.6209999999999916,0.6209999999999916,-0.5660999999999916,0.0,0.0,-0.565800000000003,0.0,
0.3094999999999999,-0.49520000000000053,-0.1651000000000007,0.5983999999999998,-0.39200000000000124,-0.35838000000000036,-0.22634000000000043,0.5281199999999995,-0.45267999999999997,-0.7167500000000002,0.0,0.0,0.0,0.0,-0.6209999999999916,3.0000000001528804E-4,2.6645352591003757E-14,3.0000000001528804E-4,0.5661000000000183,3.0000000001528804E-4,
0.3094999999999999,-0.49520000000000053,-0.1651000000000007,0.5983999999999998,0.7221999999999991,-0.35836999999999986,-0.22633999999999954,0.52813,-0.43380999999999936,0.39610000000000056,0.6179999999999986,0.0,0.0,0.6179999999999986,0.6179999999999986,-0.5661000000000183,-1.1319000000000212,-3.0000000001528804E-4,-0.5661000000000183,-3.0000000001528804E-4,
0.33009999999999984,-0.1651000000000007,-0.49520000000000053,0.6189999999999998,-0.41270000000000095,-0.37724000000000046,0.5281199999999995,-0.26407000000000025,-0.45267999999999997,-0.7167500000000002,0.003000000000046299,0.003000000000046299,5.3290705182007514E-14,0.003000000000046299,0.003000000000046299,3.0000000001528804E-4,3.0000000001528804E-4,0.5661000000000183,3.0000000001528804E-4,3.0000000001528804E-4,
0.3302000000000014,-0.49519999999999875,-0.16499999999999915,0.6191000000000013,-0.4125999999999994,-0.37722999999999995,-0.24519999999999964,0.52813,-0.45266999999999946,-0.7167399999999997,0.0,-0.6179999999999986,-0.6209999999999916,-0.6209999999999916,-1.23899999999999,-0.5657999999999763,0.0,-0.5657999999999763,-0.5660999999999916,0.565800000000003,
0.3302000000000014,-0.18569999999999887,-0.5157999999999987,0.5984000000000016,0.7016000000000009,-0.39608999999999916,0.5092700000000008,-0.24519999999999964,-0.4715399999999992,0.39610000000000056,0.6179999999999986,0.6179999999999986,0.0,0.6179999999999986,0.0,-2.6645352591003757E-14,0.5657999999999763,-2.6645352591003757E-14,0.5657999999999763,0.5657999999999763,
0.35080000000000133,-0.16509999999999891,-0.5157999999999987,0.6190000000000015,0.7016000000000009,-0.39609000000000005,0.52813,-0.24520000000000053,-0.45267999999999997,0.4149599999999998,0.0,-0.6179999999999986,-0.6209999999999916,0.0,0.0,0.0,0.0,-0.565800000000003,0.0,0.565800000000003,
0.35080000000000133,-0.18569999999999887,-0.5364999999999984,0.6190000000000015,-0.4538999999999991,-0.39609000000000005,0.52813,-0.2640600000000006,-0.45267999999999997,-0.6790200000000004,0.0,0.0,-5.3290705182007514E-14,0.6179999999999986,-0.0029999999999930083,0.0,0.0,0.0,0.0,0.565800000000003,
0.35080000000000133,-0.18569999999999887,-0.5365000000000002,0.6396000000000015,-0.45399999999999885,-0.39609000000000005,0.52813,-0.2640600000000006,-0.45267999999999997,-0.6601600000000003,0.0,0.0,0.0,-0.6180000000000518,-1.235999999999997,-2.999999999886427E-4,-3.0000000001528804E-4,0.565800000000003,1.131600000000006,0.0,
0.35080000000000133,-0.18569999999999887,-0.5365000000000002,0.6189999999999998,0.6603000000000012,-0.3960999999999997,0.5281199999999995,-0.24520000000000053,-0.4149599999999998,0.4338199999999999,-0.6210000000000448,0.0,-0.6179999999999986,-0.6179999999999986,-1.2390000000000434,0.0,0.565800000000003,-2.999999999886427E-4,0.0,0.565800000000003,
0.33009999999999984,-0.18569999999999887,-0.5571000000000002,0.5983999999999998,0.6189999999999998,-0.3960999999999997,0.5469799999999996,-0.24521000000000015,-0.4149599999999998,0.45267999999999997,0.0,0.0,0.0,0.6179999999999986,0.0,-0.565800000000003,-0.5657999999999763,-1.131600000000006,0.565800000000003,0.0,
0.33009999999999984,-0.18569999999999887,-0.5571000000000002,0.6189999999999998,0.6189999999999998,-0.4149599999999998,0.5281200000000004,-0.28293000000000035,-0.3960999999999997,0.45267999999999997,0.0,-0.6209999999999916,0.0,-0.6179999999999986,-0.6179999999999986,2.999999999886427E-4,0.5660999999999916,3.0000000001528804E-4,0.5660999999999916,0.5660999999999916,
0.33009999999999984,-0.20639999999999858,-0.5571000000000002,0.5983999999999998,0.5983999999999998,-0.41495000000000015,0.5469900000000001,-0.28291999999999984,-0.37722999999999995,0.4715499999999997,0.0029999999999930083,0.0029999999999930083,0.0,0.6209999999999916,0.0,0.565800000000003,0.0,0.565800000000003,0.565800000000003,-2.999999999886427E-4,
0.3301999999999996,-0.20629999999999882,-0.5571000000000002,0.6190999999999995,0.5983999999999998,-0.39609000000000005,0.5469900000000001,-0.26405999999999974,-0.35836999999999986,0.47154000000000007,-0.6209999999999916,-0.6209999999999916,0.0,-0.6209999999999916,-1.23899999999999,-0.565800000000003,-0.565800000000003,-0.565800000000003,0.0,-0.565800000000003,
0.3094999999999999,-0.22699999999999854,-0.5571000000000002,0.5983999999999998,0.5571000000000002,-0.41495000000000015,0.52813,-0.28291999999999984,-0.35836999999999986,0.45267999999999997,0.6209999999999916,0.6209999999999916,0.6209999999999916,0.6209999999999916,0.6209999999999916,0.565800000000003,0.565800000000003,0.0,1.697400000000009,1.131600000000006,
0.3301999999999996,-0.20629999999999882,-0.5364000000000004,0.6190999999999995,0.5777999999999999,-0.39609000000000005,0.5469900000000001,-0.28291999999999984,-0.30178999999999956,0.49040000000000017,-0.6179999999999986,0.0,0.0,0.0,0.0,-2.999999999886427E-4,0.0,-0.5660999999999916,1.1318999999999946,-0.565800000000003,
0.30959999999999965,-0.20629999999999882,-0.5364000000000004,0.6190999999999995,0.5777999999999999,-0.3960999999999997,0.5469900000000001,-0.30178999999999956,-0.26405999999999974,0.47154000000000007,0.6179999999999986,0.6179999999999986,0.6179999999999986,-0.0029999999999930083,0.0,0.0,0.0,0.0,-0.5660999999999916,0.0,
0.3301999999999996,-0.18569999999999887,-0.5158000000000005,0.6189999999999998,0.5777999999999999,-0.3960999999999997,0.5469900000000001,-0.30178999999999956,-0.28292999999999946,0.47154000000000007,-0.6179999999999986,0.0,0.0,-0.6179999999999986,-0.6179999999999986,0.0,-2.999999999886427E-4,0.0,1.6976999999999975,0.565800000000003,
0.30959999999999965,-0.18569999999999887,-0.5158000000000005,0.5983999999999998,0.5571999999999999,-0.3960999999999997,0.5469800000000005,-0.30178999999999956,-0.22633999999999954,0.49040000000000017,-0.0029999999999930083,0.0,0.6179999999999986,0.0,-0.0029999999999930083,-0.565800000000003,-0.565800000000003,0.0,0.0,-0.565800000000003,
0.3094999999999999,-0.18569999999999887,-0.49520000000000053,0.5983999999999998,0.5571000000000002,-0.4149599999999998,0.5281200000000004,-0.30178999999999956,-0.22633999999999954,0.47154000000000007,0.0,0.6179999999999986,1.2360000000000504,0.6179999999999986,0.6179999999999986,2.999999999886427E-4,0.5660999999999916,2.999999999886427E-4,1.6976999999999975,0.0,
0.3094999999999999,-0.45399999999999885,-0.16509999999999891,0.6189999999999998,0.5777000000000001,-0.41495000000000015,-0.30177999999999994,0.5469900000000001,-0.16974999999999962,0.47154000000000007,0.6179999999999986,0.6209999999999916,0.0,0.0,0.0,0.0,-0.565800000000003,0.0,0.0,0.0,
0.33009999999999984,-0.43329999999999913,-0.16509999999999891,0.6189999999999998,0.5777000000000001,-0.41495000000000015,-0.32064000000000004,0.5469900000000001,-0.16974999999999962,0.47154000000000007,0.0029999999999930083,0.6209999999999916,0.0029999999999930083,0.0029999999999930083,0.0029999999999930083,0.0,-1.1318999999999946,0.0,0.565800000000003,-0.565800000000003,
0.3301999999999996,-0.4125999999999994,-0.16499999999999915,0.6190999999999995,0.5777999999999999,-0.41495000000000015,-0.35836999999999986,0.5469900000000001,-0.15088999999999952,0.45267999999999997,-0.6179999999999986,0.0,0.0,-0.6209999999999916,-0.6179999999999986,0.0,0.0,0.0,0.0,0.0,
0.30959999999999965,-0.4125999999999994,-0.16499999999999915,0.5983999999999998,0.5571999999999999,-0.41495000000000015,-0.35836999999999986,0.5469900000000001,-0.15088999999999952,0.45267999999999997,0.6179999999999986,1.235999999999997,0.6179999999999986,0.6179999999999986,1.235999999999997,0.0,0.0,0.0,0.565800000000003,0.0,
-0.3713999999999995,0.3301999999999996,-0.1443999999999992,0.6189999999999998,0.5983999999999998,-0.35836999999999986,-0.41495000000000015,0.5469900000000001,-0.13202999999999943,0.45267999999999997,0.6179999999999986,-0.0029999999999930083,-0.003000000000046299,0.0,-0.6209999999999916,-0.565800000000003,-0.5660999999999916,-0.565800000000003,0.565800000000003,0.0,
-0.35079999999999956,0.33009999999999984,-0.14450000000000074,0.6189999999999998,0.5777000000000001,-0.37722999999999995,-0.4338199999999999,0.52813,-0.11316999999999933,0.45267999999999997,0.6179999999999986,0.0,0.0,0.0,0.0,-0.565800000000003,0.0,0.0,0.0,-0.565800000000003,
-0.3301999999999996,0.33009999999999984,-0.14450000000000074,0.6189999999999998,0.5777000000000001,-0.39609000000000005,-0.4338199999999999,0.52813,-0.11316999999999933,0.4338199999999999,0.0029999999999930083,0.0029999999999930083,0.6209999999999916,0.0029999999999930083,0.0029999999999930083,-1.1318999999999946,-0.565800000000003,-0.5660999999999916,0.0,0.0,
-0.12380000000000102,-0.33009999999999984,0.3301999999999996,0.6190999999999995,0.5777999999999999,0.5092600000000003,-0.4338199999999999,-0.45267999999999997,-0.11316999999999933,0.4338199999999999,0.6179999999999986,0.6179999999999986,0.6179999999999986,1.235999999999997,0.6179999999999986,0.0,0.0,0.0,0.0,0.0,
-0.10320000000000107,-0.3094999999999999,0.35079999999999956,0.6602999999999994,0.5983999999999998,0.5092600000000003,-0.4338199999999999,-0.45267999999999997,-0.11316999999999933,0.4338199999999999,0.0,0.6179999999999986,0.0,-0.6179999999999986,0.6179999999999986,0.0,0.0,0.0,0.0,0.0,
-0.10320000000000107,-0.28889999999999993,0.35079999999999956,0.6396999999999995,0.6189999999999998,0.5092600000000003,-0.4338199999999999,-0.45267999999999997,-0.11316999999999933,0.4338199999999999,0.0029999999999930083,0.0029999999999930083,0.0,1.23899999999999,-0.6179999999999986,-0.565800000000003,-0.565800000000003,-0.565800000000003,0.0,2.6645352591003757E-14,
-0.1031000000000013,-0.28880000000000017,0.35079999999999956,0.6809999999999992,0.5983999999999998,0.49040000000000017,-0.45267999999999997,-0.47154000000000007,-0.11316999999999933,0.43382000000000076,0.0,0.0,0.0,0.0,0.0,-0.565800000000003,0.0,-0.5657999999999763,-0.565800000000003,0.0,
-0.1031000000000013,-0.28880000000000017,0.35079999999999956,0.6809999999999992,0.5983999999999998,0.47154000000000007,-0.45267999999999997,-0.4903999999999993,-0.13202999999999943,0.43382000000000076,-0.0029999999999930083,-0.0029999999999930083,0.0,-0.0029999999999930083,0.0,0.0,0.565800000000003,0.0,0.0,0.0,
-0.10320000000000107,-0.28889999999999993,0.35079999999999956,0.6808999999999994,0.5983999999999998,0.47154000000000007,-0.4338199999999999,-0.4903999999999993,-0.13202999999999943,0.43382000000000076,0.0,-0.6180000000000518,0.0,-0.6179999999999986,-0.6179999999999986,0.0,0.565800000000003,0.565800000000003,0.0,0.565800000000003,
-0.10320000000000107,-0.30950000000000166,0.35079999999999956,0.6602999999999994,0.5777999999999999,0.47154000000000007,-0.4149599999999998,-0.4715399999999992,-0.13202999999999943,0.45268000000000086,0.0,0.0,0.0,0.6179999999999986,0.0,0.0,0.0,-0.5661000000000183,-0.5660999999999916,0.0,
-0.10320000000000107,-0.30950000000000166,0.35079999999999956,0.6808999999999994,0.5777999999999999,0.47154000000000007,-0.4149599999999998,-0.4904099999999998,-0.15089999999999915,0.45268000000000086,-0.6179999999999986,0.0,0.0,0.0,-0.003000000000046299,0.0,0.5660999999999916,2.999999999886427E-4,0.5660999999999916,0.5657999999999763,
-0.12380000000000102,-0.30950000000000166,0.35079999999999956,0.6808999999999994,-0.10320000000000107,0.47154000000000007,-0.39609000000000005,-0.49040000000000017,-0.13202999999999943,-0.7355999999999998,-0.6209999999999916,-0.6209999999999916,0.0,0.0,-0.6179999999999986,0.0,-0.565800000000003,0.0,-1.131600000000006,0.0,
-0.14450000000000074,-0.3302000000000014,0.35079999999999956,0.6808999999999994,0.5364999999999984,0.47154000000000007,-0.41495000000000015,-0.49040000000000017,-0.16974999999999962,0.47154000000000007,-0.6179999999999986,0.0,-0.6209999999999916,0.0,-0.6209999999999916,0.0,0.565800000000003,0.0,-0.565800000000003,0.5661000000000183,
-0.1651000000000007,-0.3302000000000014,0.33009999999999984,0.6808999999999994,0.5157999999999987,0.47154000000000007,-0.39609000000000005,-0.49040000000000017,-0.18860999999999972,0.4904100000000007,0.0,0.0,0.0,0.0,0.0,0.0,-0.565800000000003,0.0,0.565800000000003,0.0,
-0.1651000000000007,-0.3302000000000014,0.33009999999999984,0.6808999999999994,0.5157999999999987,0.47154000000000007,-0.41495000000000015,-0.49040000000000017,-0.16974999999999962,0.4904100000000007,0.0,-0.6179999999999986,0.0,0.0,0.0,0.0,0.565800000000003,2.6645352591003757E-14,-0.565800000000003,0.565800000000003,
-0.1651000000000007,-0.35080000000000133,0.33009999999999984,0.6808999999999994,0.5157999999999987,0.47154000000000007,-0.39609000000000005,-0.4903999999999993,-0.18860999999999972,0.5092700000000008,-0.6179999999999986,0.0,0.0,0.0,-0.6179999999999986,0.5657999999999763,0.565800000000003,0.5657999999999763,0.5654999999999877,1.1315999999999793,
-0.35080000000000133,-0.18570000000000064,0.33009999999999984,0.6808999999999994,-0.18570000000000064,-0.37722999999999995,0.4903999999999993,-0.47154000000000007,-0.16976000000000013,-0.6978800000000005,0.0,-0.6209999999999916,0.0,-0.6179999999999986,-0.6209999999999916,-0.5661000000000183,-0.5657999999999763,-0.565800000000003,0.0,0.0,
-0.20640000000000036,-0.35080000000000133,0.33009999999999984,0.6602999999999994,0.4538999999999991,0.47154000000000007,-0.39610000000000056,-0.49040000000000017,-0.16976000000000013,0.5469900000000001,0.0,0.0,0.0,-0.6209999999999916,-0.6179999999999986,1.1315999999999793,1.1319000000000212,0.565800000000003,0.565800000000003,1.1315999999999793,
-0.35080000000000133,-0.20640000000000036,0.33009999999999984,0.6395999999999997,-0.2270000000000003,-0.35836999999999986,0.5092599999999994,-0.47154000000000007,-0.15090000000000003,-0.6601600000000003,0.0,0.0,0.0,0.0,0.0,-0.5661000000000183,2.6645352591003757E-14,-3.0000000001528804E-4,0.565800000000003,0.0,
-0.35080000000000133,-0.20640000000000036,0.33009999999999984,0.6395999999999997,-0.2270000000000003,-0.37724000000000046,0.5092600000000003,-0.4715500000000006,-0.13203999999999994,-0.6601600000000003,0.0,-0.6179999999999986,-0.6179999999999986,-0.6179999999999986,-0.6179999999999986,2.999999999886427E-4,2.999999999886427E-4,3.0000000001528804E-4,2.999999999886427E-4,0.5660999999999916,
-0.35080000000000133,-0.2270000000000003,0.3094999999999999,0.6189999999999998,-0.24760000000000026,-0.37723000000000084,0.5092699999999999,-0.47154000000000007,-0.1320300000000003,-0.6412900000000006,0.0,0.0,0.0,-1.2390000000000434,-1.2390000000000434,0.565800000000003,0.0,0.0,0.0,0.565800000000003,
-0.35080000000000133,-0.2270000000000003,0.3094999999999999,0.5776999999999983,-0.2889000000000017,-0.35837000000000074,0.5092699999999999,-0.47154000000000007,-0.1320300000000003,-0.6224300000000005,0.0,0.0,0.0,-0.6179999999999986,-0.6179999999999986,0.565800000000003,0.565800000000003,0.565800000000003,1.131600000000006,0.565800000000003,
-0.35080000000000133,0.3094999999999999,0.5570999999999984,-0.2270000000000003,-0.30950000000000166,-0.33951000000000064,-0.45267999999999997,-0.09431000000000012,0.52813,-0.6035700000000004,0.0,0.0,0.6179999999999986,0.0,0.6179999999999986,2.6645352591003757E-14,0.565800000000003,0.0,0.565800000000003,0.565800000000003,
-0.35080000000000133,0.3094999999999999,0.5776999999999983,-0.2270000000000003,-0.2889000000000017,-0.33950999999999976,-0.4338199999999999,-0.09431000000000012,0.5469900000000001,-0.5847100000000003,-0.6179999999999986,-0.6179999999999986,-1.235999999999997,-0.6179999999999986,-1.235999999999997,-0.565800000000003,0.0,0.565800000000003,0.0,0.0,
-0.3714000000000013,0.28889999999999993,0.5364999999999984,-0.24760000000000026,-0.3301000000000016,-0.35836999999999986,-0.4338199999999999,-0.07545000000000002,0.5469900000000001,-0.5847100000000003,-0.6179999999999986,0.0,-0.6179999999999986,0.0,-0.6209999999999916,1.131600000000006,0.565800000000003,0.0,-3.0000000001528804E-4,0.565800000000003,
0.28889999999999993,-0.39200000000000124,0.5158999999999985,-0.24760000000000026,-0.35080000000000133,-0.4149599999999998,-0.32064999999999966,-0.07545000000000002,0.5469799999999996,-0.5658500000000002,0.0,0.0,-1.23899999999999,0.0,-0.6179999999999986,0.0,0.0,1.131600000000006,0.565800000000003,0.0,
0.4745999999999988,0.28889999999999993,-0.39200000000000124,-0.24760000000000026,-0.3714000000000013,-0.03772999999999982,-0.4149599999999998,-0.32064999999999966,0.5658399999999997,-0.5658500000000002,-0.6179999999999986,0.0,-0.6209999999999916,0.0,0.0,2.999999999886427E-4,0.5660999999999916,0.5660999999999916,3.0000000001528804E-4,0.5660999999999916,
0.45399999999999885,0.28889999999999993,-0.41270000000000095,-0.24760000000000026,-0.3714000000000013,-0.0377200000000002,-0.39609000000000005,-0.30177999999999994,0.5658500000000002,-0.5469800000000005,0.0,-0.6210000000000448,0.0,0.6179999999999986,0.0,0.565800000000003,0.0,0.565800000000003,0.0,0.0,
0.45399999999999885,0.26819999999999844,-0.41270000000000095,-0.2270000000000003,-0.3714000000000013,-0.0188600000000001,-0.39609000000000005,-0.28291999999999984,0.5658500000000002,-0.5469800000000005,-0.0029999999999930083,0.0,0.0,0.0,0.0,0.0,0.0,-0.565800000000003,0.0,-2.999999999886427E-4,
0.4538999999999991,0.26819999999999844,-0.41270000000000095,-0.2270000000000003,-0.3714000000000013,-0.0188600000000001,-0.39609000000000005,-0.30177999999999994,0.5658500000000002,-0.5469900000000001,-0.6179999999999986,0.6179999999999986,-0.6179999999999986,0.6179999999999986,-0.6209999999999916,0.0,0.0,0.0,0.0,0.0,
0.43329999999999913,0.2887999999999984,-0.4333000000000009,-0.20640000000000036,-0.392100000000001,-0.0188600000000001,-0.39609000000000005,-0.30177999999999994,0.5658500000000002,-0.5469900000000001,0.6210000000000448,-0.6149999999999523,-0.6179999999999453,0.6210000000000448,0.003000000000046299,0.565800000000003,0.565800000000003,1.131600000000006,0.0,0.565800000000003,
0.4540000000000006,0.2683,-0.4538999999999991,-0.18569999999999887,-0.39199999999999946,0.0,-0.37722999999999995,-0.26405999999999974,0.5658500000000002,-0.52813,0.0,0.0,0.0,0.0,-0.6179999999999986,-0.565800000000003,0.0,0.565800000000003,0.0,0.0,
0.4540000000000006,0.2683,-0.4538999999999991,-0.18569999999999887,-0.4125999999999994,-0.0188600000000001,-0.37722999999999995,-0.24519999999999964,0.5658500000000002,-0.52813,0.0,1.235999999999997,0.0,0.6179999999999986,-0.0029999999999930083,0.0,0.565800000000003,0.0,0.0,0.0,
0.4540000000000006,0.3094999999999999,-0.4538999999999991,-0.16509999999999891,-0.4126999999999992,-0.0188600000000001,-0.35836999999999986,-0.24519999999999964,0.5658500000000002,-0.52813,-0.6209999999999916,-1.23899999999999,-1.23899999999999,0.0,-1.235999999999997,0.565800000000003,0.0,0.565800000000003,0.0,0.565800000000003,
0.4333000000000009,0.2682000000000002,-0.49519999999999875,-0.16509999999999891,0.04130000000000145,0.0,-0.35836999999999986,-0.22633999999999954,0.5658500000000002,-0.6790199999999995,1.23899999999999,0.0,0.6179999999999986,1.23899999999999,0.6179999999999986,-0.565800000000003,0.0,0.0,-0.565800000000003,0.0,
0.2682000000000002,0.4746000000000006,-0.4745999999999988,-0.12379999999999924,0.0619000000000014,-0.35836999999999986,-0.0188600000000001,-0.22633999999999954,0.5469900000000001,-0.6790199999999995,0.6209999999999916,0.0,-1.2360000000000504,1.23899999999999,0.6209999999999916,0.0,0.0,0.0,-0.5660999999999916,0.0,
0.28889999999999993,0.4746000000000006,-0.08249999999999957,-0.5158000000000005,-0.4538999999999991,-0.35836999999999986,-0.0188600000000001,0.5281200000000004,-0.22633999999999954,-0.49040000000000017,0.0,0.6209999999999916,0.0,-0.6179999999999986,-1.2390000000000434,0.0,-0.565800000000003,-0.565800000000003,0.0,0.0,
0.28889999999999993,0.4953000000000003,-0.08249999999999957,-0.5364000000000004,0.06189999999999962,-0.35836999999999986,-0.0377200000000002,0.5092600000000003,-0.22633999999999954,-0.6790199999999995,0.0,-0.0029999999999930083,1.235999999999997,-0.0029999999999930083,0.6179999999999986,0.0,-1.1318999999999946,0.0,0.0,0.0,
0.28889999999999993,0.49520000000000053,-0.04129999999999967,-0.5365000000000002,0.08249999999999957,-0.35836999999999986,-0.07545000000000002,0.5092600000000003,-0.22633999999999954,-0.6790199999999995,-0.0029999999999930083,0.6179999999999986,0.0,0.0,0.0,0.0,-0.565800000000003,-0.565800000000003,0.0,0.0,
0.28880000000000017,-0.04129999999999967,0.5158000000000005,-0.5365000000000002,0.08249999999999957,-0.35836999999999986,0.49040000000000017,-0.09431000000000012,-0.22633999999999954,-0.6790199999999995,0.6209999999999916,0.6209999999999916,0.6209999999999916,0.0029999999999930083,0.0029999999999930083,0.0,-0.565800000000003,0.0,0.0,0.0,
-0.02059999999999995,0.3094999999999999,0.5365000000000002,-0.5364000000000004,0.08259999999999934,0.47154000000000007,-0.35836999999999986,-0.09431000000000012,-0.22633999999999954,-0.6790199999999995,1.235999999999997,0.6179999999999986,1.23899999999999,-0.0029999999999930083,0.6179999999999986,-0.565800000000003,0.0,-0.565800000000003,0.5657999999999763,0.0,
0.02059999999999995,0.33009999999999984,-0.5365000000000002,0.5777999999999999,0.10319999999999929,0.45267999999999997,-0.35836999999999986,-0.20748000000000033,-0.11317000000000021,-0.6790199999999995,0.6179999999999986,0.6179999999999986,0.0,-0.0029999999999930083,-0.0029999999999930083,0.0,0.0,0.565800000000003,-1.1315999999999793,0.0,
0.0411999999999999,0.3506999999999998,-0.5365000000000002,0.5777000000000001,0.10309999999999953,0.45267999999999997,-0.35836999999999986,-0.18862000000000023,-0.15088999999999952,-0.6790199999999995,0.0029999999999930083,0.0029999999999930083,0.0029999999999930083,0.6209999999999916,-0.6150000000000055,-0.565800000000003,0.565800000000003,0.0,-0.5661000000000183,0.5657999999999763,
0.04129999999999967,0.35079999999999956,-0.5364000000000004,0.5983999999999998,0.08259999999999934,0.4338199999999999,-0.33950999999999976,-0.18862000000000023,-0.16976000000000013,-0.6601600000000003,0.6179999999999986,0.0,0.0,0.6209999999999916,0.0,-0.565800000000003,-0.565800000000003,-0.565800000000003,-0.565800000000003,0.0,
0.06189999999999962,0.35079999999999956,-0.5364000000000004,0.6190999999999995,0.08259999999999934,0.4149599999999998,-0.35836999999999986,-0.20748000000000033,-0.18862000000000023,-0.6601600000000003,0.6209999999999916,0.0,0.0,0.0,0.0,0.0,0.0,0.0,0.0,0.0,
0.08259999999999934,0.35079999999999956,-0.5364000000000004,0.6190999999999995,0.08259999999999934,0.4149599999999998,-0.35836999999999986,-0.20748000000000033,-0.18862000000000023,-0.6601600000000003,0.6150000000000055,0.6179999999999986,0.6150000000000055,0.6150000000000055,-0.0029999999999930083,-0.5660999999999916,0.565800000000003,0.565800000000003,-0.565800000000003,0.565800000000003,
0.10309999999999953,0.3713999999999995,-0.5159000000000002,0.08249999999999957,0.6395999999999997,0.39609000000000005,-0.33950999999999976,-0.18862000000000023,-0.6413000000000002,-0.20748000000000033,0.6209999999999916,0.6209999999999916,0.0029999999999930083,0.0029999999999930083,1.2419999999999831,-0.565800000000003,0.0,0.0,0.0,0.0,
0.12379999999999924,0.3920999999999992,-0.5158000000000005,0.08259999999999934,0.6809999999999992,0.37722999999999995,-0.33950999999999976,-0.18862000000000023,-0.6413000000000002,-0.20748000000000033,0.6180000000000518,0.6180000000000518,5.3290705182007514E-14,0.6180000000000518,-0.0029999999999397176,0.0,0.565800000000003,1.1319000000000212,1.1319000000000212,0.0,
0.14440000000000097,0.41270000000000095,-0.5157999999999987,0.10320000000000107,0.6809000000000012,0.37722999999999995,-0.32064999999999966,-0.15088999999999952,-0.6035699999999995,-0.20748000000000033,-0.6180000000000518,-0.6180000000000518,-0.6180000000000518,-5.3290705182007514E-14,0.0029999999999397176,-0.565800000000003,-0.565800000000003,-0.565800000000003,-0.565800000000003,0.0,
0.12379999999999924,0.3920999999999992,-0.5364000000000004,0.10319999999999929,0.6809999999999992,0.35836999999999986,-0.33950999999999976,-0.16974999999999962,-0.6224299999999996,-0.20748000000000033,0.6180000000000518,0.6150000000000588,-0.0029999999999397176,-0.6209999999999383,-0.0029999999999397176,0.0,0.565800000000003,0.565800000000003,-3.0000000001528804E-4,-0.5657999999999763,
0.14440000000000097,0.4126000000000012,-0.5364999999999984,0.08250000000000135,0.6809000000000012,0.35836999999999986,-0.32064999999999966,-0.15088999999999952,-0.6224400000000001,-0.22633999999999954,0.0,0.0,-0.6179999999999986,-0.6179999999999986,0.0,-0.565800000000003,0.565800000000003,0.5657999999999763,1.1318999999999946,0.5657999999999763,
0.14440000000000097,0.4126000000000012,-0.5570999999999984,0.0619000000000014,0.6809000000000012,0.33950999999999976,-0.30178999999999956,-0.1320300000000003,-0.5847100000000003,-0.20748000000000033,0.0029999999999930083,0.0029999999999930083,-0.6180000000000518,-0.6180000000000518,0.0029999999999930083,0.0,0.0,0.565800000000003,2.6645352591003757E-14,0.565800000000003,
0.14450000000000074,0.41270000000000095,0.04129999999999967,-0.5777000000000001,0.6810000000000009,0.33950999999999976,-0.30178999999999956,-0.5847099999999994,-0.11317000000000021,-0.18862000000000023,0.6179999999999986,0.6179999999999986,0.0,0.0,0.6179999999999986,0.0,0.565800000000003,0.0,0.565800000000003,0.565800000000003,
0.1651000000000007,0.4333000000000009,-0.5777000000000001,0.04129999999999967,0.7016000000000009,0.33950999999999976,-0.28292999999999946,-0.09431000000000012,-0.5847099999999994,-0.16976000000000013,-0.0029999999999930083,0.0,-0.0029999999999930083,-0.0029999999999930083,-0.0029999999999930083,-2.999999999886427E-4,0.0,0.0,-3.0000000001528804E-4,0.0,
0.16500000000000092,0.4333000000000009,-0.5777999999999999,0.0411999999999999,0.7015000000000011,0.33950000000000014,-0.28292999999999946,-0.09431000000000012,-0.5847199999999999,-0.16976000000000013,-0.6179999999999986,0.6179999999999986,-0.6179999999999986,-1.235999999999997,-1.2390000000000434,2.999999999886427E-4,0.5660999999999916,0.5660999999999916,1.1322000000000099,1.1318999999999946,
0.14440000000000097,0.45390000000000086,0.0,-0.5983999999999998,0.6601999999999997,0.33950999999999976,-0.26405999999999974,-0.5469799999999996,-0.0754400000000004,-0.1320300000000003,0.6179999999999986,-0.6179999999999986,-1.23899999999999,-1.23899999999999,0.0,0.0,0.0,-0.5661000000000183,0.0,0.0,
0.16500000000000092,0.4333000000000009,-0.04129999999999967,-0.6396999999999995,0.6601999999999997,0.33950999999999976,-0.26405999999999974,-0.5658500000000002,-0.0754400000000004,-0.1320300000000003,0.0029999999999930083,0.6209999999999916,0.0029999999999930083,-0.6150000000000055,0.0029999999999930083,0.0,0.565800000000003,0.5661000000000183,0.565800000000003,0.565800000000003,
0.1651000000000007,0.4540000000000006,-0.0411999999999999,-0.6601999999999997,0.6602999999999994,0.33950999999999976,-0.24519999999999964,-0.5469799999999996,-0.0565800000000003,-0.11317000000000021,0.6179999999999986,0.0,0.0,0.0,0.6179999999999986,0.0,0.0,-0.5661000000000183,-0.5657999999999763,0.565800000000003,
0.18570000000000064,0.4540000000000006,-0.0411999999999999,0.6808999999999994,0.5159000000000002,0.33950999999999976,-0.24519999999999964,-0.5658500000000002,-0.09431000000000012,0.6035700000000004,0.0,-0.0029999999999930083,-0.6209999999999916,-0.6179999999999986,-0.0029999999999930083,0.565800000000003,0.565800000000003,0.0,0.565800000000003,0.565800000000003,
0.18570000000000064,0.45390000000000086,-0.06189999999999962,0.6602999999999994,0.18570000000000064,0.35836999999999986,-0.22633999999999954,-0.5658500000000002,-0.07545000000000002,-0.7733299999999996,0.6179999999999986,0.0,0.0,-0.0029999999999930083,0.0,2.6645352591003757E-14,0.0,0.565800000000003,0.565800000000003,0.0,
0.2063000000000006,0.45390000000000086,-0.06189999999999962,0.6601999999999997,0.18570000000000064,0.35837000000000074,-0.22633999999999954,-0.5469900000000001,-0.05658999999999992,-0.7733299999999996,0.6179999999999986,0.0,-1.23899999999999,0.6209999999999916,-1.2390000000000434,0.0,0.565800000000003,0.0,0.5661000000000183,0.565800000000003,
0.22690000000000055,0.45390000000000086,-0.10319999999999929,0.6808999999999994,0.1443999999999992,0.35837000000000074,-0.20747999999999944,-0.5469900000000001,-0.03771999999999931,-0.7544699999999995,0.0029999999999930083,0.0029999999999930083,-0.6180000000000518,0.0,-0.6179999999999986,0.0,0.0,2.6645352591003757E-14,-0.5661000000000183,0.565800000000003,
0.2270000000000003,0.4540000000000006,-0.12380000000000102,0.6808999999999994,0.12379999999999924,0.35837000000000074,-0.20747999999999944,-0.5469899999999992,-0.05658999999999992,-0.7356099999999994,0.6179999999999986,0.6179999999999986,0.0,0.6179999999999986,0.0,0.0,0.0,-0.565800000000003,0.0,0.565800000000003,
0.24760000000000026,0.4746000000000006,-0.12380000000000102,0.7014999999999993,0.12379999999999924,0.35837000000000074,-0.20747999999999944,-0.5658499999999993,-0.05658999999999992,-0.7167499999999993,0.6179999999999986,-0.6210000000000448,0.0,0.0,-0.6179999999999986,-2.6645352591003757E-14,0.5657999999999763,0.5657999999999763,0.5657999999999763,-2.6645352591003757E-14,
0.2682000000000002,0.4538999999999991,-0.12380000000000102,0.7014999999999993,0.10319999999999929,0.35836999999999986,-0.18862000000000023,-0.5469900000000001,-0.03773000000000071,-0.7167500000000002,0.6209999999999916,0.6210000000000448,0.0,0.6209999999999916,-0.6209999999999916,0.0,0.0,0.0,0.0,0.0,
0.28889999999999993,0.4746000000000006,-0.12380000000000102,0.08249999999999957,0.7221999999999991,0.35836999999999986,-0.18862000000000023,-0.5469900000000001,-0.7167500000000002,-0.03773000000000071,1.23899999999999,-5.3290705182007514E-14,-1.235999999999997,-0.6179999999999986,0.0,3.0000000001528804E-4,3.0000000001528804E-4,0.5661000000000183,0.5661000000000183,3.0000000001528804E-4,
0.3301999999999996,0.4745999999999988,-0.16500000000000092,0.06189999999999962,0.7221999999999991,0.35838000000000036,-0.18860999999999972,-0.5281199999999995,-0.6978799999999996,-0.0377200000000002,0.6179999999999986,0.0,-0.0029999999999930083,0.0,0.6179999999999986,0.0,0.0,0.565800000000003,0.565800000000003,0.565800000000003,
0.35079999999999956,0.4745999999999988,-0.1651000000000007,0.06189999999999962,0.742799999999999,0.35838000000000036,-0.18860999999999972,-0.5092599999999994,-0.6790199999999995,-0.0188600000000001,1.2390000000000434,0.6180000000000518,-0.6179999999999453,5.3290705182007514E-14,1.2390000000000434,-2.999999999886427E-4,0.0,-0.565800000000003,0.0,-0.5657999999999763,
0.49520000000000053,0.392100000000001,-0.18569999999999887,0.0619000000000014,0.7841000000000005,-0.18860999999999972,0.35837000000000074,-0.5281199999999995,-0.6790199999999995,-0.03771999999999931,-0.6179999999999986,0.6179999999999986,0.0,-0.6179999999999986,0.0,-0.5660999999999916,-0.565800000000003,0.0,0.0,-0.565800000000003,
0.4746000000000006,0.41270000000000095,-0.18569999999999887,0.04130000000000145,0.7841000000000005,-0.20747999999999944,0.33951000000000064,-0.5281199999999995,-0.6790199999999995,-0.05657999999999941,0.6179999999999986,0.6179999999999986,0.0,0.0,1.235999999999997,0.0,0.0,0.565800000000003,0.565800000000003,0.565800000000003,
0.49520000000000053,-0.18569999999999887,0.4333000000000009,0.04130000000000145,0.8253000000000004,-0.20747999999999944,-0.5092599999999994,0.33951000000000064,-0.6601599999999994,-0.03771999999999931,0.0,-1.235999999999997,1.8569999999999887,-5.3290705182007514E-14,1.23899999999999,-0.565800000000003,1.1315999999999793,0.0,0.0,-1.131600000000006,
-0.22689999999999877,0.49520000000000053,0.49520000000000053,0.04129999999999967,0.8666,-0.47154000000000007,-0.22633999999999954,0.33951000000000064,-0.6601599999999994,-0.07543999999999951,-0.6210000000000448,0.0,0.6179999999999986,-0.6209999999999916,0.6179999999999986,0.0,0.0,0.0,0.0,-0.5661000000000183,
-0.24760000000000026,0.49520000000000053,0.5158000000000005,0.02059999999999995,0.8872,-0.47154000000000007,-0.22633999999999954,0.33951000000000064,-0.6601599999999994,-0.09431000000000012,-0.6209999999999916,0.0,0.6179999999999986,0.0,0.6179999999999986,0.565800000000003,-0.565800000000003,-0.565800000000003,0.0,0.0,
-0.2683,0.49520000000000053,0.5364000000000004,0.02059999999999995,0.9077999999999999,-0.45267999999999997,-0.24519999999999964,0.32065000000000055,-0.6601599999999994,-0.09431000000000012,0.0029999999999930083,0.0,1.2419999999999831,0.0029999999999930083,0.6209999999999916,-0.565800000000003,-0.565800000000003,-0.565800000000003,0.0,-0.5657999999999763,
-0.2682000000000002,0.49520000000000053,0.5777999999999999,0.02069999999999972,0.9284999999999997,-0.47154000000000007,-0.26405999999999974,0.30179000000000045,-0.6601599999999994,-0.11316999999999933,0.6179999999999986,0.6179999999999986,0.6150000000000055,0.6150000000000055,0.6179999999999986,0.565800000000003,-0.565800000000003,-0.565800000000003,-0.565800000000003,-1.131600000000006,
-0.24760000000000026,0.5158000000000005,0.5983,0.0411999999999999,0.9490999999999996,-0.45267999999999997,-0.28291999999999984,0.28293000000000035,-0.6790199999999995,-0.15088999999999952,-1.23899999999999,0.0,1.8599999999999817,0.6209999999999916,0.6209999999999916,-0.565800000000003,-0.565800000000003,0.0,0.0,-0.565800000000003,
-0.28889999999999993,0.5158000000000005,0.06189999999999962,0.6602999999999994,0.9697999999999993,-0.47154000000000007,-0.30177999999999994,-0.6790199999999995,0.28293000000000035,-0.16974999999999962,-0.6179999999999986,-5.3290705182007514E-14,0.0,0.6179999999999986,0.6179999999999986,0.0,-0.565800000000003,0.0,-0.565800000000003,-0.565800000000003,
-0.3094999999999999,0.5157999999999987,0.06189999999999962,0.6808999999999994,0.9903999999999993,-0.47154000000000007,-0.32064000000000004,-0.6790199999999995,0.26407000000000025,-0.18860999999999972,0.0,0.0029999999999930083,0.0,0.6209999999999916,0.6209999999999916,0.565800000000003,0.0,0.5660999999999916,0.0,0.565800000000003,
-0.3094999999999999,0.5158999999999985,0.06189999999999962,0.7015999999999991,1.011099999999999,-0.45267999999999997,-0.32064000000000004,-0.6601499999999998,0.26407000000000025,-0.16974999999999962,0.6179999999999986,-0.0029999999999930083,0.0,0.6179999999999986,0.6179999999999986,0.5661000000000183,-0.5660999999999916,0.0,0.0,-0.565800000000003,
-0.28889999999999993,0.5157999999999987,0.06189999999999962,0.7221999999999991,1.031699999999999,-0.43380999999999936,-0.33950999999999976,-0.6601499999999998,0.26407000000000025,-0.18860999999999972,0.0029999999999930083,0.6210000000000448,0.6210000000000448,1.2390000000000434,1.2390000000000434,-1.1322000000000365,-0.5661000000000183,-0.5661000000000183,-0.5661000000000183,-3.0000000001528804E-4,
-0.28880000000000017,0.5365000000000002,0.08260000000000112,0.7635000000000005,1.0730000000000004,-0.4715500000000006,-0.35838000000000036,-0.6790200000000004,0.24519999999999964,-0.18862000000000023,-0.6209999999999916,-0.0029999999999930083,0.6150000000000055,1.235999999999997,0.6150000000000055,0.5661000000000183,0.0,0.0,-0.565800000000003,-0.565800000000003,
0.5364000000000004,0.1031000000000013,0.8047000000000004,0.8047000000000004,1.0935000000000006,-0.35838000000000036,-0.6790200000000004,0.22633999999999954,-0.7356100000000003,-0.20748000000000033,0.6209999999999916,0.6209999999999916,1.23899999999999,0.6179999999999986,0.6209999999999916,-0.565800000000003,0.0,0.0,0.0,0.0,
0.5571000000000002,0.8460000000000001,0.8253000000000004,1.1142000000000003,1.2173999999999996,-0.37724000000000046,0.22633999999999954,-0.7356100000000003,-0.20748000000000033,0.39609000000000005,0.0,-0.0029999999999930083,0.6179999999999986,0.6179999999999986,0.6179999999999986,0.0,-0.5660999999999916,0.0,0.0,-0.565800000000003,
0.5571000000000002,0.8459000000000003,0.8459000000000003,1.1348000000000003,1.2379999999999995,-0.37724000000000046,0.20746999999999982,-0.7356100000000003,-0.20748000000000033,0.37722999999999995,0.6179999999999986,1.23899999999999,0.6209999999999916,0.6209999999999916,0.6179999999999986,0.0,0.0,0.0,0.0,0.0,
0.5777000000000001,0.8872,0.8666,1.1555,1.2585999999999995,-0.37724000000000046,0.20746999999999982,-0.7356100000000003,-0.20748000000000033,0.37722999999999995,-0.6179999999999986,0.0,-0.6209999999999916,-0.0029999999999930083,0.6179999999999986,-0.5657999999999763,-1.1315999999999793,-0.5657999999999763,-0.5657999999999763,-0.5657999999999763,
0.5571000000000002,0.8872,0.8459000000000003,1.1554000000000002,1.2791999999999994,-0.3960999999999997,0.1697500000000005,-0.7544699999999995,-0.22633999999999954,0.35837000000000074,0.6179999999999986,1.23899999999999,0.6209999999999916,1.23899999999999,1.8569999999999887,-0.565800000000003,-0.565800000000003,0.0,0.0,-0.565800000000003,
0.5777000000000001,0.9284999999999997,0.8666,1.1966999999999999,1.341099999999999,-0.4149599999999998,0.1508900000000004,-0.7544699999999995,-0.22633999999999954,0.33951000000000064,0.0029999999999930083,0.0,0.0,0.0029999999999930083,0.0029999999999930083,0.0,-0.565800000000003,0.0,-0.565800000000003,0.0,
0.5777999999999999,0.9284999999999997,0.8666,1.1967999999999996,1.3411999999999988,-0.4149599999999998,0.1320300000000003,-0.7544699999999995,-0.24519999999999964,0.33951000000000064,-0.6210000000000448,0.6179999999999986,0.6179999999999986,-0.0029999999999930083,0.0,0.0,0.0,0.0,0.565800000000003,0.0,
0.5570999999999984,0.9490999999999996,0.8872,1.1966999999999999,1.3411999999999988,-0.4149599999999998,0.1320300000000003,-0.7544699999999995,-0.22633999999999954,0.33951000000000064,0.6210000000000448,0.6210000000000448,0.6209999999999916,0.6210000000000448,1.2390000000000434,0.565800000000003,0.0,0.565800000000003,0.0,0.0,
0.5777999999999999,0.9698000000000011,0.9078999999999997,1.2174000000000014,1.3825000000000003,-0.3960999999999997,0.1320300000000003,-0.7356099999999994,-0.22633999999999954,0.33951000000000064,-0.6209999999999916,0.0,-0.6179999999999986,0.0,0.0,-0.565800000000003,-0.565800000000003,-0.565800000000003,0.0,0.0,
