0.42160000000000064,-0.06949999999999967,0.2082000000000006,0.9405000000000001,0.10240000000000027,0.07719999999999949,-0.6759000000000004,0.7693999999999992,0.2670999999999992,-1.0822000000000003,0.25199999999997225,-0.7590000000000163,-0.5010000000000314,-0.3720000000000123,-0.6749999999999989,0.31800000000005824,-0.08699999999995711,0.27300000000005653,-0.1679999999999815,0.387000000000004,
0.4299999999999997,-0.09480000000000022,0.19149999999999956,0.9280999999999997,0.0799000000000003,0.08780000000000143,-0.678799999999999,0.7785000000000011,0.26149999999999984,-1.0693000000000001,-0.0629999999999864,-0.3479999999999883,-0.8639999999999848,-0.33299999999999663,-0.810000000000004,0.3329999999999167,0.029999999999930083,-0.5640000000000711,-0.3449999999999953,0.1289999999999658,
0.42790000000000017,-0.10639999999999983,0.16270000000000007,0.9169999999999998,0.05290000000000017,0.09889999999999866,-0.6778000000000013,0.7596999999999987,0.25,-1.0650000000000013,0.045000000000001705,-0.4320000000000057,-0.09299999999999642,-0.045000000000001705,-0.2069999999999972,-0.35699999999996734,0.35700000000002063,0.32400000000004425,0.11699999999999378,0.32700000000003726,
0.4294000000000002,-0.12080000000000002,0.1596000000000002,0.9154999999999998,0.04600000000000026,0.08699999999999974,-0.6659000000000006,0.7705000000000002,0.2538999999999998,-1.0541,-0.024000000000024002,-0.03000000000001002,0.07799999999997809,-0.11100000000000776,-0.35700000000002063,0.09299999999999642,-0.31500000000001194,-0.14400000000003743,-0.1679999999999815,-0.06300000000001305,
0.4285999999999994,-0.12180000000000035,0.16219999999999946,0.9117999999999995,0.034099999999999575,0.09009999999999962,-0.676400000000001,0.7656999999999989,0.2483000000000004,-1.0562000000000005,0.1470000000000038,-0.3449999999999953,0.07500000000001172,-0.09000000000000341,-0.5580000000000052,-0.045000000000001705,0.27300000000005653,-0.08699999999995711,0.1679999999999815,0.23700000000003385,
0.43349999999999955,-0.1333000000000002,0.16469999999999985,0.9087999999999994,0.015499999999999403,0.08859999999999957,-0.6672999999999991,0.7628000000000004,0.2538999999999998,-1.0482999999999993,-0.03899999999998904,-0.5879999999999885,-0.2729999999999766,-0.1409999999999645,-0.5669999999999842,0.03300000000002967,-0.3960000000000363,-0.11400000000000077,-0.2159999999999762,-0.11400000000000077,
0.4321999999999999,-0.1528999999999998,0.15560000000000063,0.9041000000000006,-0.0034000000000000696,0.08970000000000056,-0.6805000000000003,0.7590000000000003,0.24670000000000059,-1.0520999999999994,0.00900000000000567,-1.1430000000000007,-0.7920000000000194,-0.6390000000000029,-1.875,-0.10200000000002873,-0.3719999999999857,0.1649999999999885,0.23399999999998755,0.2099999999999902,
0.4325000000000001,-0.19099999999999984,0.12919999999999998,0.8828000000000005,-0.06590000000000007,0.0862999999999996,-0.6928999999999998,0.7645,0.25450000000000017,-1.0450999999999997,-0.11100000000000776,-0.8969999999999878,-0.36000000000001364,-0.29400000000003423,-1.0020000000000095,-0.387000000000004,-0.40500000000001535,0.24600000000001288,-0.10800000000001475,0.09000000000000341,
0.42879999999999985,-0.22089999999999943,0.11719999999999953,0.8729999999999993,-0.09930000000000039,0.07339999999999947,-0.7064000000000004,0.7727000000000004,0.2508999999999997,-1.0420999999999996,0.09299999999999642,-0.735000000000019,-0.5789999999999829,-0.3719999999999857,-0.6449999999999889,0.12000000000004007,0.3480000000000416,0.8279999999999887,0.14700000000003044,0.2970000000000006,
0.43189999999999973,-0.24540000000000006,0.0979000000000001,0.8605999999999998,-0.12080000000000002,0.0774000000000008,-0.694799999999999,0.8003,0.2558000000000007,-1.0321999999999996,-0.36300000000000665,-0.0059999999999860165,-0.30000000000002025,-0.14400000000001079,-0.11700000000002042,-0.11999999999998678,-0.3330000000000233,-0.5010000000000048,-0.15600000000000946,-0.09599999999998943,
0.4197999999999995,-0.2455999999999996,0.08789999999999942,0.8557999999999995,0.6536999999999997,0.07340000000000124,-0.7058999999999997,0.7835999999999999,0.2506000000000004,-0.8114999999999988,0.05700000000002703,-1.1129999999999907,-0.6269999999999776,-0.2309999999999679,-0.23399999999998755,-1.029,-0.05399999999998073,0.18599999999999284,-0.27000000000001023,-0.13500000000000512,
0.4217000000000004,-0.2826999999999993,0.06700000000000017,0.8481000000000005,0.6459000000000001,0.039100000000001245,-0.7076999999999991,0.7897999999999996,0.24160000000000004,-0.815999999999999,0.10499999999996845,-1.6290000000000404,-1.233000000000004,-0.28800000000002157,-0.5040000000000244,-0.2670000000000705,0.5039999999999445,0.05399999999998073,-0.2580000000000382,-0.432000000000059,
0.42519999999999936,-0.33700000000000063,0.025900000000000034,0.8384999999999998,0.6290999999999993,0.030199999999998894,-0.690900000000001,0.791599999999999,0.23299999999999876,-0.8304000000000009,0.02700000000001701,-3.0539999999999967,-2.508000000000017,-0.49800000000001177,-0.45600000000000307,-1.0949999999999527,1.155000000000026,-1.1039999999999317,-0.5129999999999235,-1.5419999999999767,
0.4260999999999999,-0.05770000000000053,-0.4388000000000005,0.8218999999999994,0.6138999999999992,-0.006299999999999528,0.7548000000000012,-0.6524000000000001,0.2159000000000013,-0.8818000000000001,0.21899999999999586,-1.1939999999999884,-0.8519999999999861,0.06000000000002004,-0.4169999999999874,-0.6749999999999723,-0.6900000000000439,0.4349999999999987,-0.27000000000001023,-0.6390000000000029,
0.4333999999999998,-0.09750000000000014,-0.46720000000000006,0.8239000000000001,0.5999999999999996,-0.028799999999998604,0.7317999999999998,-0.6379000000000001,0.20690000000000097,-0.9031000000000002,-0.29399999999998094,-1.1430000000000007,-1.6620000000000168,-0.17699999999998717,-0.3029999999999866,-0.6180000000000518,-1.2720000000000198,0.2640000000000242,-0.14700000000003044,-0.48899999999997945,
0.4236000000000004,-0.13560000000000016,-0.5226000000000006,0.8180000000000005,0.5899000000000001,-0.04940000000000033,0.6893999999999991,-0.6290999999999993,0.20199999999999996,-0.9193999999999996,-0.18299999999999983,-0.1259999999999728,0.08100000000002439,-0.356999999999994,-0.05399999999998073,0.2670000000000172,-0.047999999999994714,0.5249999999999488,0.11100000000000776,0.16199999999999548,
0.4175000000000004,-0.13979999999999926,-0.5198999999999998,0.8061000000000007,0.5881000000000007,-0.04049999999999976,0.6877999999999993,-0.611600000000001,0.20570000000000022,-0.9139999999999997,0.3179999999999783,-0.8880000000000354,-1.0229999999999873,0.30899999999997263,-0.07800000000003138,-0.6959999999999766,-1.046999999999958,0.6030000000000335,-0.3029999999999866,-0.6269999999999776,
0.4280999999999997,-0.16940000000000044,-0.5539999999999994,0.8163999999999998,0.5854999999999997,-0.06369999999999898,0.6529000000000007,-0.5914999999999999,0.19560000000000066,-0.934899999999999,0.07499999999998508,-1.131000000000002,-1.1580000000000457,0.03299999999997638,-0.22200000000001552,-0.45300000000001006,-1.2690000000000268,0.015000000000018332,-0.32400000000004425,-0.774000000000008,
0.4305999999999992,-0.2071000000000005,-0.5926000000000009,0.817499999999999,0.5780999999999992,-0.07879999999999932,0.6105999999999998,-0.5909999999999993,0.1847999999999992,-0.9606999999999992,0.9990000000000165,-1.487999999999996,-1.505999999999954,0.7470000000000176,0.36000000000001364,0.17999999999995353,-2.109000000000041,1.427999999999976,0.5489999999999995,-0.7440000000000246,
0.46389999999999976,-0.2567000000000004,-0.6427999999999994,0.8423999999999996,0.5900999999999996,-0.07280000000000086,0.5402999999999984,-0.5434000000000001,0.20309999999999917,-0.9855,0.1259999999999728,-0.5400000000000205,-0.45000000000007034,0.6659999999999933,0.5039999999999978,0.12000000000004007,-0.5789999999999296,0.4740000000000144,0.41100000000005465,-0.5759999999999899,
0.46809999999999885,-0.27470000000000105,-0.6578000000000017,0.8645999999999994,0.6068999999999996,-0.06879999999999953,0.5210000000000008,-0.5275999999999996,0.216800000000001,-1.0046999999999997,0.49800000000001177,-0.2519999999999989,-0.14699999999997715,0.5849999999999955,0.1529999999999898,0.27899999999998926,-0.6960000000000299,0.5369999999999742,0.5519999999999392,0.18299999999999983,
0.48469999999999924,-0.283100000000001,-0.662700000000001,0.8840999999999992,0.6119999999999992,-0.059499999999999886,0.4977999999999998,-0.5097000000000005,0.23519999999999897,-0.9985999999999997,0.057000000000000384,0.10800000000001475,0.026999999999990365,0.05999999999999339,-0.09000000000000341,0.22800000000000153,0.18299999999999983,-0.18299999999999983,0.05400000000003402,0.014999999999965041,
0.48659999999999926,-0.2795000000000005,-0.6618000000000013,0.886099999999999,0.6089999999999991,-0.051899999999999835,0.5038999999999998,-0.5158000000000005,0.2370000000000001,-0.9981000000000009,0.17100000000005444,-0.3839999999999577,-0.6869999999999443,0.5610000000000515,0.1950000000000518,0.2940000000000076,-0.4199999999999804,-0.2910000000000146,0.78599999999998,-0.05999999999996675,
0.49230000000000107,-0.2922999999999991,-0.6846999999999994,0.9048000000000007,-0.2585999999999995,-0.04209999999999958,0.48990000000000045,-0.525500000000001,0.26319999999999943,-1.1349999999999998,0.19799999999996487,-0.762000000000036,-0.6750000000000256,0.2699999999999836,-0.39299999999999,0.8670000000000044,-0.06300000000001305,0.006000000000039307,0.7559999999999967,1.023000000000014,
0.4988999999999999,-0.3177000000000003,-0.7072000000000003,0.9138000000000002,-0.27169999999999916,-0.013199999999999434,0.4878,-0.5252999999999997,0.2883999999999993,-1.1008999999999993,1.3439999999999852,-0.4680000000000284,-0.5519999999999925,1.2899999999999778,0.48299999999994014,1.9649999999999501,-0.4169999999999874,-0.5850000000000222,1.5690000000000204,1.4849999999999497,
0.5436999999999994,-0.33330000000000126,-0.7256,0.9567999999999994,-0.25560000000000116,0.0522999999999989,0.47390000000000043,-0.5448000000000004,0.3407,-1.051400000000001,-0.44399999999997775,-0.6809999999999583,-1.040999999999972,0.29700000000002724,-0.15899999999994918,0.9900000000000375,-0.0870000000000104,0.0420000000000087,0.4589999999999961,0.8279999999999887,
0.5289000000000001,-0.35599999999999987,-0.7602999999999991,0.9667000000000003,-0.26089999999999947,0.08530000000000015,0.4710000000000001,-0.5434000000000001,0.35599999999999987,-1.0238000000000014,0.6960000000000299,-0.338999999999956,-0.13799999999999812,0.42000000000000703,0.36899999999999267,0.8159999999999634,-0.18600000000004613,0.03599999999996939,-0.023999999999997357,0.9810000000000052,
0.5521000000000011,-0.3672999999999984,-0.764899999999999,-0.2485999999999997,0.9807000000000006,0.11249999999999893,0.46479999999999855,-0.5422000000000011,-0.9911000000000012,0.35519999999999996,0.14399999999993085,-0.06600000000005934,-0.3000000000000469,-0.15000000000002345,-0.16200000000004877,0.11999999999998678,0.16500000000004178,0.1680000000000348,0.4230000000000267,0.23699999999998056,
0.5568999999999988,-0.3695000000000004,-0.7749000000000006,-0.2536000000000005,0.975299999999999,0.1164999999999985,0.47029999999999994,-0.5366,-0.9770000000000003,0.3630999999999993,-0.18299999999994654,-0.4679999999999751,-0.6539999999999679,5.3290705182007514E-14,0.2550000000000452,0.4290000000000127,0.03900000000001569,0.4649999999999821,0.78599999999998,-0.1679999999999815,
0.5508000000000006,-0.38509999999999955,-0.7966999999999995,-0.2535999999999987,0.9838000000000005,0.13079999999999892,0.47160000000000046,-0.5211000000000006,-0.950800000000001,0.35749999999999993,0.8639999999999581,-0.32700000000003726,-0.2970000000000539,-0.3360000000000696,0.08999999999997677,1.2540000000000617,0.4260000000000197,1.2360000000000504,1.455000000000073,0.3420000000000023,
0.5795999999999992,-0.3960000000000008,-0.8066000000000013,-0.26480000000000103,0.9867999999999997,0.17260000000000097,0.4858000000000011,-0.4798999999999989,-0.9022999999999985,0.3689,5.3290705182007514E-14,-1.6559999999999775,3.735000000000035,-0.39599999999992974,0.03600000000002268,-0.1800000000000601,0.6359999999999566,-0.36900000000004596,1.9409999999999528,-0.18299999999999983,
0.579600000000001,-0.45120000000000005,-0.6821000000000002,-0.2779999999999987,0.9880000000000004,0.16659999999999897,0.5069999999999997,-0.4922000000000004,-0.8376000000000001,0.3628,-0.13800000000005141,-0.6749999999999723,-4.208999999999996,-1.1970000000000347,-0.07500000000001172,0.5880000000000152,-0.24299999999996658,1.404000000000032,-0.02100000000000435,0.14099999999999113,
0.5749999999999993,-0.4736999999999991,-0.31789999999999985,-0.8224,0.9855,0.18619999999999948,0.4989000000000008,-0.8383000000000003,-0.44539999999999935,0.3674999999999997,-0.27599999999999625,-0.8700000000000507,-0.6330000000000169,-2.7089999999999748,-0.39299999999999,-0.5879999999999619,-0.31200000000001893,0.39299999999999,3.1980000000000075,-0.4770000000000074,
0.5657999999999994,-0.5027000000000008,-0.3390000000000004,-0.9126999999999992,0.9724000000000004,0.16660000000000075,0.48850000000000016,-0.8252000000000006,-0.3387999999999991,0.35159999999999947,-0.14099999999999113,-0.15899999999994918,-0.6479999999999819,-1.0350000000000392,-0.3360000000000163,0.047999999999994714,-0.011999999999972033,-0.07799999999997809,0.8309999999999818,0.19800000000001816,
0.5610999999999997,-0.5079999999999991,-0.3605999999999998,-0.9472000000000005,0.9611999999999998,0.16820000000000057,0.4881000000000011,-0.8277999999999999,-0.3110999999999997,0.3582000000000001,-0.4589999999999961,-0.7860000000000333,-0.6300000000000239,-1.1400000000000077,-0.4230000000000267,-0.19800000000001816,-0.2610000000000312,0.6600000000000072,1.1639999999999517,0.1649999999999885,
0.5457999999999998,-0.5342000000000002,-0.3816000000000006,0.9470999999999989,-0.9852000000000007,0.16159999999999997,0.47940000000000005,-0.8057999999999996,0.3636999999999997,-0.2723000000000013,-0.24600000000001288,-0.5519999999999925,-0.4259999999999664,-0.026999999999937074,-0.6749999999999723,-0.07199999999999207,-0.23699999999998056,0.48599999999998644,-0.3029999999999866,0.6930000000000369,
0.5375999999999994,-0.5526,-0.3957999999999995,0.946200000000001,-1.0076999999999998,0.15920000000000023,0.4715000000000007,-0.7896000000000001,0.35360000000000014,-0.2492000000000001,-0.23099999999999454,-0.6300000000000239,-1.1280000000000356,-0.09300000000004971,3.8039999999999807,0.14699999999997715,0.2099999999999902,1.7639999999999922,0.7290000000000063,-0.5100000000000371,
0.5298999999999996,-0.5736000000000008,-0.4334000000000007,-0.8809000000000005,0.9430999999999994,0.16409999999999947,0.47850000000000037,-0.7308000000000003,-0.2662000000000013,0.37790000000000035,0.10200000000002873,-0.4199999999999804,-0.5609999999999715,-6.5669999999999895,0.762000000000036,0.5460000000000065,0.06299999999995975,1.6109999999999758,4.908000000000019,-0.49800000000001177,
0.5333000000000006,-0.5876000000000001,-0.4520999999999997,0.9685000000000006,-1.0998,0.18229999999999968,0.48059999999999903,-0.6771000000000011,0.36129999999999995,-0.10260000000000069,0.17699999999996052,-0.13799999999999812,-0.31500000000001194,1.043999999999965,-1.020000000000021,0.22800000000000153,0.36000000000001364,0.6270000000000309,-0.2069999999999972,0.45000000000001705,
0.5391999999999992,-0.5922000000000001,-0.4626000000000001,1.0032999999999994,-1.1338000000000008,0.18989999999999974,0.4925999999999995,-0.6562000000000001,0.35440000000000005,-0.08760000000000012,-0.15299999999996317,-0.09899999999998244,-0.02100000000000435,-0.03299999999997638,-0.19799999999996487,0.5489999999999995,0.15600000000000946,0.35399999999997434,0.18599999999999284,0.27000000000001023,
0.5341000000000005,-0.5954999999999995,-0.46330000000000027,1.0022000000000002,-1.1403999999999996,0.20819999999999972,0.4977999999999998,-0.644400000000001,0.3605999999999998,-0.07859999999999978,0.19799999999996487,0.01799999999995805,0.22500000000000853,0.78599999999998,-0.7350000000000456,0.3510000000000346,0.40500000000001535,0.9990000000000165,-0.27000000000001023,0.9090000000000131,
0.5406999999999993,-0.4558,-0.5949000000000009,1.0283999999999995,0.7320999999999991,0.21990000000000087,-0.6111000000000004,0.5113000000000003,0.35159999999999947,-0.8836999999999993,-0.06300000000001305,0.18599999999999284,-0.10800000000001475,0.6779999999999653,-0.15900000000000247,0.6959999999999766,0.6450000000000422,0.389999999999997,-0.335999999999963,0.6390000000000029,
0.5385999999999989,-0.4496000000000002,-0.5985000000000014,1.0509999999999984,0.726799999999999,0.2431000000000001,-0.589599999999999,0.5243000000000002,0.3404000000000007,-0.8623999999999992,0.13799999999999812,0.09000000000000341,-0.5039999999999445,1.800000000000015,0.02100000000000435,0.7170000000000343,2.525999999999975,0.7559999999999967,-0.5580000000000318,1.3470000000000049,
0.5431999999999988,-0.4466000000000001,-0.6152999999999995,0.8399000000000001,0.7274999999999991,0.26700000000000124,-0.5053999999999998,0.5495000000000001,0.6889000000000003,-0.817499999999999,-0.2099999999999369,-0.24599999999995958,0.18899999999998585,-0.7709999999999617,-0.05399999999998073,0.6479999999999819,0.5250000000000021,0.10500000000002174,-0.9059999999999935,0.041999999999955406,
0.5362000000000009,-0.45479999999999876,-0.609,0.8142000000000014,0.7256999999999998,0.28860000000000063,-0.4878999999999998,0.5530000000000008,0.6587000000000005,-0.8161000000000005,0.5819999999999759,-0.19800000000001816,-0.13500000000000512,-0.6990000000000229,0.16200000000004877,-0.2130000000000365,0.6029999999999802,-0.06000000000002004,-1.188000000000029,0.4589999999999961,
0.5556000000000001,-0.46139999999999937,-0.6135000000000002,0.7909000000000006,0.7311000000000014,0.2814999999999994,-0.46780000000000044,0.5510000000000002,0.6190999999999995,-0.8008000000000006,-0.03300000000002967,0.32699999999998397,0.06000000000002004,0.14399999999998414,-0.27600000000004954,0.11699999999999378,0.07499999999998508,-0.19500000000002515,0.2999999999999936,0.18299999999999983,
0.5544999999999991,-0.4504999999999999,-0.6114999999999995,0.7957000000000001,0.7218999999999998,0.2853999999999992,-0.46530000000000094,0.5444999999999993,0.6290999999999993,-0.7947000000000006,-0.026999999999937074,-0.6899999999999906,0.008999999999979025,-0.48299999999999343,0.048000000000048004,0.05400000000003402,0.6630000000000535,0.003000000000046299,-0.9689999999999532,0.5070000000000441,
0.5536000000000012,-0.4734999999999996,-0.6112000000000002,0.7796000000000003,0.7235000000000014,0.28720000000000034,-0.44319999999999915,0.5446000000000009,0.5968000000000009,-0.7777999999999992,-0.31200000000001893,-0.23700000000003385,-0.41100000000000136,-0.6750000000000256,-0.03900000000006898,-0.41100000000005465,0.8759999999999302,0.2069999999999439,-0.05100000000004101,0.4259999999999664,
0.5432000000000006,-0.4814000000000007,-0.6249000000000002,0.7570999999999994,0.7221999999999991,0.2734999999999985,-0.4140000000000015,0.551499999999999,0.5950999999999995,-0.7636000000000003,-0.2970000000000539,-0.8729999999999905,-0.6419999999999959,-0.8880000000000088,-0.713999999999988,-0.34799999999993503,1.146000000000047,-0.04499999999997506,-0.42899999999998606,-0.05699999999997374,
0.5332999999999988,-0.5105000000000004,-0.6463000000000001,0.7274999999999991,0.21359999999999957,0.2619000000000007,-0.3757999999999999,0.5499999999999998,0.5808,0.9943,-0.44399999999992446,-0.7739999999999547,-0.1709999999999745,-1.8479999999999563,-0.9179999999999922,-1.230000000000011,0.16199999999999548,0.05999999999999339,-0.6419999999999959,-1.4309999999999956,
0.5185000000000013,-0.5362999999999989,-0.6519999999999992,0.6659000000000006,0.18299999999999983,0.22090000000000032,-0.37040000000000006,0.5519999999999996,0.5594000000000001,0.9466000000000001,-0.4770000000000607,-0.49800000000006506,-0.435000000000052,-0.32700000000003726,-0.7470000000000176,0.2549999999999919,0.2640000000000242,0.3600000000000403,0.16800000000000814,-0.36299999999998,
0.5025999999999993,-0.5529000000000011,0.6549999999999994,-0.666500000000001,0.15809999999999924,0.22940000000000005,-0.36159999999999926,0.5650000000000004,0.564000000000001,0.9345000000000008,-0.24599999999995958,0.11100000000006105,-0.27299999999994995,-0.18299999999994654,0.0420000000000087,-0.5460000000000065,0.3029999999999866,0.0,-0.1890000000000125,-0.11400000000000077,
0.4944000000000006,-0.549199999999999,0.645900000000001,-0.6725999999999992,0.15949999999999953,0.21119999999999983,-0.3514999999999997,0.5650000000000004,0.5577000000000005,0.9307000000000007,0.11099999999995447,-0.10500000000002174,-0.5040000000000511,0.4259999999999664,0.0870000000000104,0.05400000000003402,0.6120000000000125,0.07500000000001172,0.12899999999999245,-0.9750000000000192,
0.4980999999999991,-0.5526999999999997,0.6290999999999993,-0.6584000000000003,0.16239999999999988,0.21300000000000097,-0.3310999999999993,0.5675000000000008,0.5620000000000003,0.8982000000000001,-0.23399999999998755,-0.28199999999998226,-0.31499999999995865,-0.35399999999997434,-0.5579999999999785,-0.5400000000000205,0.7439999999999714,-0.13500000000000512,-0.023999999999997357,-0.5999999999999872,
0.4902999999999995,-0.5620999999999992,0.6186000000000007,-0.6701999999999995,0.1438000000000006,0.19500000000000028,-0.30630000000000024,0.5630000000000006,0.5612000000000004,0.8782000000000005,-0.4649999999999821,0.06299999999995975,-1.14900000000004,-0.11100000000000776,-0.6960000000000299,-0.4740000000000144,2.456999999999976,-0.15000000000002345,0.8699999999999708,-1.050000000000031,
0.4748000000000001,-0.5600000000000005,0.5802999999999994,0.1205999999999996,-0.6738999999999997,0.1791999999999998,-0.22440000000000104,0.5579999999999998,0.8431999999999995,0.5901999999999994,-0.4290000000000127,-0.8549999999999791,-1.3020000000000032,-0.8759999999999835,-0.21000000000004349,-0.10800000000001475,1.100999999999992,-0.3300000000000036,-0.8190000000000097,0.42000000000000703,
0.4604999999999997,-0.5884999999999998,0.5368999999999993,0.09140000000000015,-0.6809000000000012,0.1755999999999993,-0.1877000000000013,0.5469999999999997,0.8158999999999992,0.6041999999999996,0.05700000000002703,0.1649999999999885,-1.040999999999972,-0.5189999999999628,-0.13799999999994483,-0.5940000000000012,0.8489999999999931,0.14099999999999113,-0.9899999999999842,-0.2370000000000072,
0.4624000000000006,-0.5830000000000002,0.5022000000000002,0.07410000000000139,-0.6854999999999993,0.15579999999999927,-0.15940000000000154,0.5516999999999994,0.7828999999999997,0.5962999999999994,-0.24900000000000588,0.02100000000000435,-0.18000000000000682,-0.24600000000001288,-0.40500000000001535,-0.15900000000000247,-0.11400000000000077,-0.06000000000002004,0.1679999999999815,-0.10800000000001475,
0.4541000000000004,-0.5823,0.4962,0.06590000000000096,-0.6989999999999998,0.1504999999999992,-0.16320000000000157,0.5496999999999987,0.7884999999999991,0.5926999999999989,0.18299999999999983,0.3479999999999883,-0.23699999999998056,0.19799999999996487,0.40800000000000836,0.05100000000004101,1.1220000000000496,0.16500000000004178,-0.4349999999999721,0.28500000000002856,
0.4602000000000004,-0.5707000000000004,0.4883000000000006,0.07249999999999979,-0.6853999999999996,0.15220000000000056,-0.1257999999999999,0.5552000000000001,0.774,0.6021999999999998,-0.22500000000000853,-0.0870000000000104,-0.4770000000000607,-0.3330000000000233,-0.33000000000003027,-0.9179999999999922,0.6270000000000309,-0.11699999999999378,-0.5579999999999785,0.3540000000000276,
0.4527000000000001,-0.5736000000000008,0.4723999999999986,0.06139999999999901,0.5496999999999996,0.12160000000000082,-0.10489999999999888,0.5513000000000003,0.7554000000000007,-0.7264999999999997,0.15900000000000247,0.03600000000002268,-0.8549999999999791,-0.09299999999999642,-0.4619999999999891,-0.5970000000000475,1.1339999999999684,-0.7110000000000216,-0.33900000000003594,0.6269999999999776,
0.4580000000000002,-0.5724,0.4438999999999993,0.05829999999999913,0.5343,0.10169999999999924,-0.06709999999999994,0.5275999999999996,0.7440999999999995,-0.7056000000000004,-0.39299999999999,-0.19200000000003214,-1.040999999999972,-0.2609999999999779,-0.4680000000000284,-0.6630000000000003,0.335999999999963,-1.2510000000000154,-0.777000000000001,0.4589999999999961,
0.4449000000000005,-0.5788000000000011,0.40920000000000023,0.049599999999999866,0.518699999999999,0.07959999999999923,-0.05590000000000117,0.4858999999999991,0.7181999999999995,-0.6903000000000006,-0.5609999999999715,-0.9059999999999668,-1.1219999999999963,-0.8969999999999878,-0.48299999999994014,-0.5309999999999881,0.6480000000000352,-0.9209999999999852,0.023999999999997357,-0.0420000000000087,
0.42620000000000147,0.37180000000000035,-0.609,0.019700000000000273,0.502600000000001,0.06189999999999962,0.4551999999999996,-0.0343,0.7189999999999994,-0.6917000000000009,0.22499999999995524,0.22800000000000153,0.5460000000000065,0.5309999999999881,-0.05700000000002703,-0.05999999999996675,0.09000000000003006,0.0,-0.15899999999997583,5.3290705182007514E-14,
0.4337,-0.5907999999999998,0.3794000000000004,0.03739999999999988,0.5007000000000001,0.05990000000000073,-0.0343,0.4582000000000006,0.7137000000000002,-0.6916999999999991,-0.5460000000000065,-0.4650000000000354,-0.9270000000000245,-0.40500000000001535,-0.7589999999999897,-0.030000000000036664,0.31199999999996564,-0.8220000000000294,-0.1260000000000261,-0.024000000000050647,
0.41549999999999976,0.3484999999999996,-0.606300000000001,0.023899999999999366,0.4754000000000005,0.05889999999999951,0.4307999999999996,-0.023900000000001143,0.7094999999999994,-0.6925000000000008,0.10200000000002873,-0.9059999999999668,-0.27299999999994995,-0.4289999999999594,-0.4349999999999987,-0.4800000000000004,-0.22800000000000153,0.43799999999999173,0.09000000000000341,-0.16199999999999548,
0.4189000000000007,0.3183000000000007,-0.6153999999999993,0.009600000000000719,0.46090000000000053,0.042899999999999494,0.4231999999999996,-0.009300000000001418,0.7124999999999995,-0.6979000000000006,0.4769999999999541,-0.9390000000000498,0.044999999999948415,-0.3390000000000093,-1.1850000000000094,-0.5279999999999951,-1.5600000000000147,0.9570000000000078,-0.12000000000001343,-0.36599999999999966,
0.4347999999999992,0.28699999999999903,-0.613900000000001,-0.0016999999999995907,0.4214000000000002,0.025299999999999656,0.3711999999999991,0.022599999999998843,0.708499999999999,-0.7101000000000006,0.22800000000000153,-0.9059999999999668,0.18600000000004613,-0.384000000000011,-0.2069999999999972,-0.05699999999997374,0.33000000000003027,0.7380000000000386,0.08700000000003705,0.7140000000000413,
0.44239999999999924,0.25680000000000014,-0.6076999999999995,-0.014499999999999957,0.4145000000000003,0.02340000000000053,0.3822000000000001,0.04720000000000013,0.7114000000000003,-0.6862999999999992,0.003000000000046299,-0.012000000000025324,0.23999999999997357,-0.2159999999999762,-0.7200000000000273,-0.39899999999997604,-0.29099999999998793,0.5880000000000152,-0.4800000000000004,0.18599999999999284,
0.4425000000000008,0.2563999999999993,-0.5997000000000003,-0.021699999999999164,0.3904999999999994,0.01010000000000133,0.3725000000000005,0.06680000000000064,0.6954000000000002,-0.6800999999999995,-0.15600000000000946,0.03600000000002268,-0.09899999999998244,0.14699999999997715,-0.2909999999999613,-0.03300000000002967,0.14400000000001079,0.1740000000000208,0.14100000000001778,0.008999999999979025,
0.43730000000000047,0.25760000000000005,-0.6029999999999998,-0.016799999999999926,0.3808000000000007,0.009000000000000341,0.37730000000000086,0.07260000000000133,0.7001000000000008,-0.6798000000000002,0.22500000000000853,-0.1649999999999885,0.2579999999999849,-0.19499999999997186,-0.5460000000000065,-0.2670000000000172,0.1079999999999881,0.5669999999999575,-0.27599999999999625,0.7830000000000403,
0.44480000000000075,0.25210000000000043,-0.5944000000000003,-0.023299999999998988,0.3626000000000005,9.999999999976694E-5,0.38090000000000046,0.09149999999999991,0.690900000000001,-0.6536999999999988,-0.22200000000001552,-0.2069999999999972,-0.05699999999997374,-0.28500000000002856,-0.045000000000001705,-0.7559999999999434,0.1470000000000038,0.6960000000000299,0.07499999999998508,0.13500000000000512,
0.43740000000000023,0.24520000000000053,-0.5962999999999994,-0.03279999999999994,0.3611000000000004,-0.025099999999998346,0.3858000000000006,0.11470000000000091,0.6934000000000005,-0.6491999999999987,-0.1259999999999728,-1.1459999999999937,0.20400000000000418,-0.49499999999996547,-1.1279999999999824,-1.0350000000000392,-0.3270000000000106,0.8069999999999578,-0.2760000000000229,1.2239999999999718,
0.20700000000000074,0.43320000000000114,-0.5894999999999992,-0.04929999999999879,0.323500000000001,0.37490000000000023,-0.05959999999999965,0.1415999999999995,0.6841999999999997,-0.6083999999999996,-0.5819999999999759,-0.01800000000001134,0.08100000000002439,-0.9270000000000245,-0.5610000000000248,0.15300000000001646,-0.14399999999998414,0.729000000000033,-0.40499999999996206,0.705000000000009,
0.18760000000000154,0.43260000000000076,-0.5867999999999984,0.3048000000000002,-0.0801999999999996,0.3800000000000008,-0.06439999999999912,0.1659000000000006,-0.5848999999999993,0.670700000000001,-0.41400000000004766,0.11399999999994748,0.15899999999994918,-0.41400000000004766,0.08699999999995711,0.13199999999998546,-0.4349999999999987,0.27599999999999625,0.2940000000000076,-0.5490000000000261,
0.17379999999999995,0.436399999999999,-0.5815000000000001,0.2909999999999986,-0.07730000000000103,0.3844000000000003,-0.07889999999999908,0.17510000000000048,-0.5750999999999991,0.6524000000000001,0.0870000000000104,-0.1259999999999728,0.2999999999999936,-0.14999999999997016,0.19800000000001816,0.11100000000000776,0.22500000000000853,0.006000000000012662,0.2879999999999683,0.09900000000000908,
0.1767000000000003,0.4321999999999999,-0.5715000000000003,0.2859999999999996,-0.07070000000000043,0.38810000000000056,-0.0713999999999988,0.1753000000000009,-0.5655000000000001,0.6557000000000004,-0.831000000000035,-0.49800000000001177,-0.22800000000000153,-0.6029999999999802,-0.5370000000000275,-0.1890000000000125,-0.4320000000000057,0.5279999999999951,0.23400000000004084,-0.3149999999999853,
0.14899999999999913,0.4155999999999995,-0.5791000000000004,0.26590000000000025,-0.08860000000000134,0.38180000000000014,-0.08579999999999899,0.19290000000000074,-0.5576999999999988,0.6452000000000009,-0.6839999999999513,-0.19499999999997186,-0.22799999999994824,-0.43799999999999173,-0.17099999999992122,-0.045000000000001705,0.2519999999999989,0.09899999999998244,0.6239999999999846,-0.0840000000000174,
0.12620000000000076,0.40910000000000046,0.2513000000000005,-0.5866999999999987,-0.09429999999999872,0.3803000000000001,-0.07739999999999903,-0.5368999999999993,0.19620000000000015,0.6424000000000003,-0.5880000000000152,-0.5279999999999951,-1.2690000000000268,0.40799999999995507,-0.40800000000006165,-0.15300000000001646,0.722999999999967,0.5909999999999549,0.7289999999999797,-0.22800000000002818,
0.10660000000000025,0.3915000000000006,0.20899999999999963,-0.5731000000000002,-0.10790000000000077,0.37519999999999953,-0.053300000000000125,-0.5172000000000008,0.22049999999999947,0.6347999999999994,-0.09299999999999642,-0.0840000000000174,-0.1709999999999745,0.7500000000000107,-0.09599999999993614,-0.19799999999996487,0.16500000000004178,0.015000000000071623,0.405000000000042,0.4200000000000337,
0.10350000000000037,0.38870000000000005,0.20330000000000048,-0.5480999999999998,-0.11109999999999864,0.3686000000000007,-0.04779999999999873,-0.5166999999999984,0.23400000000000087,0.6488000000000005,-0.6899999999999906,0.09899999999998244,-0.782999999999987,0.05699999999997374,-0.6630000000000535,-0.39900000000002933,0.6029999999999536,0.22199999999993558,-0.48600000000003973,0.21899999999996922,
0.08050000000000068,0.39199999999999946,0.1772000000000009,-0.5462000000000007,-0.13320000000000043,0.3552999999999997,-0.02770000000000028,-0.5093000000000005,0.21779999999999955,0.6560999999999995,0.2999999999999936,5.3290705182007514E-14,0.11699999999999378,0.3420000000000556,0.3900000000000503,0.17100000000000115,-0.09899999999998244,0.047999999999994714,0.21300000000000985,-0.11999999999998678,
0.09050000000000047,0.39200000000000124,0.1811000000000007,-0.5347999999999988,-0.12019999999999875,0.36099999999999977,-0.030999999999999694,-0.5077000000000007,0.22489999999999988,0.6520999999999999,-0.4229999999999734,-0.4589999999999961,-0.6120000000000125,0.27300000000000324,-0.6179999999999986,0.0,0.5909999999999815,0.4139999999999944,-0.25800000000001155,0.6869999999999976,
0.07640000000000136,0.37670000000000137,0.1607000000000003,-0.5256999999999987,-0.1407999999999987,0.36099999999999977,-0.01130000000000031,-0.4939000000000009,0.2162999999999995,0.6749999999999998,-0.36300000000000665,0.18299999999999983,-0.5519999999999925,-0.07500000000003837,-0.0420000000000087,-0.31500000000001194,0.5220000000000091,0.3210000000000246,-0.029999999999983373,0.1649999999999885,
0.06430000000000113,0.38280000000000136,0.14230000000000054,-0.5282,-0.142199999999999,0.35049999999999937,0.006099999999999994,-0.4832000000000001,0.21530000000000005,0.6804999999999994,-1.2450000000000294,0.5369999999999209,-0.7830000000000403,1.0769999999999946,-0.24900000000005917,-0.10499999999996845,0.13799999999999812,0.5400000000000205,-0.14399999999998414,0.19200000000003214,
0.022800000000000153,0.4006999999999987,0.11619999999999919,-0.4923000000000002,-0.15050000000000097,0.3470000000000004,0.010699999999999932,-0.4651999999999994,0.21050000000000058,0.6869000000000005,-0.5940000000000012,-0.36599999999994637,-0.722999999999967,0.5339999999999812,-0.48899999999997945,-0.13799999999999812,0.01800000000001134,-0.1320000000000121,0.05999999999999339,0.029999999999983373,
0.0030000000000001137,0.3885000000000005,0.09210000000000029,-0.4745000000000008,-0.16680000000000028,0.3424000000000005,0.01130000000000031,-0.4695999999999998,0.21250000000000036,0.6879,-0.14399999999998414,0.15900000000000247,-0.5610000000000248,-0.0059999999999860165,-0.0809999999999711,0.48299999999999343,0.4979999999999851,-0.12599999999999945,-0.09000000000000341,-0.014999999999991687,
-0.0017999999999993577,0.3938000000000006,0.07339999999999947,-0.47470000000000034,-0.16949999999999932,0.35850000000000026,0.027899999999999814,-0.4737999999999998,0.20950000000000024,0.6874000000000002,-0.06899999999999906,0.23699999999998056,-0.0809999999999711,0.3540000000000276,0.05099999999998772,-0.22800000000000153,-0.26399999999999757,-0.05099999999998772,-0.09000000000000341,0.0029999999999930083,
-0.004099999999999326,0.40169999999999995,0.07070000000000043,-0.4628999999999994,-0.16779999999999973,0.3509000000000002,0.019099999999999895,-0.47549999999999937,0.20650000000000013,0.6875,-0.11100000000006105,0.0420000000000087,-0.6960000000000299,-0.1710000000000278,-0.03300000000002967,0.6419999999999959,0.7319999999999993,0.032999999999949736,0.18899999999998585,0.29399999999998094,
-0.007800000000001361,0.40310000000000024,0.04749999999999943,-0.46860000000000035,-0.16890000000000072,0.3723000000000001,0.04349999999999987,-0.47440000000000104,0.21279999999999966,0.6972999999999994,-0.2609999999999779,0.05999999999996675,-0.6299999999999706,0.36899999999999267,-0.4320000000000057,0.3270000000000106,-0.12300000000000644,-0.22199999999996223,0.13500000000000512,-0.14999999999997016,
-0.016500000000000625,0.4050999999999991,0.026500000000000412,-0.4563000000000006,-0.1833000000000009,0.38320000000000043,0.03939999999999966,-0.4817999999999998,0.21729999999999983,0.6923000000000004,0.5190000000000161,0.07200000000004536,-0.9869999999999912,0.15300000000001646,0.14700000000003044,0.8219999999999761,0.26399999999999757,0.05399999999998073,0.37500000000000533,0.6359999999999832,
0.40750000000000064,7.999999999999119E-4,-0.006399999999999295,-0.45120000000000005,-0.1783999999999999,0.048199999999999577,0.41059999999999963,-0.4800000000000004,0.2298,0.7134999999999998,-0.1290000000000191,-0.3420000000000023,-0.5279999999999951,0.18299999999999983,-0.5819999999999759,-0.07499999999998508,0.774000000000008,0.1260000000000261,-0.047999999999994714,0.34500000000002196,
0.4032,-0.010600000000000165,-0.023999999999999133,-0.44510000000000005,-0.1977999999999991,0.045700000000000074,0.4363999999999999,-0.47579999999999956,0.22820000000000018,0.7250000000000005,0.4589999999999961,0.21000000000004349,-0.18000000000000682,0.5190000000000161,-0.5580000000000318,0.2910000000000146,0.6540000000000212,-0.3360000000000163,0.5039999999999978,0.5820000000000025,
0.41849999999999987,-0.0035999999999987153,-0.02999999999999936,-0.4277999999999995,-0.21640000000000015,0.05540000000000056,0.4582000000000006,-0.4870000000000001,0.2450000000000001,0.7444000000000006,-0.3030000000000399,0.07499999999993179,-0.1350000000000584,-0.4620000000000424,-0.09000000000000341,-0.20100000000003782,0.05699999999997374,0.44099999999998474,-0.32099999999999795,-0.1680000000000348,
0.40839999999999854,-0.001100000000000989,-0.03450000000000131,-0.4432000000000009,-0.21940000000000026,0.0486999999999993,0.46009999999999973,-0.4723000000000006,0.23430000000000017,0.7387999999999995,0.1290000000000191,-0.17999999999995353,-0.4649999999999821,-0.19199999999997885,-0.2609999999999779,0.13800000000002477,0.7200000000000273,0.03300000000000303,0.035999999999996035,-0.0629999999999864,
0.4126999999999992,-0.05000000000000071,-0.00709999999999944,-0.4496000000000002,-0.22809999999999953,0.053300000000000125,-0.4712000000000005,0.48410000000000064,0.23550000000000004,0.7366999999999999,-0.0029999999999930083,-0.15300000000001646,-0.11100000000006105,0.0389999999999624,-0.5730000000000501,0.4890000000000061,0.21300000000000985,0.8519999999999861,-0.09299999999999642,0.702000000000016,
0.4125999999999994,-0.05510000000000126,-0.4483000000000015,-0.010800000000001475,0.7113999999999994,0.06960000000000033,-0.4641000000000002,0.23240000000000016,0.5125000000000002,-0.31620000000000026,-0.6810000000000116,-0.2159999999999762,-0.32699999999998397,-0.32699999999998397,-0.40199999999996905,0.0059999999999860165,0.24299999999999322,-0.10500000000002174,0.359999999999987,-0.47399999999998776,
0.389899999999999,-0.062300000000000466,-0.45920000000000094,-0.02170000000000094,0.6980000000000004,0.06979999999999986,-0.4560000000000004,0.22889999999999944,0.5244999999999997,-0.33199999999999985,-0.3749999999999787,-0.41100000000000136,-0.12299999999997979,-0.26699999999996393,-0.2579999999999849,0.20100000000001117,0.2850000000000019,0.2640000000000242,0.6270000000000042,-0.24599999999998623,
0.37739999999999974,-0.07600000000000051,-0.46330000000000027,-0.03059999999999974,0.6894000000000009,0.07650000000000023,-0.44650000000000034,0.23770000000000024,0.5453999999999999,-0.3401999999999994,-0.6360000000000099,0.1320000000000121,-0.22199999999996223,-0.378000000000025,-0.23400000000004084,0.2729999999999766,0.15000000000002345,-0.44700000000002404,-0.1770000000000138,-0.5250000000000021,
0.3561999999999994,-0.07160000000000011,-0.470699999999999,-0.04320000000000057,0.6815999999999995,0.08559999999999945,-0.44149999999999956,0.22279999999999944,0.5394999999999994,-0.35769999999999946,0.18299999999999983,0.2069999999999972,-0.5970000000000475,-0.10199999999997544,-0.01800000000001134,0.02700000000001701,-0.1260000000000261,0.021000000000030994,-0.2129999999999832,0.0,
0.3622999999999994,-0.0647000000000002,-0.04659999999999975,-0.4906000000000006,0.6809999999999992,0.08650000000000002,-0.44570000000000043,0.5324,0.22350000000000048,-0.35769999999999946,-0.4800000000000004,-0.49200000000002575,-0.765000000000029,-0.4169999999999874,-0.32099999999999795,0.29099999999998793,0.23700000000003385,0.1529999999999898,-0.3690000000000193,-0.45000000000001705,
0.3462999999999994,-0.08110000000000106,-0.07210000000000072,-0.5045000000000002,0.6702999999999992,0.09619999999999962,-0.4377999999999993,0.5374999999999996,0.21119999999999983,-0.37270000000000003,-0.5099999999999838,0.12300000000003308,0.10500000000002174,-0.28800000000002157,-0.35399999999997434,0.18600000000001948,0.17999999999995353,0.16199999999999548,-0.22199999999998887,-0.36300000000000665,
0.3292999999999999,-0.07699999999999996,-0.0686,-0.5141000000000009,0.6585000000000001,0.10240000000000027,-0.43180000000000085,0.5428999999999995,0.2038000000000002,-0.38480000000000025,-1.0170000000000279,-0.11699999999999378,-1.3800000000000345,-0.9810000000000052,-0.9690000000000332,-0.13800000000002477,0.10200000000000209,-0.5820000000000025,-0.9900000000000109,-1.1129999999999907,
0.295399999999999,-0.08089999999999975,-0.11460000000000115,-0.5468000000000011,0.7334999999999994,0.09779999999999944,-0.4284000000000008,0.5234999999999994,0.17079999999999984,0.0779999999999994,-0.4589999999999961,-0.09900000000003573,-1.031999999999993,-0.5939999999999479,-0.7709999999999617,0.30600000000000627,-0.24899999999997924,0.06300000000001305,-1.4129999999999843,-0.5009999999999781,
0.2800999999999991,-0.08420000000000094,-0.1490000000000009,-0.5665999999999993,0.7078000000000007,0.10799999999999965,-0.4367000000000001,0.5255999999999998,0.12370000000000037,0.06130000000000013,-0.32399999999999096,-0.06599999999995276,-1.1459999999999937,-0.20100000000001117,-0.9360000000000035,-0.3029999999999866,-0.05999999999999339,-0.3089999999999993,-0.7470000000000176,-0.2940000000000076,
0.26929999999999943,-0.08639999999999937,-0.1872000000000007,-0.5732999999999997,0.6766000000000005,0.0979000000000001,-0.43869999999999987,0.5152999999999999,0.09879999999999978,0.05149999999999988,-0.2999999999999936,-0.05400000000003402,0.07200000000004536,-0.3090000000000259,0.14399999999998414,0.43799999999999173,0.035999999999996035,0.1049999999999951,0.21600000000000286,0.0029999999999930083,
0.25929999999999964,-0.0882000000000005,-0.1847999999999992,-0.5836000000000006,0.6814,0.11249999999999982,-0.4375,0.5187999999999997,0.10599999999999987,0.051599999999999646,-0.11999999999998678,0.09299999999999642,-0.8460000000000001,0.1320000000000121,-0.0840000000000174,-0.2400000000000002,-0.09299999999999642,-0.6509999999999749,-0.9600000000000009,-0.5879999999999885,
0.2553000000000001,-0.08510000000000062,-0.2129999999999992,-0.5792000000000002,0.6785999999999994,0.10449999999999982,-0.4405999999999999,0.49710000000000054,0.07399999999999984,0.03200000000000003,-0.387000000000004,-0.4229999999999734,-0.5820000000000292,0.18599999999999284,-0.40199999999996905,0.05100000000001437,-0.15899999999997583,-0.43500000000002537,-0.8430000000000071,-0.23399999999998755,
0.24239999999999995,-0.09919999999999973,-0.23240000000000016,-0.5730000000000004,0.6652000000000005,0.1062000000000003,-0.4458999999999991,0.4825999999999997,0.04589999999999961,0.024200000000000443,-0.2159999999999762,0.030000000000036664,-1.3169999999999682,-0.23999999999997357,-0.8969999999999878,0.5399999999999938,-0.07800000000000473,-1.5179999999999794,-1.7249999999999766,-0.7229999999999936,
0.23520000000000074,-0.09819999999999851,-0.2762999999999991,-0.5809999999999995,0.6353000000000009,0.12420000000000009,-0.44849999999999923,0.4320000000000004,-0.01159999999999961,1.0000000000065512E-4,-0.006000000000039307,-0.05100000000004101,-0.381000000000018,-0.31800000000000495,-0.4800000000000537,0.23099999999999454,-0.4440000000000044,-0.6390000000000029,-0.9840000000000249,-0.13500000000003176,
0.23499999999999943,-0.09989999999999988,-0.2889999999999997,-0.5915999999999997,0.6192999999999991,0.1318999999999999,-0.4632999999999994,0.4107000000000003,-0.04440000000000044,-0.004400000000000404,0.06000000000002004,0.6600000000000072,0.0029999999999930083,0.4169999999999874,0.006000000000039307,0.24900000000000588,0.0059999999999860165,-0.5700000000000038,-0.6149999999999789,0.09900000000000908,
0.2370000000000001,-0.07789999999999964,-0.28889999999999993,-0.5777000000000001,0.6195000000000004,0.1402000000000001,-0.46309999999999985,0.39170000000000016,-0.06489999999999974,-0.001100000000000101,0.05100000000004101,-0.05699999999997374,-0.06299999999995975,-0.0029999999999930083,-0.36899999999999267,0.11100000000000776,0.07200000000001872,0.03000000000001002,-0.1470000000000038,0.22200000000001552,
0.23870000000000147,-0.07979999999999876,-0.2909999999999986,-0.5777999999999999,0.6072000000000006,0.14390000000000036,-0.4606999999999992,0.3927000000000005,-0.06979999999999986,0.006300000000000416,-0.21000000000004349,0.15299999999996317,-0.41400000000004766,0.22800000000000153,-0.015000000000018332,-0.3660000000000263,0.06899999999999906,-0.6660000000000199,-0.5880000000000152,-0.16200000000002213,
0.23170000000000002,-0.07469999999999999,-0.3048000000000002,-0.5701999999999998,0.6067,0.13169999999999948,-0.45839999999999925,0.37049999999999983,-0.08940000000000037,8.999999999996788E-4,-0.03900000000001569,0.13500000000000512,-0.335999999999963,-0.13799999999999812,-0.5609999999999715,0.14400000000001079,-0.03000000000001002,-0.6030000000000069,-1.0229999999999873,0.5580000000000052,
0.2303999999999995,-0.07019999999999982,-0.31599999999999895,-0.5747999999999998,0.588000000000001,0.13649999999999984,-0.4593999999999996,0.3503999999999996,-0.12349999999999994,0.01949999999999985,0.3450000000000486,0.9210000000000385,-1.1100000000000243,1.0500000000000043,-0.11999999999998678,0.3390000000000093,-0.20400000000003082,-0.78599999999998,-1.589999999999998,0.9180000000000188,
0.24190000000000111,-0.039499999999998536,-0.35299999999999976,-0.5397999999999996,0.5840000000000014,0.14780000000000015,-0.4662000000000006,0.32420000000000027,-0.17649999999999988,0.05010000000000048,-0.1740000000000741,0.8159999999999101,-0.13800000000005141,0.22199999999996223,-0.03600000000007597,-0.36300000000000665,-0.12599999999999945,-0.735000000000019,-0.807000000000011,-0.03900000000001569,
0.23609999999999864,-0.3576000000000015,-0.012300000000001532,-0.5324000000000009,0.5827999999999989,0.13569999999999993,0.29969999999999963,-0.4704000000000006,-0.20340000000000025,0.048799999999999955,-0.020999999999951058,-0.5999999999999339,0.1710000000000811,-0.11699999999994048,-0.341999999999949,-0.07199999999999207,-0.6269999999999776,-0.34199999999997566,-1.073999999999975,0.3360000000000163,
0.23540000000000028,-0.37759999999999927,-0.006599999999998829,0.5714000000000006,-0.5362999999999989,0.1333000000000002,0.2788000000000004,-0.4817999999999998,0.0600000000000005,-0.2391999999999994,-0.008999999999979025,0.20400000000000418,0.22500000000000853,-0.05699999999997374,0.0059999999999860165,0.011999999999998678,0.09299999999996977,0.0059999999999860165,0.2279999999999749,-0.012000000000025324,
0.23510000000000097,-0.37079999999999913,9.000000000014552E-4,0.5695000000000014,-0.5360999999999994,0.13370000000000015,0.2818999999999994,-0.48160000000000025,0.06759999999999966,-0.23960000000000026,-0.3930000000000433,-0.4770000000000607,0.26999999999995694,-0.1770000000000671,0.32399999999993767,0.3449999999999953,-0.8729999999999905,-0.2549999999999919,0.18299999999999983,-1.100999999999992,
0.22199999999999953,-0.38670000000000115,0.00990000000000002,0.5635999999999992,-0.5253000000000014,0.1452,0.2527999999999997,-0.4901,0.07369999999999965,-0.2763,-0.22499999999995524,-0.36299999999995336,-0.18299999999999983,-0.44399999999992446,-0.48599999999993315,-0.03000000000001002,-0.6119999999999859,0.05999999999999339,0.37799999999999834,-0.8849999999999891,
0.21450000000000102,-0.3987999999999996,0.0038000000000000256,0.5488000000000017,-0.5414999999999992,0.14419999999999966,0.23240000000000016,-0.4881000000000002,0.0862999999999996,-0.3057999999999996,-1.1370000000000147,-1.410000000000018,0.41100000000000136,-0.765000000000029,-0.8640000000000114,0.807000000000011,-1.2509999999999888,0.15900000000000247,-0.08399999999999075,-1.1760000000000037,
0.17660000000000053,0.01750000000000007,-0.4458000000000002,0.5233000000000008,0.24200000000000088,0.17110000000000003,-0.4828000000000001,0.19070000000000054,0.08349999999999991,0.5945,-0.2190000000000225,-0.4290000000000127,-0.5910000000000082,-0.1710000000000278,-0.1770000000000671,-0.047999999999994714,0.06600000000000605,-0.6540000000000212,-0.4079999999999817,-0.8009999999999984,
0.16929999999999978,0.0031999999999996476,-0.46550000000000047,0.5175999999999998,0.23609999999999864,0.1695000000000002,-0.4805999999999999,0.16889999999999983,0.06990000000000052,0.5678000000000001,0.32699999999998397,0.19199999999997885,-0.8160000000000167,-0.06300000000001305,0.08100000000002439,0.20400000000000418,-0.0870000000000104,-0.4079999999999817,0.23399999999998755,-0.21899999999999586,
0.18019999999999925,0.009599999999998943,-0.492700000000001,0.5154999999999994,0.23879999999999946,0.17630000000000035,-0.48350000000000026,0.15530000000000044,0.0777000000000001,0.5605000000000002,-0.33299999999997,-0.14999999999997016,-0.14699999999997715,-0.36599999999999966,-0.23099999999999454,-0.16200000000002213,0.00900000000000567,-0.15600000000000946,-0.34800000000001496,-0.3330000000000233,
0.16910000000000025,0.0045999999999999375,0.5032999999999994,-0.49760000000000026,0.23109999999999964,0.1708999999999996,-0.4832000000000001,0.0660999999999996,0.15010000000000012,0.5493999999999994,0.047999999999994714,0.09899999999998244,0.0420000000000087,-0.7889999999999731,0.06000000000002004,0.30300000000001326,-0.11100000000000776,-0.14099999999999113,-0.5279999999999951,-0.1709999999999745,
0.17070000000000007,0.007899999999999352,0.5046999999999997,-0.5238999999999994,0.2331000000000003,0.18100000000000005,-0.48690000000000033,0.0613999999999999,0.13250000000000028,0.5437000000000003,-0.5340000000000344,-0.06300000000001305,-0.07199999999999207,-1.3500000000000512,-0.18600000000004613,0.38399999999998435,0.24600000000001288,-0.8430000000000071,-1.0980000000000256,-0.8850000000000158,
0.15289999999999893,0.005799999999998917,0.5023,0.22689999999999877,-0.5689000000000011,0.19379999999999953,-0.4786999999999999,0.03329999999999966,0.5141999999999998,0.09589999999999943,0.3780000000000783,0.44400000000003104,0.24300000000001987,0.36000000000006693,-1.1069999999999247,0.3720000000000123,-0.4440000000000044,0.07800000000000473,-0.4139999999999944,-1.067999999999989,
0.16550000000000153,0.02059999999999995,0.5104000000000006,0.238900000000001,-0.6057999999999986,0.20619999999999994,-0.49350000000000005,0.03589999999999982,0.5004,0.0602999999999998,0.20099999999995788,-0.0029999999999930083,-0.2940000000000076,0.24599999999995958,-1.080000000000041,0.1079999999999881,0.04199999999998205,-0.2790000000000159,-0.6179999999999986,-0.387000000000004,
0.17220000000000013,0.020500000000000185,0.5006000000000004,0.24709999999999965,-0.6417999999999999,0.20979999999999954,-0.49210000000000065,0.02659999999999929,0.4798,0.047399999999999665,-0.36000000000001364,0.44099999999998474,-0.2069999999999972,0.11999999999998678,-0.8460000000000001,-0.21600000000000286,0.01800000000001134,-0.3119999999999923,-0.35700000000002063,-0.5849999999999955,
0.16019999999999968,0.035199999999999676,0.49370000000000047,0.2510999999999992,-0.6699999999999999,0.20259999999999945,-0.49150000000000027,0.016199999999999548,0.4678999999999993,0.027899999999999814,-0.0389999999999624,-0.1709999999999745,-0.2940000000000076,-0.36599999999994637,0.047999999999994714,-0.3179999999999783,0.01800000000001134,0.054000000000007375,-0.11099999999998111,-0.351000000000008,
0.15890000000000093,0.4839000000000002,0.029500000000000526,0.238900000000001,-0.13049999999999962,0.19200000000000017,0.017999999999999794,-0.4908999999999999,0.46419999999999995,0.6517999999999997,-0.13800000000005141,-0.003000000000046299,0.11099999999995447,0.020999999999951058,0.0809999999999711,-0.24900000000000588,-0.8249999999999957,-0.09000000000000341,-0.8009999999999984,-0.749999999999984,
0.15429999999999922,0.4837999999999987,0.03319999999999901,0.23959999999999937,-0.12780000000000058,0.18369999999999997,-0.009500000000000064,-0.4939,0.4375,0.6268000000000002,0.1770000000000138,-0.4229999999999734,0.6480000000000352,0.6090000000000195,0.06600000000000605,-0.6900000000000173,-0.05100000000001437,-0.42300000000000004,-0.6240000000000112,-0.6090000000000195,
0.16019999999999968,0.46969999999999956,0.2599,0.05480000000000018,-0.12560000000000038,0.1606999999999994,-0.011200000000000543,0.4166999999999996,-0.508,0.6064999999999996,0.6419999999999959,0.13500000000000512,0.31800000000000495,1.095000000000006,0.1680000000000348,-0.4589999999999961,-0.777000000000001,-1.0710000000000086,0.11400000000000077,-1.1850000000000094,
0.18159999999999954,0.2705000000000002,0.47419999999999973,0.09130000000000038,-0.11999999999999922,0.14539999999999953,0.38099999999999934,-0.03710000000000058,-0.5042,0.5669999999999993,0.0870000000000104,0.4979999999999585,-0.01800000000001134,0.0809999999999711,-0.08700000000006369,-0.5639999999999645,-0.4679999999999751,-0.1289999999999658,-0.035999999999996035,-0.5639999999999645,
0.1844999999999999,0.2870999999999988,0.47359999999999935,0.09399999999999942,-0.12290000000000134,0.1266000000000007,0.36540000000000017,-0.04139999999999944,-0.5053999999999998,0.5482000000000005,0.36899999999999267,0.15900000000005576,0.24600000000001288,0.8070000000000377,0.08700000000006369,-0.10500000000002174,-0.5519999999999925,-0.11700000000002042,-0.13799999999999812,-0.24900000000000588,
0.19679999999999964,0.29240000000000066,0.4817999999999998,0.12090000000000067,-0.11999999999999922,0.12309999999999999,0.3470000000000004,-0.04530000000000012,-0.5099999999999998,0.5399000000000003,-0.1320000000000121,0.05699999999997374,0.05399999999998073,0.03299999999997638,-0.009000000000032315,0.0,-0.1710000000000278,-0.2790000000000159,-0.1890000000000125,-0.16200000000002213,
0.19239999999999924,0.2942999999999998,0.48359999999999914,0.12199999999999989,-0.1203000000000003,0.12309999999999999,0.3412999999999995,-0.05460000000000065,-0.5163000000000002,0.5344999999999995,-0.4739999999999611,0.3540000000000276,0.20100000000001117,0.4800000000000004,-0.14999999999997016,-0.27300000000000324,-0.07199999999999207,-0.08399999999999075,0.18000000000000682,-0.4800000000000004,
0.17660000000000053,0.3061000000000007,0.4902999999999995,0.1379999999999999,-0.1252999999999993,0.11399999999999988,0.33889999999999976,-0.05740000000000034,-0.5103,0.5184999999999995,0.5099999999999838,0.6029999999999802,0.3479999999999883,0.6929999999999836,-0.006000000000039307,-0.2999999999999936,-0.6299999999999972,-0.2579999999999849,-0.08399999999999075,-0.18599999999999284,
0.1936,0.32620000000000005,0.5018999999999991,-0.1255000000000006,0.16109999999999935,0.10400000000000009,0.31789999999999985,-0.06599999999999984,0.5122999999999998,-0.5130999999999997,0.713999999999988,0.045000000000001705,0.6570000000000142,0.16199999999999548,1.473000000000031,-0.1499999999999968,0.3990000000000027,-0.21600000000000286,-0.5549999999999855,0.7889999999999997,
0.2173999999999996,0.3277000000000001,-0.12010000000000076,0.5237999999999996,0.2102000000000004,0.0990000000000002,0.33119999999999994,0.49380000000000024,-0.07319999999999993,-0.4867999999999997,0.10200000000002873,0.2849999999999753,0.06899999999999906,0.13500000000000512,0.23999999999997357,0.1890000000000125,-0.2669999999999906,-0.24599999999998623,-0.389999999999997,-0.0629999999999864,
0.22080000000000055,0.3371999999999993,-0.11780000000000079,0.5282999999999998,0.2181999999999995,0.10530000000000062,0.32230000000000025,0.4856000000000007,-0.08619999999999983,-0.4888999999999992,-0.030000000000036664,-0.0809999999999711,0.13500000000000512,0.3029999999999866,0.7230000000000203,-0.28200000000003556,-0.411000000000028,-0.42900000000003935,-0.7170000000000076,0.11399999999997412,
0.21979999999999933,0.33450000000000024,-0.11330000000000062,0.24230000000000018,0.5383999999999993,0.09589999999999943,0.3085999999999993,0.4712999999999994,-0.4851000000000001,-0.11010000000000009,-0.05099999999998772,0.0389999999999624,-0.008999999999979025,-0.3360000000000163,0.1649999999999885,0.01800000000001134,-0.05099999999998772,0.006000000000012662,0.054000000000007375,0.12300000000000644,
0.21809999999999974,0.335799999999999,-0.11359999999999992,0.23109999999999964,0.5438999999999989,0.09649999999999981,0.30689999999999973,0.4714999999999998,-0.48329999999999984,-0.10599999999999987,0.36599999999999966,-0.047999999999994714,0.14699999999997715,0.5640000000000178,0.2610000000000312,-0.2999999999999936,-0.2759999999999696,-0.3509999999999813,-0.21600000000000286,-0.5219999999999825,
0.23029999999999973,0.33419999999999916,-0.10870000000000068,0.24990000000000023,0.5526,0.08650000000000002,0.29770000000000074,0.45980000000000043,-0.49049999999999994,-0.12339999999999929,0.14700000000003044,0.18299999999999983,0.378000000000025,0.3360000000000163,0.49800000000001177,0.008999999999979025,-0.18300000000002647,-0.1680000000000348,0.2549999999999919,-0.04500000000002835,
0.23520000000000074,0.34029999999999916,-0.09609999999999985,0.2611000000000008,0.5692000000000004,0.08679999999999932,0.29159999999999986,0.45419999999999927,-0.4820000000000002,-0.12490000000000023,1.0559999999999903,0.831000000000035,0.9749999999999659,1.433999999999962,1.11899999999995,-1.565999999999974,-0.7979999999999787,-1.3259999999999739,-0.9449999999999825,-1.8659999999999943,
0.2704000000000004,-0.06360000000000099,0.3680000000000003,0.3088999999999995,0.6064999999999987,0.034600000000000186,0.41000000000000014,0.26500000000000057,-0.5134999999999996,-0.18710000000000004,-0.4800000000000537,0.06600000000000605,-0.1680000000000348,-0.12300000000003308,0.10800000000001475,-0.36599999999999966,-0.39599999999998303,-0.047999999999994714,-0.2970000000000006,-0.5309999999999881,
0.2543999999999986,-0.06140000000000079,0.36239999999999917,0.3047999999999984,0.6100999999999992,0.022400000000000198,0.3968000000000007,0.26340000000000074,-0.5233999999999996,-0.20479999999999965,0.5310000000000414,0.3360000000000163,0.7920000000000194,0.9210000000000385,0.7200000000000273,-0.7559999999999967,-0.4830000000000201,-0.28500000000002856,-0.45000000000001705,-0.2790000000000159,
0.2721,-0.050200000000000244,0.3887999999999998,0.3354999999999997,0.6341000000000001,-0.0027999999999996916,0.38070000000000004,0.2538999999999998,-0.5384000000000002,-0.21410000000000018,0.16199999999999548,0.10800000000001475,-0.014999999999965041,-0.3420000000000023,0.07799999999997809,0.17399999999999416,0.045000000000001705,0.6659999999999933,0.07499999999998508,0.5039999999999978,
0.27749999999999986,-0.04659999999999975,0.388300000000001,0.3240999999999996,0.6366999999999994,0.0030000000000001137,0.3822000000000001,0.27609999999999957,-0.5359000000000007,-0.19730000000000025,-0.0029999999999930083,0.03299999999997638,0.7469999999999644,0.3510000000000346,0.06900000000005235,-0.746999999999991,-0.07199999999999207,-0.26699999999996393,-0.1859999999999662,-0.8849999999999891,
0.2774000000000001,-0.04550000000000054,0.4131999999999998,0.33580000000000076,0.6390000000000011,-0.021899999999999586,0.37980000000000036,0.26720000000000077,-0.5420999999999996,-0.2267999999999999,0.9720000000000262,1.0740000000000016,0.7470000000000176,1.2029999999999674,1.1190000000000033,-0.384000000000011,-0.16800000000000814,0.3719999999999857,0.32099999999999795,-0.4919999999999991,
0.30980000000000096,-0.009700000000000486,0.4381000000000004,0.3758999999999997,0.6763000000000012,-0.03469999999999995,0.3742000000000001,0.2796000000000003,-0.5313999999999997,-0.24319999999999986,1.08900000000002,0.8100000000000307,0.09299999999999642,1.3080000000000425,0.8009999999999984,-0.14099999999999113,0.771000000000015,1.2660000000000071,0.7259999999999867,0.32099999999999795,
0.34610000000000163,0.017300000000000537,0.44120000000000026,0.4195000000000011,0.7030000000000012,-0.03939999999999966,0.3999000000000006,0.32180000000000053,-0.5072000000000001,-0.23249999999999993,0.5339999999999279,0.4319999999999524,0.044999999999948415,0.4199999999999271,0.48599999999993315,-0.26100000000000456,0.27300000000000324,0.13199999999998546,0.31500000000001194,0.7500000000000107,
0.3638999999999992,0.03169999999999895,0.44269999999999854,0.43349999999999866,0.719199999999999,-0.04809999999999981,0.4090000000000007,0.32620000000000005,-0.4966999999999997,-0.20749999999999957,1.2660000000000338,0.8610000000000717,0.8970000000000944,0.6810000000000649,1.077000000000048,-0.7919999999999927,0.5099999999999838,0.7200000000000006,0.746999999999991,0.6179999999999986,
0.40610000000000035,0.06040000000000134,0.4726000000000017,0.4562000000000008,0.7551000000000005,-0.07449999999999957,0.42600000000000016,0.35020000000000007,-0.4718,-0.18689999999999962,-0.3509999999999813,-0.4260000000000197,-0.5430000000000135,-0.18899999999998585,-0.4770000000000074,0.2579999999999849,0.08399999999999075,-0.07199999999999207,0.047999999999994714,-0.08099999999999774,
0.39440000000000097,0.046200000000000685,0.45450000000000124,0.4499000000000013,0.7392000000000003,-0.06590000000000007,0.42879999999999985,0.34780000000000033,-0.4702000000000002,-0.18959999999999955,0.6329999999999636,0.6029999999999802,0.5939999999999479,0.7889999999999731,1.026000000000007,-0.12599999999999945,0.5279999999999951,0.6239999999999846,0.7980000000000054,0.8159999999999901,
0.41549999999999976,0.06630000000000003,0.4742999999999995,0.4762000000000004,0.7734000000000005,-0.07010000000000005,0.4463999999999997,0.3685999999999998,-0.4436,-0.16239999999999988,0.9629999999999939,0.9179999999999922,0.9600000000000009,0.9209999999999852,0.8460000000000001,0.30600000000000627,0.8760000000000101,0.7650000000000023,1.2599999999999945,0.9659999999999869,
0.44759999999999955,0.09689999999999976,0.5062999999999995,0.5068999999999999,0.8016000000000005,-0.05989999999999984,0.4756,0.3940999999999999,-0.4016000000000002,-0.13020000000000032,0.39900000000002933,0.5520000000000458,0.4230000000000267,0.33000000000003027,1.1100000000000243,0.7650000000000023,1.5330000000000243,1.8420000000000236,1.6500000000000181,1.8720000000000336,
0.46090000000000053,0.11530000000000129,0.5179000000000009,0.5204000000000004,0.8386000000000013,-0.034399999999999764,0.5267000000000008,-0.3465999999999996,0.4555000000000007,-0.0677999999999992,0.32699999999998397,0.44099999999998474,0.8369999999999678,0.7439999999999714,0.8969999999999878,0.6059999999999732,0.7949999999999591,0.8999999999999808,1.4069999999999716,1.040999999999972,
0.4718,0.13000000000000078,0.5457999999999998,0.5451999999999995,0.8685000000000009,-0.014200000000000657,0.5531999999999995,-0.3166000000000002,0.5023999999999997,-0.03310000000000013,0.3330000000000233,0.5339999999999812,0.4320000000000057,0.5910000000000082,1.1430000000000007,0.5100000000000104,0.7200000000000006,0.42899999999998606,1.3199999999999878,0.8579999999999988,
0.4829000000000008,0.14780000000000015,0.5602,0.5648999999999997,0.906600000000001,0.0027999999999996916,0.5771999999999995,-0.3023000000000007,0.5463999999999993,-0.0045000000000001705,-0.5310000000000414,-0.5430000000000135,-0.3029999999999866,-0.5430000000000135,-0.6120000000000125,0.03900000000001569,-0.014999999999991687,-0.05999999999996675,-0.4199999999999804,-0.20400000000000418,
0.4651999999999994,0.1296999999999997,0.5501000000000005,0.5467999999999993,0.8862000000000005,0.004100000000000215,0.5766999999999998,-0.30429999999999957,0.5324,-0.01130000000000031,0.015000000000018332,0.23699999999998056,0.23999999999997357,0.6990000000000229,0.7559999999999434,0.6689999999999863,0.9269999999999978,0.7319999999999727,1.775999999999991,0.9719999999999995,
0.4657,0.13759999999999906,0.5580999999999996,0.5701,0.9113999999999987,0.026399999999999757,0.6075999999999997,-0.2799000000000005,0.5915999999999997,0.021099999999999675,0.047999999999994714,0.5550000000000388,0.40800000000000836,0.3719999999999857,0.32100000000005124,0.8520000000000127,0.8580000000000254,0.702000000000016,0.8910000000000018,0.7980000000000054,
0.4672999999999998,0.5716999999999999,0.15610000000000035,0.5824999999999996,0.9221000000000004,0.05480000000000018,-0.25649999999999995,0.6362000000000005,0.6212999999999997,0.047699999999999854,-0.39599999999998303,0.8699999999999974,0.9629999999999939,0.9510000000000218,1.7730000000000246,1.869000000000014,0.6780000000000186,2.1119999999999806,2.616000000000005,1.8090000000000206,
0.4541000000000004,0.6006999999999998,0.18820000000000014,0.6142000000000003,0.9812000000000012,0.11710000000000065,-0.23389999999999933,0.7065999999999999,0.7084999999999999,0.10800000000000054,-0.41100000000000136,0.7980000000000054,0.2609999999999779,0.03599999999996939,1.3229999999999542,0.5009999999999781,0.5399999999999938,0.8550000000000058,0.6000000000000139,0.5219999999999825,
0.44040000000000035,0.6273,0.1968999999999994,0.6153999999999993,1.0252999999999997,0.13379999999999992,-0.21589999999999954,0.7351000000000001,0.7285000000000004,0.12539999999999996,-0.2910000000000146,0.389999999999997,0.31200000000001893,0.6720000000000326,0.3030000000000399,0.6750000000000256,0.46800000000000175,0.8400000000000141,0.26399999999999757,0.6570000000000142,
0.43069999999999986,0.6402999999999999,0.20730000000000004,0.6378000000000004,1.035400000000001,0.15630000000000077,-0.20029999999999948,0.7631000000000006,0.7373000000000003,0.14730000000000043,0.03300000000002967,0.15600000000000946,-0.008999999999979025,-0.05999999999996675,-0.1710000000000278,-0.1920000000000055,-0.08099999999999774,0.00900000000000567,0.18599999999999284,0.1079999999999881,
0.43180000000000085,0.6455000000000002,0.20700000000000074,0.6358000000000015,1.0297,0.1499000000000006,-0.2029999999999994,0.7634