0.1706000000000003,-0.4623999999999997,-0.25509999999999966,-0.040899999999999714,-0.6642000000000001,-0.3452000000000002,0.12180000000000035,-0.4405999999999999,-0.8209,0.5345999999999993,0.10200000000000209,0.045000000000001705,0.7500000000000107,-0.0059999999999860165,-0.16199999999999548,-0.03299999999997638,-0.03599999999996939,-0.22199999999996223,0.006000000000039307,-0.2039999999999509,
0.17400000000000038,-0.46089999999999964,-0.2300999999999993,-0.04109999999999925,-0.6696,-0.3462999999999994,0.12060000000000137,-0.4479999999999986,-0.8206999999999987,0.5278000000000009,0.22500000000000853,-0.49800000000001177,0.5759999999999899,0.020999999999977703,0.05999999999999339,0.11999999999998678,0.43799999999993844,0.9329999999999572,0.3779999999999717,0.6809999999999583,
0.18150000000000066,-0.21089999999999964,-0.47750000000000004,-0.04039999999999999,-0.6676000000000002,-0.3422999999999998,-0.41690000000000005,0.13519999999999932,-0.8080999999999996,0.5504999999999995,-0.2190000000000225,-0.08099999999999774,0.06600000000000605,0.06899999999999906,-0.09899999999998244,0.11400000000000077,0.06000000000002004,-0.07799999999997809,-0.11400000000000077,-0.2549999999999919,
0.1741999999999999,-0.21359999999999957,-0.47529999999999983,-0.03810000000000002,-0.6708999999999996,-0.3384999999999998,-0.4148999999999994,0.13260000000000005,-0.8118999999999996,0.5419999999999998,0.1320000000000121,0.8429999999999804,-0.2820000000000089,-0.035999999999996035,0.026999999999990365,0.008999999999979025,0.3029999999999333,0.6539999999999679,0.2579999999999849,0.2129999999999832,
0.17860000000000031,-0.18550000000000022,-0.48470000000000013,-0.03929999999999989,-0.6699999999999999,-0.3382000000000005,-0.4048000000000016,0.15439999999999898,-0.8033000000000001,0.5490999999999993,0.12599999999999945,0.6150000000000055,-0.5910000000000082,0.24899999999997924,0.1529999999999898,0.5940000000000012,0.20700000000005048,0.10200000000002873,-0.0059999999999860165,-0.01799999999995805,
0.1828000000000003,-0.16500000000000004,-0.5044000000000004,-0.031000000000000583,-0.6649000000000003,-0.31840000000000046,-0.3978999999999999,0.15779999999999994,-0.8034999999999997,0.5485000000000007,0.2639999999999709,-0.2970000000000006,-0.5159999999999965,-0.20099999999998452,-0.24299999999999322,-0.6239999999999846,-0.2160000000000295,0.045000000000001705,-0.24600000000001288,-0.1710000000000278,
0.19159999999999933,-0.17490000000000006,-0.5216000000000003,-0.03770000000000007,-0.673,-0.33919999999999995,-0.4051000000000009,0.1593,-0.8117000000000001,0.5427999999999997,-0.03299999999997638,0.45300000000001006,2.6645352591003757E-14,0.15900000000000247,0.36599999999999966,0.5940000000000012,0.41100000000000136,0.05399999999998073,0.24900000000000588,-0.4139999999999944,
0.1905000000000001,-0.15979999999999972,-0.5215999999999994,-0.032399999999999984,-0.6608,-0.3193999999999999,-0.39140000000000086,0.16109999999999935,-0.8033999999999999,0.5289999999999999,-0.46800000000000175,-0.743999999999998,-1.485000000000003,-0.22199999999998887,-0.13499999999997847,-0.18599999999999284,0.4230000000000267,0.35700000000002063,0.10499999999996845,0.03299999999997638,
0.17490000000000006,-0.18459999999999965,-0.5710999999999995,-0.03979999999999961,-0.6652999999999993,-0.32559999999999967,-0.37729999999999997,0.17300000000000004,-0.7999000000000009,0.5300999999999991,0.15900000000000247,-0.07500000000001172,-0.05700000000002703,0.19199999999997885,-0.1530000000000431,-0.15300000000001646,0.19199999999997885,0.15599999999995617,0.09299999999999642,0.39900000000002933,
0.18020000000000014,-0.18710000000000004,-0.5730000000000004,-0.03340000000000032,-0.6704000000000008,-0.3307000000000002,-0.3709000000000007,0.17819999999999858,-0.7968000000000011,0.5434000000000001,0.3270000000000106,-0.23099999999999454,-1.3949999999999996,-0.3149999999999853,-0.4619999999999891,-0.10500000000002174,0.1320000000000121,-0.1259999999999728,-0.026999999999990365,0.10799999999996146,
0.1911000000000005,-0.19479999999999986,-0.6195000000000004,-0.04389999999999983,0.008600000000000385,-0.33420000000000094,-0.36650000000000027,0.1739999999999995,-0.7977000000000007,0.8739999999999988,0.47099999999999476,-0.07199999999999207,-0.5039999999999978,0.5039999999999978,-0.6210000000000182,-0.4679999999999751,-0.10199999999997544,0.026999999999990365,-0.0389999999999624,-0.6809999999999583,
0.20680000000000032,-0.1971999999999996,-0.6363000000000003,-0.027099999999999902,-0.012100000000000222,-0.3498000000000001,-0.36989999999999945,0.17489999999999917,-0.7989999999999995,0.8513000000000002,0.36899999999999267,0.4649999999999821,-0.5369999999999742,-0.40500000000001535,-0.057000000000000384,0.15299999999996317,0.32399999999993767,0.0870000000000104,0.06599999999995276,0.14999999999997016,
-0.1817000000000002,0.21910000000000007,-0.6541999999999994,-0.040600000000000414,-0.014000000000000234,-0.35910000000000153,-0.34470000000000134,0.17779999999999951,-0.7968000000000011,0.8562999999999992,-0.5759999999999899,-0.3990000000000027,-0.6930000000000103,0.2340000000000142,-0.5999999999999872,-0.059999999999913456,-0.1199999999999335,0.07200000000004536,0.12000000000004007,-0.15599999999995617,
0.20579999999999998,-0.20089999999999986,-0.6772999999999998,-0.03279999999999994,-0.03399999999999981,-0.3486999999999991,-0.36109999999999864,0.18020000000000103,-0.7927999999999997,0.8511000000000006,0.7919999999999927,0.7530000000000037,-0.7620000000000093,0.807000000000011,0.13799999999999812,-0.35700000000002063,0.020999999999951058,0.029999999999983373,-0.20100000000001117,-0.048000000000048004,
-0.17579999999999973,0.23219999999999974,-0.7027000000000001,-0.005899999999999572,-0.02939999999999987,-0.3604000000000003,-0.3605999999999998,0.18120000000000047,-0.7995000000000001,0.849499999999999,-0.2370000000000072,0.00900000000000567,-0.48299999999999343,-0.2519999999999989,-0.11400000000000077,-0.39299999999999,-0.16199999999999548,-0.4169999999999874,-0.14099999999999113,-0.2519999999999456,
-0.18369999999999997,0.23249999999999993,-0.7187999999999999,-0.014299999999999535,-0.033199999999999896,-0.37349999999999994,-0.36599999999999966,0.1673000000000009,-0.8041999999999998,0.8411000000000008,-0.45000000000001705,0.44099999999998474,-2.4840000000000195,0.335999999999963,-1.1040000000000116,0.27599999999999625,-0.6179999999999986,0.05399999999998073,0.24300000000001987,0.5969999999999942,
-0.19870000000000054,0.24719999999999942,-0.003100000000000769,-0.8016000000000005,-0.07000000000000028,-0.36430000000000007,-0.3865999999999996,-0.7960999999999991,0.16910000000000025,0.8610000000000007,0.14700000000003044,0.381000000000018,0.375000000000032,0.03600000000002268,0.07800000000000473,0.5400000000000205,0.5279999999999951,0.40200000000002234,0.5820000000000292,0.5370000000000275,
-0.19379999999999953,0.2599,0.009400000000000297,-0.8003999999999998,-0.06740000000000013,-0.3462999999999994,-0.3689999999999998,-0.7826999999999984,0.18850000000000122,0.8789000000000016,0.12299999999997979,0.9059999999999935,0.5729999999999968,-0.9120000000000061,-0.7559999999999967,0.5789999999999829,0.39899999999997604,0.6089999999999662,-0.0900000000000567,-0.24000000000002686,
-0.1897000000000002,0.2900999999999998,0.028500000000000192,-0.8308,-0.09260000000000002,-0.32699999999999996,-0.35570000000000057,-0.7623999999999995,0.18549999999999933,0.8709000000000007,-0.43799999999999173,0.351000000000008,0.05999999999999339,-0.22499999999998188,-0.6749999999999989,0.36599999999999966,-0.43799999999999173,-0.009000000000032315,0.1649999999999885,-0.834000000000028,
-0.20429999999999993,0.30180000000000007,0.03049999999999997,-0.11509999999999998,-0.8382999999999994,-0.31479999999999997,-0.3703000000000003,-0.7627000000000006,0.8430999999999997,0.19099999999999895,-0.5669999999999842,0.5580000000000052,0.18299999999999983,-0.710999999999995,-1.6530000000000111,0.19499999999997186,0.2940000000000076,0.22200000000001552,0.3749999999999787,0.39900000000002933,
-0.2231999999999994,0.32040000000000024,0.036599999999999966,-0.1387999999999998,-0.8933999999999997,-0.3083000000000009,-0.36050000000000004,-0.7553000000000001,0.855599999999999,0.20429999999999993,-0.22200000000001552,-0.42899999999998606,-0.18899999999998585,-0.1920000000000055,-0.2099999999999902,-0.014999999999965041,-0.11400000000000077,-0.19800000000001816,0.2940000000000076,-0.1740000000000208,
-0.23059999999999992,0.3061000000000007,0.030300000000000438,-0.1452,-0.9003999999999994,-0.30879999999999974,-0.36430000000000007,-0.7619000000000007,0.8653999999999993,0.19849999999999923,-1.518000000000006,0.6389999999999763,0.5489999999999995,-1.6680000000000028,-2.1420000000000172,1.172999999999984,0.702000000000016,0.7470000000000176,-1.1549999999999727,-0.2969999999999473,
-0.2812000000000001,0.3273999999999999,0.04860000000000042,-0.2008000000000001,-0.9718,-0.2697000000000003,-0.34089999999999954,-0.7370000000000001,0.8269000000000002,0.188600000000001,-1.383000000000001,0.387000000000004,-0.02100000000000435,-0.5609999999999982,-1.0289999999999733,-0.4710000000000214,-0.18900000000003914,-0.1260000000000261,-0.03900000000001569,-0.06900000000005235,
-0.32730000000000015,0.34030000000000005,0.047900000000000276,-0.21950000000000003,-1.006099999999999,-0.285400000000001,-0.34720000000000084,-0.741200000000001,0.8255999999999997,0.18629999999999924,-0.6900000000000173,0.2669999999999906,-0.351000000000008,-1.1190000000000033,-0.6540000000000479,-0.03299999999997638,0.05700000000002703,0.1260000000000261,-1.1400000000000077,-0.02100000000000435,
-0.3503000000000007,0.34919999999999973,0.03620000000000001,-0.25680000000000014,-1.0279000000000007,-0.2865000000000002,-0.34529999999999994,-0.7370000000000001,0.7875999999999994,0.1855999999999991,-0.6960000000000033,0.20400000000000418,-0.22500000000000853,-0.9509999999999952,-0.7620000000000093,0.8039999999999914,0.8670000000000044,0.710999999999995,0.15300000000001646,0.7170000000000343,
-0.37350000000000083,0.35599999999999987,0.028699999999999726,-0.2885,-1.053300000000001,-0.2597000000000005,-0.3163999999999998,-0.7133000000000003,0.7927,0.20950000000000024,-1.0349999999999593,0.381000000000018,0.08100000000002439,-0.06599999999997941,-1.0619999999999497,-0.17999999999995353,-0.44699999999997075,-0.03299999999997638,-1.0169999999999746,0.0029999999999930083,
-0.4079999999999995,0.36870000000000047,0.03140000000000054,-0.2906999999999993,-1.0886999999999993,-0.26569999999999894,-0.3312999999999988,-0.7143999999999995,0.7588000000000008,0.2096,-0.5550000000000388,-0.36300000000000665,-0.39000000000002366,-1.0710000000000086,-0.8130000000000237,-0.31500000000001194,0.05999999999996675,-0.41100000000000136,-0.4320000000000057,-0.01800000000001134,
0.35660000000000025,-0.42650000000000077,0.01839999999999975,-0.3263999999999996,-0.21860000000000035,-0.3292999999999999,-0.27619999999999933,-0.7280999999999995,0.7444000000000006,-1.0942000000000007,1.3529999999999909,-0.5820000000000025,0.4440000000000044,-0.48000000000002707,1.4399999999999746,0.3509999999999813,0.335999999999963,0.44399999999997775,0.008999999999979025,0.5640000000000178,
0.40169999999999995,-0.44590000000000085,0.033199999999999896,-0.3424000000000005,-0.1706000000000012,-0.31760000000000055,-0.26500000000000057,-0.7133000000000003,0.7446999999999999,-1.0754000000000001,-0.023999999999997357,-0.9389999999999699,-0.21600000000000286,-0.75599999999997,0.1500000000000501,0.2190000000000225,0.07500000000003837,0.15900000000000247,-0.20400000000000418,0.41100000000000136,
0.40090000000000003,-0.47719999999999985,0.0259999999999998,-0.3675999999999995,-0.16559999999999953,-0.3102999999999998,-0.2624999999999993,-0.7080000000000002,0.7378999999999998,-1.0617,0.5159999999999965,-0.21600000000000286,0.8250000000000224,0.3929999999999634,0.9749999999999925,-1.4010000000000389,-0.39900000000002933,-0.18900000000003914,-0.2160000000000295,-0.0870000000000104,
0.4180999999999999,-0.48439999999999994,0.05350000000000055,-0.3545000000000007,-0.13309999999999977,-0.3570000000000011,-0.27580000000000027,-0.7143000000000015,0.7306999999999988,-1.0646000000000004,0.32399999999999096,-0.5399999999999938,0.26999999999995694,-0.8459999999999734,-0.39000000000002366,0.11100000000000776,-0.44399999999997775,0.49800000000006506,-0.9119999999999528,-0.09299999999999642,
0.4288999999999996,-0.5023999999999997,0.06249999999999911,-0.3826999999999998,-0.14610000000000056,-0.35330000000000084,-0.2905999999999995,-0.6976999999999993,0.7003000000000004,-1.0677000000000003,-0.05100000000001437,0.31799999999995165,0.46500000000000874,-0.024000000000050647,1.0680000000000156,-0.6179999999999986,-0.31500000000001194,-0.1770000000000138,-0.49200000000002575,-0.40500000000001535,
0.42719999999999914,-0.49180000000000135,0.0779999999999994,-0.3835000000000015,-0.11050000000000004,-0.3739000000000008,-0.3010999999999999,-0.7035999999999998,0.6838999999999995,-1.0812000000000008,0.048000000000048004,-0.1649999999999352,-0.21899999999996922,0.14400000000003743,-0.48899999999997945,-0.39899999999997604,0.381000000000018,-0.2640000000000242,0.3479999999999883,0.030000000000036664,
-0.4972999999999992,0.42880000000000074,0.07070000000000043,-0.37870000000000026,-0.12679999999999936,-0.2883999999999993,-0.3872,-0.7124000000000006,0.6954999999999991,-1.0801999999999996,-0.31200000000001893,1.0169999999999746,1.0169999999999746,-0.3330000000000233,1.3769999999999882,0.0809999999999711,-0.4290000000000127,0.31500000000001194,-1.880999999999986,-0.10800000000001475,
-0.5076999999999998,0.4626999999999999,0.10459999999999958,-0.38980000000000103,-0.08089999999999975,-0.2857000000000003,-0.4015000000000004,-0.7019000000000002,0.6327999999999996,-1.0838,-0.030000000000036664,0.2940000000000076,0.6150000000000055,0.0420000000000087,-0.09599999999998943,-0.2519999999999989,-1.485000000000003,-0.8850000000000158,-2.6940000000000097,-1.3590000000000302,
-0.508700000000001,0.47250000000000014,-0.38840000000000074,0.12509999999999977,-0.0840999999999994,-0.29410000000000025,-0.4510000000000005,0.5429999999999993,-0.7314000000000007,-1.129100000000001,0.20400000000000418,0.6779999999999653,-0.20400000000000418,0.35999999999996035,0.9959999999999702,0.13500000000000512,-0.5759999999999899,-1.2990000000000101,0.3060000000000329,-0.19799999999996487,
-0.5019000000000009,-0.3952000000000009,0.495099999999999,0.13709999999999845,-0.05090000000000039,-0.2896000000000001,0.4996999999999989,-0.4702000000000002,-0.7211999999999996,-1.1357,-0.05999999999996675,-0.6150000000000055,0.8220000000000294,0.2610000000000312,0.39899999999997604,0.1320000000000121,-0.4229999999999201,-0.1679999999999815,-0.047999999999994714,-0.0809999999999711,
-0.5038999999999998,-0.41570000000000107,0.5225,0.14579999999999949,1.1167999999999996,-0.2851999999999997,0.4856000000000016,-0.47579999999999956,-0.7227999999999994,0.19950000000000045,-0.18299999999999983,-0.7889999999999731,-0.03300000000000303,0.0870000000000104,0.4410000000000114,-0.39900000000002933,-2.2470000000000923,-0.9150000000000524,-1.1700000000000443,-1.0650000000000226,
-0.5099999999999998,-0.44200000000000017,0.5213999999999999,0.14869999999999983,1.1315,-0.29850000000000065,0.4106999999999985,-0.5063000000000013,-0.7618000000000009,0.1639999999999997,-0.09899999999998244,0.20100000000001117,0.6329999999999902,0.0059999999999860165,-0.2669999999999906,0.8790000000000298,1.1910000000000487,0.702000000000016,0.9420000000000428,0.40500000000001535,
-0.5132999999999992,-0.4352999999999998,0.5424999999999995,0.14889999999999937,1.1226000000000003,-0.26919999999999966,0.45040000000000013,-0.4829000000000008,-0.7303999999999995,0.1775000000000002,-0.18900000000003914,-0.3779999999999717,0.43500000000002537,-0.782999999999987,-0.351000000000008,-0.20400000000000418,-1.0649999999999693,0.10500000000002174,-0.1710000000000278,-0.5159999999999698,
-0.5196000000000005,-0.44789999999999885,0.5570000000000004,0.1227999999999998,1.1109,-0.2759999999999998,0.41490000000000116,-0.47940000000000005,-0.7361000000000004,0.16030000000000122,-0.12299999999997979,-0.39900000000002933,0.6780000000000186,0.5670000000000108,0.03900000000001569,0.8910000000000018,-0.8670000000000577,0.02100000000000435,-0.39599999999998303,-0.7410000000000316,
-0.5236999999999998,-0.46119999999999983,0.579600000000001,0.14170000000000016,1.1122000000000005,-0.24629999999999974,0.38599999999999923,-0.4786999999999999,-0.7492999999999999,0.13560000000000016,-0.6239999999999846,0.381000000000018,0.3029999999999866,0.09599999999998943,0.16199999999999548,-0.2910000000000146,-0.5609999999999715,-0.6089999999999662,0.3029999999999866,-0.12299999999997979,
-0.44849999999999923,-0.5444999999999993,0.1448999999999998,0.5897000000000006,1.1176000000000004,0.3673000000000002,-0.2560000000000002,-0.7392000000000003,-0.4989999999999988,0.13150000000000084,-0.28200000000003556,-0.12000000000004007,-0.3509999999999813,0.39599999999998303,0.14399999999998414,-0.19500000000002515,-0.008999999999979025,-0.05099999999998772,0.27299999999994995,-0.14400000000003743,
-0.4579000000000004,-0.5485000000000007,0.13320000000000043,0.6029,1.1223999999999998,0.36079999999999934,-0.25629999999999953,-0.7408999999999999,-0.48990000000000045,0.1266999999999996,0.11400000000000077,0.0,0.5879999999999619,0.9269999999999712,-0.10800000000001475,-0.26699999999996393,0.6419999999999959,0.1740000000000208,0.08100000000002439,0.2610000000000312,
-0.4541000000000004,-0.5485000000000007,0.15279999999999916,0.633799999999999,1.1187999999999994,0.35190000000000055,-0.23489999999999966,-0.7350999999999992,-0.48719999999999963,0.13540000000000063,-0.07799999999997809,-0.23399999999998755,-0.0029999999999397176,-0.05999999999996675,-0.3959999999999564,-0.029999999999983373,-0.35700000000002063,-0.27599999999999625,-0.381000000000018,-0.48299999999999343,
-0.45669999999999966,-0.5563000000000002,0.15270000000000117,0.6318000000000001,1.1056000000000008,0.3509000000000011,-0.24680000000000035,-0.7442999999999991,-0.49990000000000023,0.11930000000000085,0.0059999999999860165,0.8129999999999704,1.181999999999963,1.3499999999999979,0.8939999999999682,-0.09600000000004272,1.0619999999999763,0.6209999999999383,0.45600000000000307,0.09599999999993614,
-0.5292000000000012,-0.45650000000000013,0.19209999999999994,0.6768000000000001,1.1353999999999997,-0.21140000000000114,0.3476999999999997,-0.7236000000000011,-0.48470000000000013,0.12249999999999872,-0.30899999999997263,0.0420000000000087,0.023999999999997357,0.7500000000000107,0.3240000000000176,-0.09899999999998244,-0.5880000000000152,0.02100000000000435,0.5010000000000048,0.0870000000000104,
-0.45509999999999984,-0.5395000000000003,0.19289999999999985,0.7018000000000004,-0.7132000000000005,0.32809999999999917,-0.21470000000000056,-0.722900000000001,-0.46799999999999997,0.8957999999999995,-0.5580000000000318,-0.5190000000000161,-0.18000000000000682,0.03299999999997638,-0.6089999999999662,0.06600000000005934,0.5880000000000152,0.03300000000002967,-0.09599999999998943,-0.6269999999999776,
-0.4737000000000009,-0.5568000000000008,0.18689999999999962,0.7028999999999996,1.1255999999999995,0.33030000000000115,-0.19510000000000005,-0.7218,-0.4711999999999996,0.10180000000000078,0.10200000000002873,-0.8489999999999931,-0.2519999999999989,0.39299999999999,-0.09899999999998244,-0.3900000000000503,0.8550000000000324,0.045000000000001705,0.18599999999999284,0.15900000000000247,
-0.47029999999999994,-0.5851000000000006,0.17849999999999966,0.7159999999999993,1.1223,0.31729999999999947,-0.16659999999999897,-0.7202999999999999,-0.46499999999999986,0.10710000000000086,-0.4679999999999751,-0.40499999999996206,-0.35699999999996734,0.06300000000001305,0.08099999999999774,-0.19500000000002515,0.3269999999999307,0.32399999999999096,-0.11699999999999378,-0.12000000000004007,
-0.4858999999999991,-0.5985999999999994,0.16660000000000075,0.7180999999999997,1.125,0.31079999999999863,-0.15570000000000128,-0.7095000000000002,-0.46889999999999965,0.10309999999999953,0.41100000000000136,-0.7950000000000124,0.06600000000000605,-0.07199999999999207,-0.08099999999999774,0.24600000000001288,-0.4169999999999874,-0.023999999999997357,0.06899999999999906,0.13500000000000512,
-0.47219999999999906,-0.6250999999999998,0.16880000000000095,0.7157,1.1223,0.31899999999999906,-0.16960000000000086,-0.7103000000000002,-0.4665999999999997,0.1075999999999997,-1.6530000000000378,-2.012999999999998,-0.9720000000000262,-0.4290000000000127,-0.3960000000000097,-0.8999999999999808,2.0910000000000295,0.7649999999999757,-0.6510000000000282,0.329999999999977,
-0.5273000000000003,0.13640000000000008,-0.6921999999999997,0.7013999999999996,1.1090999999999998,0.2889999999999997,-0.684800000000001,-0.09989999999999988,-0.4883000000000006,0.11859999999999893,-0.9930000000000305,-0.9839999999999982,-1.416000000000004,-0.4230000000000267,-0.7260000000000133,-0.4139999999999944,-0.3749999999999787,-0.2550000000000452,-0.389999999999997,-0.8159999999999634,
-0.5604000000000013,0.10360000000000014,-0.7393999999999998,0.6872999999999987,1.0848999999999993,0.2751999999999999,-0.6973000000000003,-0.10840000000000138,-0.5013000000000005,0.09140000000000015,-0.36299999999995336,-0.5820000000000292,-0.6390000000000029,-0.19799999999996487,-0.705000000000009,0.18900000000003914,0.1680000000000348,0.20400000000005747,-0.10499999999996845,0.5130000000000301,
-0.5724999999999998,0.08419999999999916,-0.7606999999999999,0.6806999999999999,1.061399999999999,0.2815000000000012,-0.6916999999999991,-0.10159999999999947,-0.5047999999999995,0.10850000000000115,-0.5669999999999575,-1.6109999999999758,-1.3469999999999516,-0.6809999999999583,-0.27299999999994995,-0.06000000000002004,-0.6120000000000125,0.5250000000000021,0.4619999999999891,-0.6000000000000405,
-0.5913999999999984,0.03049999999999997,-0.8055999999999983,0.6580000000000013,1.0523000000000007,0.2795000000000005,-0.7120999999999995,-0.0840999999999994,-0.48939999999999984,0.0884999999999998,0.06899999999994577,-0.5940000000000012,-0.5250000000000554,0.13499999999995183,-0.1740000000000208,-0.023999999999997357,-0.31800000000000495,0.10799999999996146,-0.2129999999999832,-0.387000000000004,
-0.5891000000000002,0.010699999999999932,-0.8231000000000002,0.6624999999999996,1.0465,0.2787000000000006,-0.7226999999999997,-0.08050000000000068,-0.4964999999999993,0.07559999999999967,0.2879999999999683,0.36300000000000665,0.10499999999996845,0.09899999999998244,0.39599999999998303,0.8549999999999791,0.09000000000000341,0.4770000000000607,0.19199999999997885,0.06600000000000605,
-0.5795000000000012,0.022800000000000153,-0.8196000000000012,0.6657999999999991,1.0596999999999994,0.3071999999999999,-0.7196999999999996,-0.06459999999999866,-0.4901,0.07779999999999987,-0.9749999999999659,-1.556999999999995,-1.7819999999999503,-0.5609999999999715,-0.9359999999999502,0.6179999999999986,0.7589999999999897,1.7369999999999486,0.22800000000000153,-0.2069999999999972,
-0.6120000000000001,-0.02909999999999968,0.6471,-0.8789999999999996,1.028500000000001,0.32779999999999987,-0.6943999999999999,-0.48249999999999993,-0.006700000000000372,0.07089999999999996,-0.5700000000000038,-0.9990000000000165,-0.12300000000003308,-0.44100000000003803,0.22499999999995524,0.44400000000003104,-0.7290000000000063,0.2970000000000006,0.07199999999999207,-0.6419999999999959,
-0.6310000000000002,-0.06240000000000023,0.6429999999999989,-0.8937000000000008,1.0359999999999996,0.3426000000000009,-0.7187000000000001,-0.4725999999999999,-0.004300000000000637,0.0495000000000001,-0.32399999999999096,-0.008999999999979025,0.23100000000004783,-0.15299999999996317,0.015000000000018332,0.15899999999994918,0.18599999999999284,0.07499999999998508,0.8460000000000001,-0.4649999999999821,
-0.06269999999999953,-0.6417999999999999,0.6507000000000005,-0.8987999999999996,1.0365000000000002,-0.7125000000000004,0.3478999999999992,-0.4701000000000004,0.023899999999999366,0.034000000000000696,-1.551000000000009,-0.2910000000000146,-0.834000000000028,0.008999999999979025,-0.05099999999998772,0.4680000000000284,0.8610000000000717,-0.07199999999993878,0.32400000000004425,-0.30899999999997263,
-0.11439999999999984,-0.6515000000000004,0.6228999999999996,-0.8985000000000003,1.0348000000000006,-0.6968999999999994,0.3766000000000016,-0.47249999999999837,0.03470000000000084,0.02370000000000161,-0.774000000000008,-0.779999999999994,0.03599999999996939,-0.7860000000000333,-0.41400000000004766,-0.048000000000048004,-0.11400000000005406,0.1259999999999195,0.4229999999999734,-0.75600000000005,
-0.1402000000000001,-0.6775000000000002,0.6240999999999985,-0.9247000000000014,1.020999999999999,-0.698500000000001,0.3727999999999998,-0.46830000000000105,0.048799999999999955,-0.0015000000000000568,0.27600000000004954,0.4290000000000127,-0.06899999999994577,-0.041999999999955406,-0.023999999999944066,-0.15599999999995617,-0.39599999999998303,-0.2639999999999709,-0.45600000000000307,-0.3390000000000093,
-0.13099999999999845,-0.6631999999999998,0.6218000000000004,-0.9260999999999999,1.0202000000000009,-0.7036999999999995,0.35960000000000036,-0.4771000000000001,0.03359999999999985,-0.012800000000000367,-1.4520000000000266,-1.2899999999999778,-0.8549999999999791,-1.0740000000000016,-0.6840000000000046,0.7049999999999557,-0.35700000000002063,-0.6479999999999819,0.7349999999999923,-1.4069999999999716,
-0.17939999999999934,0.593300000000001,-0.706199999999999,-0.9619,0.9974000000000007,-0.680200000000001,-0.4986999999999995,0.3476999999999997,0.058099999999999596,-0.05969999999999942,-0.7200000000000273,-0.21000000000004349,0.08699999999995711,-1.0769999999999946,-0.1260000000000261,-0.30899999999997263,-0.5010000000000048,0.6030000000000335,0.3090000000000259,-0.0870000000000104,
-0.20340000000000025,0.5862999999999996,-0.7033000000000005,0.9931999999999999,-0.9977999999999998,-0.6905000000000001,-0.5153999999999996,0.3678000000000008,-0.06259999999999977,0.06840000000000046,-0.8009999999999984,0.047999999999994714,-0.23399999999998755,-0.2519999999999989,-0.40200000000002234,0.329999999999977,-0.435000000000052,-0.3450000000000486,-0.9750000000000192,-0.10500000000002174,
-0.2301000000000002,0.5878999999999994,-0.7111000000000001,0.9847999999999999,-1.0112000000000005,-0.6795000000000009,-0.5299000000000014,0.3562999999999992,-0.0951000000000004,0.06489999999999974,-0.4559999999999498,-0.5219999999999558,0.05700000000002703,-0.1679999999999815,-0.5939999999999479,-0.36299999999995336,-0.6119999999999592,0.3570000000000473,-0.722999999999967,-0.5069999999999908,
-0.24529999999999852,0.5705000000000009,-0.7091999999999992,0.9792000000000005,-1.0309999999999988,-0.6915999999999993,-0.5503,0.36820000000000075,-0.1191999999999993,0.04800000000000004,-1.3770000000000415,-1.0710000000000086,-0.18899999999998585,-0.771000000000015,-0.5100000000000371,0.6509999999999749,-0.6120000000000125,-0.0840000000000174,-0.7290000000000063,-0.4320000000000057,
-0.2911999999999999,0.5348000000000006,-0.7154999999999987,0.9535,-1.048,-0.6699000000000002,-0.5707000000000004,0.36540000000000017,-0.14349999999999952,0.03359999999999985,0.779999999999994,-0.15900000000005576,0.39599999999992974,0.23999999999997357,0.2159999999999762,-0.32700000000003726,-0.09000000000000341,-0.15900000000002912,-0.12000000000004007,0.36300000000000665,
-0.2652000000000001,0.5294999999999987,-0.702300000000001,0.9614999999999991,-1.0408000000000008,-0.6808000000000014,-0.5737000000000005,0.3600999999999992,-0.14750000000000085,0.045700000000000074,-1.623000000000001,-0.48599999999993315,-0.23699999999992727,-0.344999999999942,-0.9839999999999449,-0.09599999999993614,-2.2379999999999534,0.05100000000004101,-1.8419999999999703,-1.2929999999999708,
-0.31930000000000014,-0.7101999999999986,0.513300000000001,0.9500000000000011,-1.073599999999999,-0.6839999999999993,0.36180000000000057,-0.648299999999999,-0.20889999999999986,0.002600000000001046,-1.416000000000004,-0.438000000000045,-0.6270000000000309,-0.8010000000000517,-0.6630000000000003,-0.14700000000003044,0.2639999999999709,-0.2940000000000609,-0.8430000000000071,0.14999999999997016,
-0.36650000000000027,-0.7248000000000001,0.49239999999999995,0.9232999999999993,-1.095699999999999,-0.6889000000000003,0.3705999999999996,-0.658100000000001,-0.2370000000000001,0.007600000000000051,-0.7559999999999967,-0.06000000000002004,-0.3030000000000399,0.24600000000001288,-0.36900000000004596,-0.5069999999999908,-0.9510000000000218,-0.8910000000000018,-0.7380000000000386,-1.0050000000000026,
-0.7268000000000008,-0.39170000000000016,0.4822999999999986,0.9314999999999998,-1.1080000000000005,0.33889999999999887,-0.7058,-0.6878000000000011,-0.2616000000000014,-0.025900000000000034,-0.8549999999999791,-0.45000000000001705,-0.6209999999999383,-0.329999999999977,-0.07799999999997809,-0.2069999999999439,0.11400000000000077,-0.2099999999999369,-0.22499999999995524,-0.24600000000001288,
-0.4067000000000007,-0.7553000000000001,0.4616000000000007,0.9205000000000005,-1.1105999999999998,-0.702,0.33200000000000074,-0.694799999999999,-0.2690999999999999,-0.03410000000000046,-0.2849999999999753,0.4800000000000004,0.011999999999972033,0.07799999999997809,0.6059999999999732,-0.22800000000000153,-0.4949999999999921,-0.31800000000000495,-1.2029999999999674,-0.8939999999999415,
-0.7393000000000001,-0.4161999999999999,0.46199999999999974,0.9230999999999998,-1.0904000000000007,0.315500000000001,-0.7096,-0.7053999999999991,-0.3091999999999988,-0.06389999999999851,-0.05099999999998772,0.11999999999998678,-0.11699999999999378,0.5309999999999881,-0.14099999999999113,0.07499999999995843,0.389999999999997,-0.1350000000000584,0.719999999999974,0.2939999999999543,
-0.7409999999999997,-0.41220000000000034,0.45809999999999995,0.9407999999999994,-1.0951000000000004,0.3179999999999996,-0.6966000000000001,-0.7099000000000011,-0.2851999999999997,-0.05410000000000004,0.14999999999997016,-0.49200000000002575,0.023999999999997357,0.48899999999997945,0.2609999999999779,-1.457999999999986,-0.1679999999999815,-1.4519999999999733,-1.5060000000000073,-0.9060000000000201,
-0.7360000000000007,-0.4286000000000012,0.45889999999999986,0.9570999999999987,-1.0864000000000011,0.2694000000000001,-0.7021999999999995,-0.7583000000000002,-0.3353999999999999,-0.08430000000000071,0.375000000000032,-1.7279999999999696,-1.029,-0.72599999999996,-0.8909999999999485,0.2970000000000006,0.14999999999997016,-0.5190000000000161,-0.6300000000000239,-0.2099999999999902,
-0.7234999999999996,-0.4862000000000002,0.42459999999999987,0.9329000000000001,-1.1160999999999994,0.2793000000000001,-0.6972000000000005,-0.7756000000000007,-0.3564000000000007,-0.09130000000000038,0.49499999999996547,0.011999999999972033,-0.012000000000025324,0.6749999999999723,0.6779999999999653,-1.205999999999987,0.03000000000001002,-0.3959999999999564,-0.25199999999997225,-0.7619999999999827,
-0.7070000000000007,-0.4858000000000011,0.424199999999999,0.9553999999999991,-1.0935000000000006,0.23910000000000053,-0.6962000000000002,-0.7887999999999993,-0.3647999999999998,-0.1166999999999998,1.0110000000000419,0.006000000000039307,0.11100000000006105,0.24900000000005917,0.5640000000000178,0.24899999999997924,0.5609999999999982,-0.6270000000000575,-0.22500000000003517,-0.05700000000002703,
-0.6732999999999993,-0.4855999999999998,0.42790000000000106,0.9637000000000011,-1.0747,0.24739999999999984,-0.6775000000000002,-0.8097000000000012,-0.37230000000000096,-0.1186000000000007,-0.06300000000001305,-0.10200000000002873,0.3059999999999796,0.33299999999997,-0.5430000000000135,-0.5399999999999938,0.05100000000001437,0.12600000000005274,0.06000000000004668,-0.1079999999999881,
-0.6753999999999998,-0.48900000000000077,0.4381000000000004,0.9748000000000001,-1.0928000000000004,0.22940000000000005,-0.6757999999999997,-0.8054999999999994,-0.3702999999999994,-0.12220000000000031,-0.06899999999999906,-0.05399999999998073,-0.045000000000001705,0.0,0.27599999999999625,0.09599999999998943,-0.09299999999999642,-0.09300000000004971,-0.3420000000000556,-0.3089999999999993,
-0.6776999999999997,-0.4908000000000001,0.4366000000000003,0.9748000000000001,-1.0836000000000006,0.2325999999999997,-0.6788999999999996,-0.8086000000000011,-0.38170000000000126,-0.13250000000000028,0.9990000000000165,-0.011999999999972033,0.06000000000002004,0.6840000000000046,-0.029999999999983373,-0.6149999999999789,0.2999999999999936,-0.7019999999999627,-0.9389999999999432,-0.6539999999999946,
-0.6443999999999992,-0.4911999999999992,0.438600000000001,0.9976000000000003,-1.0846,0.2121000000000004,-0.6688999999999998,-0.8319999999999999,-0.41299999999999937,-0.1543000000000001,0.4679999999999751,0.15900000000000247,-0.22800000000000153,0.0,0.8580000000000254,-0.6390000000000029,0.4139999999999944,0.0840000000000174,-0.1260000000000261,0.24300000000001987,
-0.6288,-0.4858999999999991,0.43100000000000094,-1.0559999999999992,0.9976000000000003,0.1908000000000003,-0.6551,-0.8291999999999993,-0.14619999999999944,-0.41720000000000024,-0.28800000000002157,-0.28200000000003556,-0.06000000000002004,-0.045000000000054996,-0.03300000000002967,-1.6650000000000098,-0.17100000000000115,-0.12300000000000644,-0.3330000000000233,-0.9539999999999882,
-0.6384000000000007,-0.4953000000000003,0.42900000000000027,-0.5202000000000009,-1.057500000000001,0.13529999999999998,-0.6608,-0.8332999999999995,0.9192,-0.15730000000000022,0.6750000000000256,0.7110000000000483,0.6179999999999986,0.2550000000000452,0.6000000000000405,0.4290000000000127,0.782999999999987,-0.15300000000001646,-0.42300000000000004,0.0420000000000087,
-0.6158999999999999,-0.4715999999999987,0.4496000000000002,-0.5116999999999994,-1.0374999999999996,0.1496000000000004,-0.6347000000000005,-0.8384,0.9051,-0.15589999999999993,-0.14699999999997715,-0.9240000000000315,-0.11400000000000077,-0.09000000000000341,-0.23699999999998056,-0.6630000000000003,0.03300000000000303,0.07200000000001872,-1.001999999999983,-0.5159999999999965,
-0.6207999999999991,-0.5023999999999997,0.4458000000000002,-0.5146999999999995,-1.045399999999999,0.1275000000000004,-0.6336000000000004,-0.8359999999999994,0.8717000000000006,-0.1730999999999998,0.5159999999999698,0.381000000000018,-0.07799999999997809,1.172999999999984,0.19799999999996487,-0.4919999999999991,-0.31499999999995865,-0.06300000000001305,-0.26100000000000456,-0.3300000000000036,
-0.6036000000000001,-0.48969999999999914,0.4432000000000009,-0.4756,-1.0388000000000002,0.11110000000000042,-0.644099999999999,-0.8380999999999998,0.8630000000000004,-0.18409999999999993,0.8009999999999984,-0.12300000000003308,-0.5790000000000362,0.6600000000000072,0.2610000000000312,-0.30300000000001326,0.10799999999996146,0.06000000000002004,-1.866000000000021,-0.417000000000014,
-0.5769000000000002,-0.49380000000000024,-0.4535999999999998,0.4238999999999997,-1.0300999999999991,0.10099999999999998,-0.6405000000000003,0.8007999999999997,-0.8360999999999992,-0.1980000000000004,-0.5609999999999715,-0.4349999999999987,-1.5060000000000073,-0.6059999999999732,-0.834000000000028,-0.2879999999999949,0.5940000000000012,-1.1249999999999893,-0.12000000000004007,-0.44399999999997775,
-0.5955999999999992,-0.5083000000000002,-0.5038,0.4037000000000006,-1.0579,0.09140000000000015,-0.6207000000000003,0.7633000000000001,-0.8401000000000005,-0.21279999999999966,-0.12300000000003308,0.18000000000000682,1.0050000000000026,-0.1649999999999885,-0.11400000000000077,-0.5549999999999855,0.09299999999999642,-0.6449999999999889,-0.5159999999999698,-0.48299999999999343,
-0.5997000000000003,-0.5023,-0.47029999999999994,0.398200000000001,-1.0617,0.07290000000000063,-0.6176000000000004,0.7418000000000005,-0.8572999999999995,-0.22889999999999944,0.9149999999999991,-0.0809999999999711,0.4139999999999944,-0.5580000000000318,-0.17699999999996052,-0.5430000000000135,0.45000000000001705,-1.5570000000000217,0.335999999999963,-0.04500000000002835,
-0.5692000000000004,-0.504999999999999,-0.45650000000000013,0.37959999999999994,-1.0675999999999988,0.05480000000000018,-0.6025999999999998,0.6898999999999997,-0.8461000000000007,-0.23040000000000038,0.2099999999999902,0.3809999999999647,-0.06899999999999906,-0.15600000000000946,0.8009999999999451,-0.4949999999999921,0.5130000000000301,-0.8129999999999704,0.0840000000000174,-0.06899999999997242,
-0.5622000000000007,-0.4923000000000002,-0.4588000000000001,0.3743999999999996,-1.0409000000000006,0.038300000000000445,-0.5854999999999988,0.6628000000000007,-0.8433000000000002,-0.23269999999999946,0.0420000000000087,0.20100000000001117,0.2160000000000295,-0.1259999999999728,-0.7619999999999827,1.1159999999999837,-0.14100000000001778,0.4649999999999821,0.05100000000001437,-0.15600000000000946,
-0.5608000000000004,-0.4855999999999998,-0.4515999999999991,0.37020000000000053,-1.0663,0.0754999999999999,-0.5901999999999994,0.6783000000000001,-0.8415999999999997,-0.23789999999999978,-0.2039999999999509,0.07800000000003138,1.1309999999999754,-1.0859999999999737,0.19500000000002515,-0.6600000000000072,1.1999999999999744,-1.2960000000000171,1.3440000000000119,0.4800000000000004,
-0.5675999999999988,-0.48299999999999876,-0.41389999999999993,0.3340000000000014,-1.0597999999999992,0.05349999999999966,-0.5502000000000002,0.6350999999999996,-0.7967999999999993,-0.22189999999999976,0.07499999999998508,0.36299999999995336,-1.7849999999999966,-0.6360000000000099,-0.36000000000001364,-0.0629999999999864,0.36899999999999267,-1.8629999999999747,0.4169999999999874,-0.08099999999999774,
-0.5650999999999993,-0.4709000000000003,-0.4733999999999998,0.3128000000000011,-0.4580000000000002,0.05140000000000011,-0.5379000000000005,0.5730000000000004,-0.7828999999999997,0.9630999999999998,-0.06600000000000605,0.08100000000002439,1.0079999999999956,-0.5760000000000431,-0.5489999999999995,-0.710999999999995,0.06300000000001305,-0.057000000000000384,0.4139999999999944,-1.136999999999988,
-0.5672999999999995,-0.4681999999999995,-0.43979999999999997,0.29359999999999964,-0.47630000000000017,0.02770000000000028,-0.5358,0.5711000000000004,-0.7690999999999999,0.9252000000000002,-0.13500000000000512,0.02100000000000435,-0.2069999999999972,-0.5339999999999812,-0.2970000000000006,0.743999999999998,0.8159999999999901,-0.13800000000002477,1.424999999999983,0.42599999999999305,
-0.5717999999999996,-0.46749999999999936,-0.4466999999999999,0.27580000000000027,-0.4862000000000002,0.05250000000000021,-0.5086000000000004,0.5664999999999996,-0.7216000000000005,0.9394,0.2609999999999779,-1.0710000000000086,-1.5900000000000247,-0.9149999999999991,-1.2149999999999928,0.05399999999998073,0.34800000000001496,-0.4139999999999944,1.029,-0.8129999999999971,
-0.5631000000000004,-0.5031999999999996,0.2453000000000003,-0.4997000000000007,-0.5267,0.05429999999999957,-0.4969999999999999,-0.6873000000000005,0.5526999999999997,0.9123000000000001,0.07199999999999207,0.2670000000000172,0.22500000000000853,1.1040000000000383,0.31200000000001893,0.1499999999999968,-0.25800000000001155,-0.12899999999999245,0.035999999999996035,0.2159999999999762,
-0.5607000000000006,-0.4942999999999991,-0.4628999999999994,0.2528000000000006,-0.5162999999999993,0.059299999999999464,-0.5056000000000003,0.5538999999999996,-0.6916000000000002,0.9194999999999993,-0.5789999999999829,-0.27300000000005653,-0.2520000000000522,-1.0080000000000489,-1.137000000000068,-0.8879999999999821,0.2310000000000212,-1.7549999999999866,1.026000000000007,-1.007999999999969,
-0.5800000000000001,-0.47130000000000116,0.21919999999999895,-0.503400000000001,-0.5222000000000016,0.02970000000000006,0.49540000000000006,-0.6574,-0.49789999999999957,0.8883999999999999,0.44099999999998474,0.15000000000002345,-0.7049999999999557,-0.389999999999997,-1.2539999999999552,0.6869999999999976,-0.2519999999999989,0.8790000000000031,0.5489999999999995,0.15900000000000247,
-0.5653000000000006,0.19570000000000043,-0.4663000000000004,-0.5164000000000009,-0.5626999999999995,0.05259999999999998,-0.6280999999999999,0.4870000000000001,-0.4795999999999996,0.8933999999999997,-0.19199999999997885,-0.32099999999999795,-0.5639999999999645,-0.19799999999996487,-0.9090000000000131,0.2699999999999836,0.5849999999999955,0.3990000000000027,0.44399999999997775,-0.2519999999999989,
-0.5716999999999999,0.1850000000000005,-0.4850999999999992,-0.5229999999999997,-0.5899000000000001,0.06159999999999943,-0.6086,0.5003000000000002,-0.4648000000000003,0.8751999999999995,-0.023999999999997357,-0.5279999999999951,-0.35399999999997434,-0.713999999999988,0.027000000000043656,0.18000000000003347,1.4370000000000083,-0.2970000000000006,0.7140000000000146,0.6210000000000182,
-0.5724999999999998,0.16740000000000066,-0.49689999999999834,-0.5467999999999993,0.34500000000000064,0.06760000000000055,-0.5606999999999998,0.49040000000000017,-0.44099999999999984,0.9843000000000002,-0.18299999999999983,-0.762000000000036,0.18899999999993256,-0.6870000000000509,0.13199999999995882,-0.25500000000001855,0.2579999999999849,-1.1160000000000103,0.14399999999998414,-1.7490000000000006,
0.14199999999999946,-0.5785999999999998,-0.4906000000000006,-0.569700000000001,0.34939999999999927,-0.5521000000000003,0.05909999999999993,0.4531999999999998,-0.43620000000000037,0.9260000000000002,0.0029999999999930083,0.11999999999998678,0.774000000000008,-0.1259999999999728,-0.047999999999994714,-0.017999999999984695,0.20700000000002383,0.28800000000002157,-0.2099999999999902,0.387000000000004,
0.14209999999999923,-0.5746000000000002,-0.4648000000000003,-0.5739000000000001,0.34779999999999944,-0.5526999999999997,0.06600000000000072,0.46280000000000054,-0.44320000000000004,0.9389000000000003,-0.21899999999996922,-0.6959999999999766,-1.943999999999999,-0.2519999999999989,-1.430999999999969,0.743999999999998,-1.2630000000000141,-1.2420000000000098,0.01800000000001134,-3.0930000000000124,
0.13480000000000025,-0.5977999999999994,-0.5296000000000003,-0.5823,0.3001000000000005,-0.5278999999999998,0.023900000000000254,0.4214000000000002,-0.44259999999999966,0.8357999999999999,-0.5640000000000178,-0.015000000000018332,-0.5069999999999908,-0.8670000000000044,-0.6570000000000142,0.45000000000001705,-0.03300000000000303,0.09299999999999642,0.43799999999999173,-1.235999999999997,
0.11599999999999966,-0.5983,-0.5465,-0.6112000000000002,0.2782,-0.5128999999999992,0.022800000000000153,0.4245000000000001,-0.42799999999999994,0.7946,-0.335999999999963,-0.6509999999999749,-0.5039999999999978,-0.44099999999998474,-0.3779999999999717,0.6389999999999763,-0.34800000000001496,-0.9389999999999965,0.40800000000000836,-0.7019999999999893,
0.10480000000000089,-0.6199999999999992,-0.5632999999999999,-0.6258999999999997,0.26560000000000095,-0.49160000000000004,0.011199999999999655,0.3932000000000002,-0.41439999999999966,0.7712000000000003,-0.3420000000000023,0.015000000000018332,0.14100000000004442,-0.26699999999996393,-0.3420000000000023,0.48299999999999343,-0.22199999999998887,0.07499999999998508,0.11699999999999378,-0.8579999999999988,
0.09340000000000082,-0.6194999999999986,-0.5585999999999984,-0.6347999999999985,0.25420000000000087,-0.47550000000000026,0.0038000000000000256,0.3956999999999997,-0.41049999999999986,0.7426000000000004,0.13199999999995882,0.27599999999994296,0.39599999999992974,0.1649999999999352,0.5129999999999768,-0.1529999999999898,-0.47099999999999476,-0.7289999999999797,0.09299999999999642,-0.5820000000000025,
0.09779999999999944,-0.6103000000000005,-0.5454000000000008,-0.6293000000000006,0.2713000000000001,-0.4805999999999999,-0.0118999999999998,0.3714000000000004,-0.4074,0.7232000000000003,0.026999999999990365,-0.5639999999999645,0.4320000000000057,0.10200000000002873,-0.14700000000003044,0.03300000000000303,0.5549999999999855,0.29099999999998793,-0.12300000000000644,-0.03000000000001002,
0.09869999999999912,-0.6290999999999993,-0.5310000000000006,-0.6258999999999997,0.2663999999999991,-0.4794999999999998,0.006599999999999717,0.3811,-0.4115000000000002,0.7222,-0.44099999999993145,-0.2970000000000006,-0.719999999999974,0.06000000000002004,-0.9179999999999389,-0.3509999999999813,-1.1549999999999727,-2.2169999999999757,-0.359999999999987,-1.6859999999999875,
0.0840000000000014,-0.5549999999999997,-0.6389999999999993,0.23580000000000112,-0.623899999999999,-0.4911999999999992,0.3072000000000008,-0.03189999999999937,0.6660000000000004,-0.42349999999999977,-0.18900000000003914,-0.45000000000001705,-0.774000000000008,-0.3510000000000346,0.2039999999999509,-0.19200000000003214,-0.21000000000001684,-0.1290000000000191,-0.22500000000000853,-0.16199999999999548,
0.0777000000000001,-0.5700000000000003,-0.6647999999999996,0.22409999999999997,-0.6171000000000006,-0.49760000000000026,0.30020000000000024,-0.03620000000000001,0.6585000000000001,-0.4288999999999996,-0.32099999999999795,-0.2970000000000006,0.04799999999994142,-0.08100000000002439,0.6300000000000239,-0.1709999999999745,-1.4639999999999986,-1.4819999999999833,-1.4040000000000052,-1.1819999999999897,
0.06700000000000017,-0.5799000000000003,0.22139999999999915,-0.6632000000000016,-0.5960999999999999,-0.5032999999999994,0.2514000000000003,0.6116999999999999,-0.08559999999999945,-0.4682999999999993,-0.012000000000025324,0.18000000000000682,0.0059999999999860165,-0.0839999999999641,0.5940000000000012,-0.5580000000000052,0.08399999999999075,-0.0029999999999930083,0.017999999999984695,0.07499999999998508,
0.06659999999999933,-0.5739000000000001,0.2215999999999987,-0.6660000000000004,-0.5762999999999998,-0.5218999999999996,0.2542,0.6116000000000001,-0.08499999999999996,-0.46579999999999977,-0.5549999999999855,-1.2179999999999858,-0.5759999999999366,-0.6089999999999662,0.4139999999999944,-0.11699999999999378,-1.1159999999999837,-0.6510000000000016,-1.0439999999999916,-0.5729999999999968,
0.04809999999999981,0.2024000000000008,-0.6144999999999996,-0.6862999999999992,-0.5625,-0.5257999999999994,0.5899000000000001,0.21700000000000053,-0.11979999999999968,-0.48489999999999966,-0.4230000000000267,0.026999999999990365,0.19499999999997186,-0.05700000000002703,-0.1260000000000261,-0.13800000000002477,0.21600000000000286,-0.3660000000000263,-0.10500000000002174,-0.1890000000000125,
0.03399999999999892,0.20330000000000048,-0.6080000000000005,-0.6882000000000001,-0.5667000000000009,-0.5304000000000002,0.5971000000000002,0.20479999999999965,-0.12330000000000041,-0.4912000000000001,0.28200000000003556,0.35700000000002063,0.23100000000004783,0.06600000000000605,0.9390000000000498,-0.4139999999999944,-1.6650000000000098,-1.0199999999999942,-1.7639999999999922,-1.5630000000000077,
0.043400000000000105,0.21520000000000117,-0.600299999999999,-0.6859999999999999,-0.5353999999999992,-0.5442,0.5415999999999999,0.17079999999999984,-0.18210000000000015,-0.5433000000000003,-0.09900000000003573,-0.8880000000000621,0.0809999999999711,-0.14399999999998414,0.32699999999998397,-0.03000000000001002,-0.49800000000001177,-1.230000000000011,-0.9090000000000131,-0.39299999999999,
0.040099999999998914,0.1855999999999991,-0.5975999999999999,-0.6907999999999994,-0.5244999999999997,-0.5452000000000004,0.5249999999999995,0.12979999999999947,-0.2124000000000006,-0.5564,-0.15299999999996317,-0.14999999999997016,-0.43799999999999173,-0.5640000000000178,0.5700000000000038,0.08399999999999075,-0.44099999999998474,-0.3449999999999953,-0.17999999999998018,-0.21899999999999586,
0.1806000000000001,0.03500000000000014,-0.6121999999999996,-0.7096,-0.5054999999999996,0.5103,-0.5424000000000007,0.11829999999999963,-0.21839999999999993,-0.5636999999999999,0.3749999999999787,-0.24000000000002686,-1.092000000000013,0.4320000000000057,0.3029999999999866,-0.4890000000000061,-0.2549999999999919,-0.2549999999999919,-0.12000000000001343,-0.8400000000000141,
0.19309999999999938,0.026999999999999247,-0.6486000000000001,-0.6951999999999998,-0.49540000000000006,0.4939999999999998,-0.5509000000000004,0.1097999999999999,-0.22240000000000038,-0.5917000000000003,0.3000000000000469,0.015000000000018332,-0.0809999999999711,0.5460000000000065,0.5640000000000178,-1.0140000000000082,-0.743999999999998,-0.8460000000000001,-0.8640000000000114,-0.8760000000000101,
0.20310000000000095,0.027499999999999858,-0.6512999999999991,-0.6769999999999996,-0.47659999999999947,0.4601999999999995,-0.5757000000000003,0.0815999999999999,-0.25120000000000076,-0.6209000000000007,-0.1260000000000261,-0.03600000000002268,-0.35700000000002063,-0.6030000000000335,-0.012000000000025324,0.36000000000001364,0.22800000000000153,-0.14099999999999113,0.39000000000002366,2.6645352591003757E-14,
0.19890000000000008,0.026299999999999102,-0.6631999999999998,-0.6971000000000007,-0.4770000000000003,0.47219999999999995,-0.5681000000000003,0.07690000000000019,-0.23819999999999997,-0.6208999999999998,0.5580000000000318,0.759000000000043,-0.4649999999999821,1.0380000000000322,1.08900000000002,-1.3169999999999948,-0.08399999999999075,-0.2669999999999906,-1.1730000000000107,-0.8280000000000154,
0.21750000000000114,0.051600000000000534,-0.6786999999999992,-0.6624999999999996,-0.44069999999999965,0.4283000000000001,-0.5709,0.0680000000000005,-0.2773000000000003,-0.6485000000000003,0.3899999999999437,0.5369999999999742,0.5609999999999715,0.014999999999965041,1.0019999999999563,-0.5460000000000065,0.26100000000000456,-0.14400000000001079,-0.4019999999999957,-0.09299999999999642,
0.23049999999999926,0.06949999999999967,-0.6600000000000001,-0.6620000000000008,-0.4073000000000011,0.4100999999999999,-0.5621999999999998,0.06320000000000014,-0.2907000000000002,-0.6516000000000002,1.3230000000000608,0.6450000000000422,0.10800000000001475,1.2870000000000381,1.5780000000000527,-0.015000000000018332,0.2549999999999919,-0.9570000000000078,-0.023999999999997357,-0.24900000000000588,
0.2746000000000013,0.09100000000000108,-0.6563999999999997,-0.6190999999999995,-0.35469999999999935,0.4095999999999993,-0.5537000000000001,0.031299999999999883,-0.2915000000000001,-0.6599000000000004,0.17399999999996751,0.7079999999999487,-0.24000000000002686,-0.20100000000001117,0.3509999999999813,-0.49199999999997246,0.35700000000002063,-0.7619999999999827,-0.719999999999974,-0.002999999999966363,
0.2804000000000002,0.11459999999999937,-0.6644000000000005,-0.6257999999999999,-0.34299999999999997,0.3932000000000002,-0.5417999999999994,0.00590000000000046,-0.3154999999999992,-0.6599999999999993,0.40499999999996206,-0.029999999999983373,0.6150000000000055,0.26699999999996393,0.6149999999999523,-0.771000000000015,0.07499999999998508,0.38399999999998435,0.22199999999996223,-0.2910000000000412,
0.29389999999999894,0.11359999999999992,-0.6439000000000004,-0.6169000000000011,-0.32250000000000156,0.3674999999999997,-0.5392999999999999,0.01869999999999994,-0.3081000000000005,-0.6697000000000006,-0.10199999999997544,0.14399999999998414,0.14399999999998414,-0.23099999999999454,-0.09599999999998943,0.1920000000000055,0.11699999999999378,0.12899999999999245,-0.08099999999999774,0.1770000000000138,
0.29049999999999976,0.1183999999999994,-0.6391000000000009,-0.6246000000000009,-0.3257000000000012,0.3738999999999999,-0.5354000000000001,0.022999999999999687,-0.3108000000000004,-0.6638000000000002,1.0170000000000279,0.8820000000000228,0.05400000000003402,0.9990000000000165,1.7100000000000648,-0.47099999999999476,1.3619999999999965,0.023999999999997357,-0.15599999999998282,0.5159999999999965,
0.3244000000000007,0.14780000000000015,-0.6372999999999998,-0.5913000000000004,-0.26869999999999905,0.3582000000000001,-0.4900000000000002,0.0237999999999996,-0.31599999999999984,-0.6466000000000003,1.0079999999999956,0.7409999999999783,0.49499999999996547,0.9990000000000165,1.946999999999992,0.08699999999998376,0.356999999999994,2.229000000000001,0.5699999999999772,0.9120000000000061,
0.17249999999999943,0.35800000000000054,-0.6208000000000009,-0.5579999999999998,-0.20379999999999932,-0.4781000000000004,0.36109999999999953,0.09809999999999963,-0.2970000000000006,-0.6162000000000001,0.7500000000000107,0.45299999999995677,-0.3390000000000093,0.18599999999999284,0.9239999999999782,0.03000000000001002,-0.9059999999999935,-0.17100000000000115,-0.44099999999998474,-0.38099999999999135,
0.3730999999999991,0.1974999999999998,-0.5518000000000001,-0.6321000000000012,-0.17300000000000004,0.33089999999999975,-0.4771000000000001,-0.3117000000000001,0.0923999999999996,-0.6288999999999998,1.0440000000000182,0.2999999999999936,0.6269999999999776,1.0650000000000226,1.023000000000014,-0.36299999999998,0.5910000000000082,-0.43799999999999173,0.5190000000000161,0.8430000000000071,
0.20749999999999957,0.4078999999999997,-0.5966000000000005,-0.13889999999999958,-0.5309000000000008,-0.4573999999999998,0.3188000000000004,0.10970000000000013,-0.6007999999999996,-0.3262999999999998,0.3420000000000023,0.19199999999997885,-0.2940000000000076,0.6299999999999706,-0.8610000000000184,-0.09299999999999642,-0.6989999999999963,-0.5700000000000038,-0.16199999999999548,-0.5820000000000025,
0.414299999999999,0.21889999999999965,-0.6064000000000007,-0.11790000000000056,-0.5596000000000014,0.29550000000000054,-0.4604999999999997,0.0907,-0.6061999999999994,-0.3456999999999999,0.5340000000000344,-0.15900000000000247,0.23700000000003385,-0.05099999999998772,0.6060000000000265,0.11400000000000077,0.047999999999994714,0.11700000000002042,0.08699999999998376,0.18600000000001948,
0.21359999999999957,0.43210000000000015,-0.5984999999999996,-0.11960000000000015,-0.5394000000000005,-0.45889999999999986,0.29930000000000057,0.09460000000000068,-0.6033,-0.33949999999999925,2.264999999999997,1.1909999999999954,0.27599999999999625,1.4580000000000126,1.1310000000000286,0.45600000000000307,-0.9870000000000179,0.13499999999997847,0.34800000000001496,-0.7290000000000063,
0.28909999999999947,0.4718,-0.07099999999999973,-0.5892999999999997,-0.5016999999999996,-0.44369999999999976,0.26639999999999997,-0.5916999999999994,0.09909999999999997,-0.36379999999999946,0.5279999999999951,1.3200000000000145,1.0559999999999903,1.485000000000003,0.5879999999999619,-0.4890000000000061,-0.9660000000000135,-0.25500000000001855,0.0059999999999860165,-0.5400000000000205,
-0.5397999999999996,0.3066999999999993,0.5158000000000005,-0.035800000000000054,-0.48210000000000086,0.0992999999999995,-0.45999999999999996,0.23419999999999952,-0.6002000000000001,-0.38180000000000014,0.6959999999999766,1.7190000000000438,0.6299999999999706,0.3059999999999796,0.5550000000000388,0.5159999999999965,0.09899999999998244,-0.2370000000000072,0.8609999999999918,-0.1470000000000038,
-0.5166000000000004,-0.025600000000000733,0.5367999999999995,0.36400000000000077,-0.46359999999999957,0.11649999999999938,-0.5715000000000003,0.22629999999999928,-0.45670000000000055,-0.38670000000000027,0.7290000000000063,0.774000000000008,0.8279999999999887,0.6239999999999313,0.6509999999999749,0.3210000000000246,0.05100000000001437,-0.5549999999999855,0.3690000000000193,-0.17100000000000115,
-0.4923000000000002,1.9999999999953388E-4,0.3847999999999985,-0.4419000000000004,0.5643999999999991,0.1272000000000002,-0.5697999999999999,-0.4443999999999999,-0.3924000000000003,0.20779999999999976,0.07499999999998508,0.18900000000003914,0.7980000000000587,-0.2519999999999989,0.9450000000000358,0.2729999999999766,-0.09600000000001607,0.026999999999990365,-0.2069999999999972,-0.42300000000000004,
-0.4898000000000007,0.0065000000000008384,-0.45030000000000037,0.41140000000000043,0.5959000000000003,0.13629999999999942,-0.5730000000000004,-0.3993000000000002,-0.4435000000000002,0.19369999999999976,0.41100000000005465,0.19499999999997186,0.45300000000001006,0.22800000000000153,-0.029999999999983373,-0.8009999999999717,0.2310000000000212,-0.389999999999997,-0.389999999999997,-0.05099999999998772,
-0.47609999999999886,0.0129999999999999,-0.43520000000000003,0.4190000000000005,0.5949000000000009,0.10960000000000036,-0.5652999999999997,-0.4123000000000001,-0.45650000000000013,0.19200000000000017,-0.12300000000003308,0.6810000000000116,-0.7559999999999967,1.559999999999988,1.1309999999999754,0.43799999999999173,0.03300000000000303,-0.9539999999999882,-0.0629999999999864,-1.5060000000000073,
-0.48019999999999996,0.03570000000000029,0.18009999999999948,-0.4603999999999999,0.6326,0.12420000000000009,-0.5641999999999996,0.6028000000000002,-0.4440999999999997,0.14179999999999993,0.4739999999999611,0.8819999999999695,1.2209999999999788,0.9509999999999685,1.031999999999993,0.1679999999999815,0.7049999999999823,-0.09300000000002306,0.14399999999998414,-0.5580000000000052,
-0.46440000000000126,0.06509999999999927,-0.42870000000000097,0.22079999999999878,0.6669999999999998,0.12979999999999947,-0.5407000000000002,-0.43930000000000025,0.5996999999999995,0.12319999999999975,-0.33299999999997,0.5279999999999951,0.03600000000002268,0.45300000000001006,0.8249999999999957,0.15900000000002912,0.023999999999997357,-0.17100000000000115,-0.7049999999999823,-0.4919999999999991,
-0.47550000000000026,0.08269999999999911,-0.4275000000000002,0.2358999999999991,0.5393999999999988,0.13510000000000044,-0.5399000000000003,-0.4450000000000003,0.5762,-0.4413,0.6420000000000492,-0.05999999999996675,0.024000000000050647,0.9960000000000768,0.6120000000000658,0.2669999999999906,0.34500000000002196,-0.9539999999999882,-0.5489999999999995,0.28800000000002157,
-0.4540999999999986,0.08070000000000022,0.26910000000000167,-0.4266999999999985,0.559800000000001,0.14400000000000013,-0.5283999999999995,0.5579000000000001,-0.4767999999999999,-0.4316999999999993,-0.24300000000007316,0.2849999999999753,0.43799999999993844,0.40799999999995507,0.31799999999995165,0.9240000000000048,0.12599999999999945,-0.3479999999999883,0.1920000000000055,0.4619999999999891,
-0.46220000000000105,0.09019999999999939,0.2836999999999996,-0.4131,0.5703999999999994,0.1748000000000003,-0.5241999999999996,0.5463000000000005,-0.4703999999999997,-0.41629999999999967,-0.719999999999974,0.2519999999999989,-0.05699999999997374,-0.5160000000000231,0.27000000000001023,-0.414000000000021,-0.0030000000000196536,-0.012000000000025324,-0.5550000000000122,-0.006000000000012662,
-0.4862000000000002,0.09859999999999935,0.2818000000000005,-0.4303000000000008,0.5793999999999997,0.1609999999999996,-0.5243000000000002,0.5458999999999996,-0.4889000000000001,-0.4165000000000001,0.27000000000001023,0.3449999999999953,0.9570000000000078,1.8960000000000043,1.3470000000000049,1.578000000000026,0.7650000000000023,-0.33899999999998265,0.34800000000001496,1.2510000000000154,
0.1100999999999992,-0.47719999999999985,-0.36710000000000065,0.31370000000000076,0.6242999999999999,-0.49880000000000013,0.21360000000000046,-0.4772999999999996,0.5346000000000002,-0.3747999999999996,0.9300000000000175,0.6419999999999959,-2.2499999999999787,0.705000000000009,0.19800000000001816,1.197000000000008,0.6329999999999902,2.5560000000000116,-0.12899999999999245,0.24900000000000588,
0.14109999999999978,-0.4558,-0.44209999999999994,0.33720000000000105,0.6309000000000005,-0.45889999999999986,0.23470000000000013,-0.3920999999999992,0.5303000000000004,-0.3664999999999994,-0.19500000000002515,-1.3049999999999962,0.39599999999998303,0.39299999999993673,0.9059999999999668,-0.20700000000002383,0.05099999999998772,-0.4710000000000214,-0.732000000000026,0.6539999999999679,
0.13459999999999894,-0.49929999999999986,-0.4289000000000005,0.35029999999999895,0.6610999999999994,-0.46580000000000066,0.23639999999999972,-0.40779999999999994,0.5058999999999996,-0.34470000000000045,0.7410000000000316,0.9449999999999825,1.3920000000000066,0.6000000000000405,0.05700000000002703,0.7590000000000163,1.0799999999999876,0.45600000000000307,0.0420000000000087,0.6240000000000112,
0.1593,-0.46780000000000044,-0.3825000000000003,0.3703000000000003,0.6630000000000003,-0.4405000000000001,0.2723999999999993,-0.39259999999999984,0.5072999999999999,-0.3239000000000001,0.5069999999999908,0.1320000000000121,-3.240000000000016,0.9179999999999922,0.44399999999997775,0.6840000000000046,0.39000000000002366,-6.786000000000012,-0.1649999999999885,0.16199999999999548,
0.1761999999999997,-0.46340000000000003,0.40090000000000003,0.6777999999999995,-0.4905000000000008,-0.41769999999999996,0.2854000000000001,0.5018000000000002,-0.3185000000000002,-0.6188000000000002,0.43799999999999173,-0.2579999999999849,0.2670000000000172,-0.008999999999979025,1.6950000000000465,-0.2370000000000072,-0.4800000000000004,-0.08099999999999774,0.0030000000000196536,0.6810000000000116,
0.19079999999999941,-0.47199999999999953,0.4098000000000006,-0.4339999999999993,0.6775000000000002,-0.4256000000000002,0.2694000000000001,0.4991000000000003,-0.5960999999999999,-0.3183999999999996,1.4580000000000126,0.23099999999999454,1.5869999999999784,0.5849999999999689,1.3979999999999926,1.3499999999999979,1.880999999999986,-0.3660000000000263,-1.0050000000000026,1.007999999999969,
0.23939999999999984,-0.4642999999999997,0.4626999999999999,-0.4145000000000003,0.7241,-0.38060000000000027,0.3320999999999996,0.48689999999999944,-0.6295999999999999,-0.2848000000000006,-0.1679999999999815,0.7349999999999923,0.5789999999999829,0.4349999999999987,0.4770000000000074,0.11400000000002741,1.5930000000000177,0.30300000000001326,-0.12300000000000644,0.2910000000000146,
0.23380000000000045,-0.43979999999999997,0.4819999999999993,-0.40000000000000036,0.7400000000000002,-0.37679999999999936,0.3852000000000002,0.4969999999999999,-0.6337000000000002,-0.2751000000000001,0.6810000000000116,0.6480000000000352,1.530000000000058,0.6720000000000326,1.23899999999999,0.20999999999996355,0.4199999999999804,-0.5489999999999995,-0.777000000000001,-0.014999999999991687,
0.25650000000000084,-0.4181999999999988,0.5330000000000013,-0.37759999999999927,0.7812999999999999,-0.3698000000000006,0.39919999999999956,0.4786999999999999,-0.6596000000000002,-0.27559999999999985,-0.11999999999998678,0.3390000000000093,0.7709999999999617,1.1160000000000103,0.48900000000003274,0.5100000000000104,2.616000000000005,0.3360000000000163,-0.38399999999998435,1.0769999999999946,
0.2525000000000013,-0.4068999999999985,0.5587,-0.3403999999999989,0.797600000000001,-0.3528000000000002,0.4863999999999997,0.48990000000000045,-0.6723999999999997,-0.23970000000000002,0.4679999999999751,0.44099999999993145,1.427999999999976,0.23699999999998056,0.9989999999999633,0.9240000000000048,1.2060000000000137,0.6600000000000072,-0.26399999999999757,0.8880000000000088,
0.26810000000000045,-0.3324999999999996,0.6062999999999992,0.8308999999999997,1.0490999999999993,-0.32200000000000006,-0.6811999999999996,0.5119000000000007,-0.21009999999999973,0.22860000000000014,-0.36600000000005295,-0.14100000000004442,-0.39599999999998303,-0.31200000000001893,0.09899999999998244,-0.33299999999999663,-0.14400000000001079,-0.02100000000000435,-0.5849999999999955,-0.18599999999999284,
0.2558999999999987,0.5930999999999997,0.8204999999999991,1.0523999999999987,1.1110999999999986,-0.33309999999999995,0.5112000000000005,-0.22959999999999958,0.22240000000000038,-0.5374999999999996,-0.0029999999999397176,1.473000000000031,1.020000000000021,0.9270000000000778,0.7680000000000753,0.8370000000000211,0.9030000000000005,2.112000000000007,1.811999999999987,1.7550000000000132,
0.2558000000000007,0.6422000000000008,0.8544999999999998,1.0833000000000013,1.1367000000000012,-0.30519999999999925,0.5413000000000006,-0.15919999999999934,0.28279999999999994,-0.4789999999999992,0.5039999999999978,1.0769999999999946,0.8160000000000167,1.3079999999999892,1.3079999999999892,0.5489999999999728,0.6149999999999789,0.4499999999999904,1.2870000000000115,1.2869999999999848,
0.2726000000000006,0.6781000000000006,0.8817000000000004,1.126900000000001,1.1803000000000008,-0.28690000000000015,0.5617999999999999,-0.14419999999999966,0.3257000000000003,-0.4360999999999997,-0.14400000000003743,0.9479999999999755,0.7889999999999731,0.6899999999999906,0.17999999999995353,0.7889999999999997,0.5310000000000148,1.3019999999999765,0.9809999999999786,1.2629999999999875,
0.26779999999999937,0.9079999999999995,0.7096999999999998,1.1499000000000006,1.1862999999999992,-0.26060000000000016,-0.10080000000000044,0.5795000000000003,0.3583999999999996,-0.39400000000000013,-0.0420000000000087,0.2849999999999753,0.8369999999999678,0.716999999999981,0.6810000000000116,0.6329999999999902,1.1909999999999954,0.8459999999999734,0.8039999999999914,0.9299999999999908,
0.2663999999999991,0.9174999999999986,0.7375999999999987,1.1738,1.2089999999999996,-0.2395000000000005,-0.0611000000000006,0.6076999999999995,0.3851999999999993,-0.36300000000000043,0.28200000000003556,0.40500000000001535,0.9120000000000061,1.023000000000014,0.5309999999999881,0.5489999999999995,0.9780000000000122,0.7650000000000023,0.8790000000000031,1.383000000000001,
0.27580000000000027,0.9309999999999992,0.7679999999999989,1.2266999999999992,1.2079000000000004,-0.2212000000000005,-0.028500000000000192,0.6331999999999995,-0.3169000000000004,0.4144999999999994,0.0839999999999641,0.384000000000011,0.3030000000000399,0.2130000000000365,0.2129999999999832,-0.09599999999996278,0.20400000000000418,0.1290000000000191,-0.05699999999997374,-0.05699999999997374,
0.27859999999999907,0.9437999999999995,0.7781000000000002,1.2338000000000005,1.2149999999999999,-0.22439999999999927,-0.021700000000000053,0.6375000000000002,-0.31879999999999953,0.4126000000000003,0.7559999999999967,0.4589999999999961,1.8359999999999843,1.7639999999999922,1.9890000000000008,0.4259999999999664,2.2919999999999874,2.030999999999983,2.381999999999991,2.160000000000002,
0.30379999999999896,0.9590999999999994,0.8392999999999997,1.2926000000000002,1.2119,-0.2102000000000004,0.05469999999999953,0.7051999999999996,-0.23939999999999984,-0.6215999999999999,0.2190000000000225,0.045000000000001705,1.1190000000000033,0.312000000000