-0.29969999999999963,-0.4672999999999998,0.002500000000000391,0.19790000000000063,-0.38790000000000013,-0.3265000000000011,0.06219999999999892,-0.649700000000001,0.7151999999999994,0.6958000000000002,0.389999999999997,0.24900000000000588,0.14099999999999113,0.07799999999997809,-0.3029999999999866,-0.344999999999942,-0.2849999999999753,-0.4559999999999498,-0.4319999999999524,-0.10499999999996845,
-0.28669999999999973,-0.45899999999999963,0.007200000000000095,0.2004999999999999,-0.3979999999999997,-0.3379999999999992,0.05269999999999975,-0.6648999999999994,0.700800000000001,0.6923000000000012,-0.389999999999997,-0.5400000000000205,-0.09900000000000908,-0.5460000000000065,-0.16200000000002213,-0.3870000000000573,-0.710999999999995,-0.22200000000001552,-0.7170000000000343,-0.5820000000000825,
-0.29969999999999963,-0.4770000000000003,0.0038999999999997925,0.18229999999999968,-0.4034000000000004,-0.3509000000000011,0.028999999999999915,-0.6722999999999999,0.6768999999999998,0.6728999999999985,0.11100000000000776,0.06600000000000605,-0.25199999999997225,-0.0809999999999711,0.14700000000003044,0.10200000000002873,0.39299999999999,-0.07199999999999207,0.4260000000000197,0.41700000000004067,
-0.2959999999999994,-0.4748000000000001,-0.004499999999999282,0.17960000000000065,-0.3984999999999994,-0.34750000000000014,0.04209999999999958,-0.6746999999999996,0.6911000000000005,0.6867999999999999,0.5999999999999872,0.384000000000011,0.2579999999999849,0.19799999999999152,0.39599999999998303,0.09599999999998943,-0.2190000000000225,-0.09299999999999642,-0.36000000000001364,-0.45300000000001006,
-0.2759999999999998,-0.46199999999999974,0.004100000000000215,0.18620000000000037,-0.3853,-0.3443000000000005,0.03479999999999883,-0.6777999999999995,0.6791,0.6716999999999995,0.19199999999997885,0.12599999999999945,0.2519999999999989,0.20099999999998452,-0.1049999999999951,-0.2549999999999919,-0.4559999999999498,-0.5850000000000222,-0.3510000000000346,-0.18599999999999284,
-0.2696000000000005,-0.45779999999999976,0.19289999999999985,0.012500000000000178,-0.3887999999999998,-0.3528000000000002,0.019600000000000506,0.6673999999999989,-0.6973000000000003,0.6654999999999998,0.1890000000000125,-0.03900000000001569,-0.15900000000000247,-0.18299999999999983,-0.15900000000000247,-0.2940000000000076,-0.3390000000000093,-0.5009999999999515,-0.5250000000000021,-0.5460000000000065,
-0.2633000000000001,-0.4591000000000003,0.18759999999999977,0.006400000000000183,-0.3940999999999999,-0.3626000000000005,0.008300000000000196,0.6507000000000005,-0.7148000000000003,0.6472999999999995,0.356999999999994,0.21300000000000985,-0.2519999999999989,0.3509999999999813,0.6239999999999846,-0.4199999999999804,-0.7320000000000526,-0.3360000000000163,-0.31200000000001893,-0.6150000000000055,
-0.45199999999999996,-0.2514000000000003,0.1791999999999998,0.01809999999999956,-0.3733000000000004,-0.016100000000001558,-0.3765999999999998,0.6395,-0.725200000000001,0.6267999999999994,0.12599999999999945,-0.27899999999998926,0.1470000000000038,-0.3179999999999783,-0.4169999999999874,-0.281999999999929,-0.12299999999997979,-0.27899999999998926,-0.4229999999999734,-0.4709999999999681,
-0.4478,-0.26069999999999993,0.18409999999999993,-0.3872,0.007500000000000284,-0.02549999999999919,-0.38069999999999915,0.6302000000000003,0.6111000000000004,-0.7393000000000001,0.06600000000000605,0.4169999999999874,0.2850000000000019,0.3089999999999993,0.27899999999998926,0.14999999999997016,0.1290000000000191,0.023999999999997357,0.4800000000000004,0.01800000000001134,
-0.4455999999999998,-0.24680000000000035,0.1936,-0.3769,0.016799999999999926,-0.020500000000000185,-0.3763999999999985,0.6310000000000002,0.6271000000000004,-0.7386999999999997,-0.22500000000000853,-0.057000000000000384,-0.5190000000000161,-0.5460000000000065,-0.08099999999999774,-0.2190000000000225,-0.375000000000032,-0.4200000000000337,-0.23099999999999454,-0.33000000000003027,
-0.45310000000000006,-0.24870000000000037,0.17629999999999946,-0.39510000000000023,0.014100000000000001,-0.027800000000000935,-0.3888999999999996,0.6169999999999991,0.6194000000000006,-0.7497000000000007,0.26399999999999757,0.384000000000011,0.26100000000000456,0.3300000000000036,0.19799999999999152,-0.6479999999999286,-0.7230000000000203,-0.44399999999997775,-1.0470000000000113,-0.35999999999996035,
-0.44430000000000014,-0.2359,0.1849999999999996,-0.3841000000000001,0.02069999999999972,-0.049399999999998556,-0.41300000000000026,0.6021999999999998,0.5845000000000002,-0.7616999999999994,-0.14400000000001079,0.1679999999999815,-0.2850000000000019,0.4919999999999991,-0.19799999999999152,-0.5430000000000668,-0.4349999999999987,-0.49800000000001177,-0.36000000000001364,-1.0530000000000506,
-0.4491000000000005,-0.23030000000000062,0.17549999999999955,-0.36770000000000014,0.014100000000000001,-0.06750000000000078,-0.4275000000000002,0.5855999999999995,0.5724999999999998,-0.7968000000000011,0.07199999999999207,0.08099999999999774,0.10800000000001475,-0.21600000000000286,0.04199999999998205,-0.05699999999997374,0.17399999999996751,-0.0029999999999930083,-0.09000000000000341,-0.045000000000001705,
-0.44670000000000076,-0.2276000000000007,0.17910000000000004,-0.37490000000000023,0.015499999999999403,-0.0693999999999999,-0.4217000000000013,0.5854999999999997,0.5694999999999997,-0.7983000000000011,-0.10199999999997544,0.24900000000003253,-0.15900000000000247,-0.12299999999997979,-0.08699999999998376,-0.5339999999999812,-0.43799999999993844,-0.39599999999998303,-0.5250000000000021,-0.6089999999999662,
-0.45009999999999994,-0.2192999999999996,0.17379999999999995,-0.37899999999999956,0.012599999999999945,-0.08719999999999928,-0.43629999999999924,0.5723000000000003,0.5519999999999996,-0.8186,-0.2069999999999972,-0.4770000000000074,-0.20100000000001117,-0.006000000000012662,-0.06600000000000605,0.05699999999997374,-0.1350000000000584,0.06600000000000605,-0.05099999999998772,-0.14099999999999113,
-0.45699999999999985,-0.23519999999999985,0.16709999999999958,-0.3792,0.010399999999999743,-0.08530000000000015,-0.4408000000000012,0.5745000000000005,0.5503,-0.8232999999999997,-0.26100000000000456,0.23099999999999454,-0.1529999999999898,-0.14399999999998414,-0.035999999999996035,-0.4649999999999821,-0.5579999999999785,-0.45300000000001006,-0.7379999999999853,-0.378000000000025,
-0.4657,-0.22750000000000004,0.16199999999999992,-0.38399999999999945,0.009199999999999875,-0.10079999999999956,-0.4594000000000005,0.5594000000000001,0.5257000000000005,-0.8359000000000005,0.3089999999999993,0.13500000000000512,0.2129999999999832,0.2729999999999766,0.3390000000000093,-0.28500000000002856,0.03900000000001569,-0.2640000000000242,0.11999999999998678,-0.378000000000025,
-0.4554,-0.22299999999999986,0.16909999999999936,-0.37490000000000023,0.020500000000000185,-0.11030000000000051,-0.45809999999999995,0.5505999999999993,0.5297000000000001,-0.8485000000000014,-0.20400000000000418,0.047999999999994714,0.21000000000001684,0.801000000000025,0.07800000000000473,-0.5669999999999575,-0.23399999999998755,0.015000000000044977,-0.8579999999999721,-0.3749999999999254,
-0.46220000000000017,-0.22140000000000004,0.17609999999999992,-0.3481999999999994,0.023100000000000342,-0.1291999999999991,-0.46589999999999954,0.5511000000000008,0.501100000000001,-0.8609999999999989,0.32099999999999795,0.15599999999998282,0.46800000000000175,-0.2160000000000295,0.4769999999999808,0.14999999999997016,-0.1320000000000121,-0.015000000000018332,0.10800000000001475,-0.2519999999999989,
-0.45150000000000023,-0.21620000000000061,0.19169999999999998,-0.3554000000000004,0.0389999999999997,-0.12420000000000009,-0.47029999999999994,0.5506000000000002,0.5047000000000015,-0.8693999999999988,-0.5759999999999899,-0.2579999999999849,-0.20400000000000418,-0.1079999999999881,-0.19799999999999152,-0.6659999999999933,-0.387000000000004,-0.3390000000000093,-0.12000000000004007,-0.07500000000003837,
-0.4706999999999999,-0.2248000000000001,0.18489999999999984,-0.359,0.032399999999999984,-0.14639999999999986,-0.4832000000000001,0.5392999999999999,0.5007000000000001,-0.8719000000000001,0.4440000000000044,0.356999999999994,0.4349999999999987,0.5399999999999938,0.5729999999999968,0.14399999999998414,0.24900000000000588,-0.5400000000000205,-0.6659999999999933,-0.44700000000002404,
-0.45589999999999975,-0.2129000000000003,0.1993999999999998,-0.3410000000000002,0.05149999999999988,-0.1416000000000004,-0.4748999999999999,0.5212999999999992,0.47850000000000037,-0.8868000000000009,-0.14400000000001079,0.18599999999999284,-0.014999999999991687,0.057000000000000384,0.09599999999998943,-0.3420000000000023,-0.37200000000003897,0.2850000000000019,-0.14400000000003743,-0.335999999999963,
-0.4607000000000001,-0.20670000000000055,0.19890000000000008,-0.3391000000000002,0.05469999999999953,-0.15300000000000047,-0.4873000000000012,0.5307999999999993,0.4736999999999991,-0.8979999999999997,-0.36899999999999267,-0.19199999999997885,0.017999999999984695,-0.2970000000000006,-0.29099999999998793,-0.06299999999995975,-0.2879999999999683,-0.17099999999994786,-0.04799999999994142,-0.07799999999997809,
-0.47299999999999986,-0.21309999999999985,0.19949999999999957,-0.3490000000000002,0.04499999999999993,-0.15509999999999913,-0.4969000000000001,0.525100000000001,0.4721000000000011,-0.900599999999999,-0.2970000000000006,0.27599999999999625,0.5969999999999942,0.9509999999999952,1.034999999999986,-0.5550000000000388,-0.6060000000000265,-0.5880000000000418,-0.759000000000043,-0.8880000000000621,
-0.4828999999999999,-0.31730000000000036,0.21939999999999937,-0.20389999999999997,0.07949999999999946,-0.17360000000000042,0.44679999999999964,0.5054999999999996,-0.517100000000001,-0.930200000000001,-0.05100000000001437,0.2069999999999972,0.3300000000000036,-0.06600000000000605,0.1949999999999985,-0.2609999999999779,-0.31799999999995165,-0.14999999999997016,-0.008999999999979025,-0.09599999999993614,
-0.48460000000000036,-0.31040000000000045,0.2303999999999995,-0.20610000000000017,0.08599999999999941,-0.18229999999999968,0.43620000000000125,0.5005000000000006,-0.5174000000000003,-0.9333999999999989,-0.7019999999999893,-0.5159999999999965,-0.6119999999999859,-0.5670000000000108,-0.743999999999998,0.0,-0.1740000000000208,-0.11700000000002042,0.13799999999999812,0.09899999999998244,
0.20999999999999996,-0.508,-0.32760000000000034,-0.22500000000000053,0.06119999999999948,0.49659999999999993,-0.18229999999999968,0.43040000000000056,-0.5128000000000004,-0.9300999999999995,0.1649999999999885,0.14699999999997715,-0.20100000000001117,-0.09899999999998244,0.3300000000000036,0.32699999999998397,0.1289999999999658,-5.3290705182007514E-14,-0.23700000000003385,-0.3840000000000643,
-0.5031000000000008,-0.3343000000000007,0.21549999999999958,-0.22829999999999995,0.0721999999999996,-0.17800000000000082,0.4303999999999988,0.5074999999999994,-0.5207000000000015,-0.9429000000000016,-0.6299999999999706,0.18900000000003914,-0.38399999999998435,-0.6539999999999946,-0.03599999999996939,0.06899999999999906,-0.4740000000000144,-0.1949999999999985,0.1740000000000208,0.2910000000000146,
-0.3279999999999994,0.2027000000000001,-0.5240999999999998,-0.25009999999999977,0.07100000000000062,0.4145999999999983,0.5009999999999994,-0.17570000000000086,-0.5149000000000008,-0.9332000000000011,-0.4440000000000044,-0.00900000000000567,-0.9810000000000052,-0.5640000000000178,-0.3390000000000093,0.19800000000007145,-0.46799999999994846,-0.2939999999999543,-0.6149999999999523,-0.3749999999999254,
0.2023999999999999,-0.34279999999999955,-0.5568,-0.26890000000000036,0.05970000000000031,0.48540000000000116,0.4212000000000007,-0.18549999999999933,-0.5353999999999992,-0.9456999999999987,-0.20700000000002383,0.4529999999999834,-1.3590000000000035,-0.6240000000000112,0.5879999999999885,-0.5700000000000305,-1.473000000000031,-0.6990000000000229,-0.7920000000000194,-0.6600000000000605,
-0.3277000000000001,0.19549999999999912,-0.28970000000000073,-0.6021000000000001,0.07929999999999993,0.37209999999999965,0.46640000000000015,-0.5617999999999999,-0.2088000000000001,-0.9677000000000007,-0.9719999999999995,-0.5759999999999899,-0.8309999999999818,-1.4010000000000122,-1.1850000000000094,0.06899999999999906,0.14400000000001079,0.387000000000004,0.14399999999998414,0.7350000000000456,
0.17629999999999946,-0.3601000000000001,-0.3174000000000001,-0.6488000000000005,0.03979999999999961,0.4712000000000005,0.3743999999999996,-0.5488999999999997,-0.20400000000000063,-0.9431999999999992,-0.5519999999999659,-0.13799999999999812,-0.8669999999999778,-2.0819999999999705,-0.2699999999999836,0.38099999999999135,-0.40500000000001535,-0.5039999999999978,-0.6659999999999933,-0.384000000000011,
0.1579000000000006,-0.3647,-0.3462999999999994,-0.7181999999999995,0.03080000000000016,0.4839000000000002,0.3608999999999991,-0.5656999999999996,-0.2262000000000004,-0.9559999999999995,0.49499999999996547,0.5069999999999908,0.5039999999999711,0.7259999999999867,0.2609999999999779,-0.4649999999999821,-0.6749999999999723,-0.49800000000001177,-0.4259999999999664,-0.008999999999979025,
-0.34780000000000033,0.17439999999999944,-0.32950000000000035,-0.694,0.039499999999999424,0.33840000000000003,0.4684000000000008,-0.5823,-0.24039999999999928,-0.9562999999999988,-1.0619999999999763,-0.9359999999999769,-0.9779999999999855,-2.0970000000000155,-0.8309999999999818,0.19499999999997186,0.5489999999999728,-0.27000000000001023,-0.40800000000000836,0.13499999999995183,
0.14320000000000022,-0.38319999999999954,-0.36209999999999987,-0.7639000000000005,0.011800000000000033,0.4866999999999999,0.3448999999999991,-0.5913000000000004,-0.25399999999999956,-0.9518000000000004,0.07800000000000473,-0.03300000000000303,-0.42000000000000703,-1.0740000000000016,0.09900000000000908,0.11100000000000776,-0.5519999999999392,-0.777000000000001,-0.8069999999999844,0.15900000000000247,
-0.38429999999999964,0.14580000000000037,-0.3761000000000001,-0.7997000000000005,0.015100000000000335,0.3265000000000011,0.49040000000000017,-0.6172000000000004,-0.28089999999999904,-0.9465000000000003,-3.1260000000000154,-3.075000000000001,-3.1200000000000028,-4.641000000000002,-2.6040000000000063,-0.6180000000000518,1.0500000000000043,-0.3029999999999866,-0.6270000000000309,1.031999999999993,
0.04330000000000034,-0.48850000000000016,-0.4801000000000002,-0.07169999999999987,-0.9544000000000006,0.5254000000000003,0.3058999999999994,-0.6273,-0.9121000000000006,-0.30180000000000007,2.5319999999999876,2.4659999999999815,1.84499999999999,2.7090000000000014,1.6019999999999968,3.8189999999999724,2.6309999999999967,2.4359999999999715,3.5219999999999985,2.5709999999999766,
-0.40630000000000077,0.12769999999999992,-0.4186000000000005,0.018600000000000172,-0.9010000000000007,0.3935999999999993,0.6526999999999994,-0.5461000000000009,-0.7947000000000006,-0.21610000000000085,-1.982999999999988,-1.7910000000000093,-1.7549999999999866,-1.9560000000000244,-2.357999999999967,-2.6189999999999714,-1.9769999999999488,-2.8289999999999615,-2.348999999999961,-2.5559999999999583,
-0.4724000000000004,0.06799999999999962,-0.4771000000000001,-0.04660000000000064,-0.9795999999999996,0.30630000000000024,0.5868000000000011,-0.6403999999999996,-0.8729999999999993,-0.30129999999999946,0.7709999999999884,0.16500000000001513,0.3720000000000123,0.36599999999999966,0.1439999999999575,0.22500000000000853,-0.11100000000000776,0.27300000000000324,-0.14699999999997715,0.36000000000001364,
-0.44670000000000076,0.07350000000000012,-0.46469999999999967,-0.03440000000000065,-0.974800000000001,0.3138000000000005,0.5831000000000008,-0.6312999999999995,-0.8778999999999986,-0.289299999999999,-0.8249999999999957,0.22199999999998887,-0.39900000000002933,-0.4619999999999891,-0.8099999999999774,0.6899999999999906,1.1549999999999994,0.14700000000003044,0.49199999999997246,0.5279999999999951,
-0.4742000000000006,0.08089999999999975,-0.47800000000000065,-0.04980000000000029,-1.0018000000000002,0.3368000000000002,0.6216000000000008,-0.6263999999999985,-0.8614999999999995,-0.27169999999999916,0.15300000000001646,-0.1920000000000055,-0.31199999999996564,-0.354000000000001,-0.3390000000000093,0.48899999999997945,1.6469999999999452,0.6029999999999269,0.335999999999963,1.0139999999999816,
-0.4691000000000001,0.07449999999999957,-0.4883999999999995,-0.06160000000000032,-1.0131000000000006,0.3530999999999995,0.676499999999999,-0.606300000000001,-0.8503000000000007,-0.23789999999999978,-1.1249999999999893,-0.20100000000001117,-1.0410000000000252,-0.8729999999999905,-1.9319999999999737,2.568000000000037,3.771000000000031,1.6890000000000605,2.4750000000000405,2.4180000000000135,
-0.5065999999999997,-0.5231000000000003,-0.0907,0.0677999999999992,0.8074999999999992,0.43870000000000076,-0.5499999999999989,-0.7677999999999994,0.8022,-0.7073,-0.2820000000000089,-0.6240000000000112,-0.1470000000000038,-0.39899999999997604,1.3949999999999996,1.1219999999999963,1.3949999999999996,1.1519999999999797,1.383000000000001,1.5750000000000064,
-0.516,-0.09560000000000013,-0.5439000000000007,0.05449999999999999,0.8539999999999992,0.47610000000000063,-0.7294,-0.503499999999999,0.8483,-0.6547999999999998,-0.10200000000000209,-0.39599999999998303,-0.5639999999999912,-0.6089999999999929,0.4530000000000367,1.5449999999999697,1.623000000000001,1.565999999999974,1.6860000000000142,2.049000000000021,
-0.10879999999999956,-0.5627000000000004,-0.5194000000000001,0.03420000000000023,-0.21280000000000054,-0.6753,-0.4512999999999998,0.5275999999999996,0.9045000000000005,-1.020999999999999,0.26100000000000456,0.21899999999999586,0.054000000000007375,-0.10200000000000209,0.2820000000000089,-0.014999999999965041,0.2610000000000312,-0.03299999999997638,-0.2669999999999906,-0.2099999999999902,
-0.10009999999999941,-0.5554000000000006,-0.5175999999999998,0.03080000000000016,0.8628,-0.6757999999999988,-0.44259999999999877,0.5265000000000004,0.8956000000000008,-0.5881999999999987,-0.45900000000004937,-0.6630000000000003,-0.3360000000000163,-0.1320000000000121,1.205999999999987,1.0919999999999597,1.4759999999999174,0.5279999999999418,0.7979999999999521,1.3349999999999262,
-0.11540000000000106,-0.5775000000000006,-0.5288000000000004,0.026399999999999757,-0.21670000000000122,-0.6394000000000002,-0.3934000000000015,0.5440999999999985,0.9221999999999992,-0.9824000000000002,0.35700000000002063,-0.5640000000000178,-0.11699999999999378,-0.3660000000000263,0.32399999999999096,1.6019999999999968,1.080000000000041,1.2240000000000784,1.2960000000000438,1.6019999999999968,
-0.10350000000000037,-0.5963000000000012,-0.5327000000000002,-0.20590000000000153,0.01419999999999888,-0.5860000000000003,-0.35740000000000016,0.5849000000000011,-0.9290000000000003,0.9654000000000007,0.18000000000000682,-0.3869999999999507,-0.7919999999999661,0.9450000000000891,-1.5479999999999627,1.4970000000000283,0.6719999999999793,-0.2520000000000522,0.3449999999999953,0.24899999999997924,
-0.09750000000000014,-0.6091999999999995,-0.559099999999999,-0.17439999999999856,-0.03739999999999988,-0.5360999999999994,-0.33500000000000085,0.5764999999999993,-0.9175000000000004,0.9737,-0.2549999999999919,-0.6150000000000588,-1.0320000000000462,-0.7770000000000543,-0.8790000000000298,1.164000000000005,0.45600000000005636,-0.5939999999999479,0.08100000000002439,0.18299999999999983,
-0.10599999999999987,-0.6297000000000015,-0.5935000000000006,-0.20030000000000037,-0.06670000000000087,-0.4972999999999992,-0.319799999999999,0.5567000000000011,-0.9147999999999996,0.9798,0.36899999999999267,-0.4289999999999594,-0.047999999999994714,0.40199999999996905,-0.5999999999999872,0.6209999999999916,0.7049999999999557,0.44699999999997075,-0.3360000000000163,0.41100000000000136,
-0.09370000000000012,-0.6440000000000001,-0.5951000000000004,-0.1869000000000014,-0.08670000000000044,-0.47659999999999947,-0.29630000000000045,0.5716000000000001,-0.9260000000000002,0.9935,0.02100000000000435,-0.2519999999999989,-0.14399999999998414,-0.13799999999994483,-0.2519999999999989,-0.027000000000043656,-0.10800000000001475,-0.01800000000001134,-0.1680000000000348,0.09599999999996278,
-0.09299999999999997,-0.6524000000000001,-0.5998999999999999,-0.19149999999999956,-0.0951000000000004,-0.4775000000000009,-0.29990000000000094,0.5709999999999997,-0.9316000000000013,0.9966999999999988,0.1289999999999658,-0.2640000000000242,-0.18900000000003914,0.4649999999999821,-0.33000000000003027,0.375000000000032,0.28800000000002157,-0.23399999999998755,-0.13799999999994483,0.10500000000004839,
-0.08870000000000111,-0.6612000000000009,-0.6062000000000012,-0.17600000000000016,-0.10610000000000142,-0.46499999999999986,-0.2903000000000002,0.5632000000000001,-0.9361999999999995,1.0002000000000004,-0.008999999999979025,-0.18899999999998585,0.12300000000003308,0.6869999999999976,-0.6719999999999793,0.18000000000000682,0.2160000000000295,-0.24900000000000588,-0.6449999999999889,0.029999999999983373,
-0.08900000000000041,-0.6675000000000004,-0.6021000000000001,-0.15310000000000024,-0.12850000000000072,-0.45899999999999963,-0.28309999999999924,0.5549,-0.9576999999999991,1.0011999999999999,-0.09599999999998943,-0.8699999999999974,-0.8400000000000141,0.5430000000000135,-0.6449999999999889,0.23399999999998755,0.6089999999999662,-0.03599999999996939,-0.768000000000022,-0.4589999999999961,
-0.09220000000000006,-0.6965000000000003,-0.6301000000000005,-0.1349999999999998,-0.15000000000000036,-0.45120000000000005,-0.26280000000000037,0.553700000000001,-0.9832999999999998,0.9859,0.387000000000004,0.36300000000005994,0.4620000000000424,0.779999999999994,-0.40499999999996206,-0.17399999999996751,-0.3749999999999787,-0.41100000000000136,-0.4259999999999664,-0.5549999999999855,
-0.07929999999999993,-0.6843999999999983,-0.6146999999999991,-0.1634999999999991,-0.10899999999999999,-0.45699999999999896,-0.27529999999999966,0.5400000000000009,0.9674000000000005,-0.9974999999999987,-0.6840000000000046,-0.44100000000003803,-0.5670000000000108,-0.5730000000000501,-0.20400000000000418,-0.008999999999979025,0.5220000000000091,-0.15000000000002345,-0.7019999999999893,-0.1770000000000138,
-0.10210000000000008,-0.6990999999999996,-0.6335999999999995,-0.18260000000000076,-0.11580000000000013,-0.45729999999999826,-0.25789999999999935,0.5350000000000001,0.9440000000000008,-1.0033999999999992,0.6209999999999916,0.09299999999999642,0.6989999999999696,0.3450000000000486,0.7890000000000263,0.2519999999999456,0.23099999999994125,0.2879999999999683,-0.06900000000005235,0.22799999999994824,
-0.08140000000000036,-0.6959999999999997,-0.6103000000000005,-0.17109999999999914,-0.08949999999999925,-0.4489000000000001,-0.2502000000000013,0.5445999999999991,0.9416999999999991,-0.9958000000000009,-0.6330000000000169,-0.710999999999995,-0.9300000000000175,-0.765000000000029,-0.4710000000000214,0.029999999999983373,0.29100000000006787,0.06600000000000605,-0.9719999999999729,0.003000000000046299,
-0.10250000000000092,-0.7196999999999996,-0.6413000000000011,-0.1966000000000001,-0.10519999999999996,-0.44790000000000063,-0.24049999999999905,0.5467999999999993,0.9093,-0.9956999999999994,-0.7019999999999627,-0.0420000000000087,0.3000000000000469,-0.44099999999998474,-0.02100000000000435,0.22200000000001552,0.7529999999999504,0.49200000000002575,-0.5370000000000008,0.44999999999996376,
-0.12589999999999968,-0.7210999999999999,-0.6312999999999995,-0.2112999999999996,-0.1059000000000001,-0.4405000000000001,-0.2154000000000007,0.5632000000000001,0.8914,-0.9807000000000006,-0.3330000000000233,-0.5369999999999742,0.02100000000000435,-0.5579999999999785,0.5969999999999942,0.9810000000000052,2.2110000000000163,1.4129999999999843,-1.3140000000000018,2.2259999999999813,
-0.13700000000000045,-0.738999999999999,-0.6305999999999994,-0.22989999999999888,-0.0860000000000003,-0.40779999999999994,-0.14170000000000016,0.6102999999999996,0.8475999999999999,-0.9065000000000012,-0.07499999999998508,-0.23700000000003385,-0.6330000000000169,-0.9360000000000035,0.05100000000004101,1.3169999999999682,0.18899999999998585,0.2820000000000089,-0.9000000000000075,0.9270000000000245,
-0.13949999999999996,-0.7469000000000001,-0.261099999999999,-0.08429999999999893,-0.6517,-0.363900000000001,-0.13540000000000063,0.8175999999999997,-0.8756000000000004,0.6196999999999999,0.22200000000001552,-0.43799999999999173,-0.9090000000000131,0.45600000000000307,0.24000000000002686,0.42300000000008,0.7890000000000263,-0.2339999999999609,1.3440000000000119,0.3510000000000346,
-0.13209999999999944,-0.7614999999999998,-0.06909999999999883,-0.29139999999999944,-0.643699999999999,-0.34979999999999833,-0.10909999999999975,-0.8308,0.809800000000001,0.6314000000000011,0.23399999999998755,0.5940000000000012,0.5940000000000012,0.6810000000000116,0.05999999999996675,-0.11400000000005406,0.029999999999983373,0.1740000000000208,0.15599999999995617,-0.04200000000003534,
-0.12429999999999986,-0.7416999999999998,-0.04929999999999879,-0.26869999999999905,-0.6417000000000002,-0.35360000000000014,-0.10810000000000031,-0.8249999999999993,0.8149999999999995,0.6299999999999999,-0.5970000000000475,-0.8430000000000071,-0.5400000000000738,-0.9720000000000795,-0.6900000000000439,0.16199999999999548,-0.011999999999972033,0.6299999999999706,-1.040999999999972,-0.0629999999999864,
-0.14420000000000144,-0.7698,-0.06730000000000125,-0.3011000000000017,-0.6647000000000016,-0.3482000000000003,-0.10849999999999937,-0.8040000000000003,0.7803000000000004,0.6279000000000003,-0.09599999999993614,-0.23099999999999454,0.009000000000032315,-0.9239999999999782,-0.24599999999995958,0.2129999999999832,0.5939999999999479,0.5190000000000161,-0.6000000000000139,-0.05100000000001437,
-0.1473999999999993,-0.7774999999999999,-0.06700000000000017,-0.33190000000000097,-0.6729000000000003,-0.34110000000000085,-0.08870000000000111,-0.7866999999999997,0.7603,0.6261999999999999,-0.7350000000000456,-0.06300000000001305,-0.762000000000036,-0.713999999999988,-0.3449999999999953,-0.5999999999999339,0.12300000000003308,0.5430000000000135,-1.526999999999985,-0.10499999999996845,
-0.17190000000000083,-0.09240000000000137,-0.7796000000000003,-0.35570000000000057,-0.6844000000000001,-0.36109999999999864,-0.7685999999999993,-0.08460000000000001,0.7094000000000005,0.6227000000000009,-0.029999999999983373,-1.1999999999999744,-0.03300000000002967,-0.40200000000002234,-0.6390000000000029,0.6719999999999793,-0.19500000000002515,0.8220000000000027,-0.9389999999999965,0.29399999999998094,
-0.17290000000000028,-0.3691000000000013,-0.7807000000000013,-0.13240000000000052,-0.7057000000000002,-0.33869999999999933,0.6781000000000006,-0.05719999999999992,-0.7751000000000001,0.6325000000000003,-0.36899999999999267,-0.3059999999999796,-0.8909999999999485,-0.06600000000000605,-0.32399999999999096,-0.2190000000000225,-1.0290000000000266,-0.3510000000000346,-0.27899999999998926,-2.6645352591003757E-14,
-0.18520000000000003,-0.37930000000000064,-0.13460000000000072,-0.8103999999999996,-0.7164999999999999,-0.3460000000000001,0.6437999999999997,-0.7843999999999998,-0.06890000000000107,0.6324999999999994,0.0420000000000087,-0.014999999999965041,-0.4259999999999664,0.39299999999999,0.27300000000000324,0.5369999999999742,0.2370000000000072,0.3449999999999953,0.4740000000000144,0.22500000000000853,
-0.18379999999999974,-0.37979999999999947,-0.1487999999999996,-0.7972999999999999,-0.7073999999999998,-0.32810000000000095,0.6517,-0.7728999999999999,-0.05310000000000059,0.6399999999999997,0.07799999999997809,-0.11100000000006105,-0.009000000000032315,-0.2190000000000225,-0.06000000000002004,0.08100000000002439,-1.0139999999999816,-0.23999999999997357,-0.07499999999998508,0.024000000000024002,
-0.18120000000000047,-0.3835000000000015,-0.14910000000000068,-0.8046000000000006,-0.7094000000000005,-0.32540000000000013,0.6179000000000006,-0.780899999999999,-0.055600000000000094,0.6408000000000005,-0.2069999999999972,0.09300000000004971,-0.0870000000000104,-0.3509999999999813,0.6030000000000335,0.9179999999999922,-0.798000000000032,0.09899999999992914,0.41100000000000136,0.46199999999996244,
-0.18810000000000038,-0.38039999999999985,-0.15200000000000102,-0.8163,-0.6892999999999994,-0.2948000000000004,0.5912999999999995,-0.7776000000000014,-0.04190000000000005,0.6561999999999992,1.1310000000000286,0.7260000000000133,-0.22499999999995524,0.8730000000000437,0.2640000000000242,0.6089999999999662,-0.7620000000000093,1.487999999999996,0.35399999999997434,1.808999999999994,
-0.15039999999999942,-0.3561999999999994,-0.15949999999999953,-0.7871999999999986,-0.6804999999999986,-0.2745000000000015,0.5658999999999992,-0.7280000000000015,-0.030100000000000904,0.716499999999999,-0.28200000000003556,0.13199999999995882,-0.2130000000000365,-0.426000000000073,-0.0900000000000567,-0.15599999999995617,-0.5579999999999519,0.16500000000004178,-0.06599999999995276,0.08100000000005103,
-0.1598000000000006,-0.3518000000000008,-0.16660000000000075,-0.801400000000001,-0.6835000000000004,-0.27970000000000006,0.5473000000000008,-0.7225000000000001,-0.03229999999999933,0.7192000000000007,0.23099999999999454,0.705000000000009,0.24000000000002686,0.0420000000000087,0.5369999999999742,0.2940000000000076,-0.8460000000000001,0.5489999999999995,0.27599999999999625,0.20100000000001117,
-0.1521000000000008,-0.3283000000000005,-0.15859999999999985,-0.8000000000000007,-0.6656000000000013,-0.2698999999999998,0.5191000000000008,-0.7042000000000002,-0.023099999999999454,0.7259000000000011,-0.05699999999997374,0.31500000000001194,-0.3420000000000023,0.4800000000000004,-0.27599999999994296,-0.2610000000000312,-0.006000000000039307,-0.07800000000003138,-0.15000000000002345,-0.3570000000000473,
-0.15399999999999991,-0.3178000000000001,-0.16999999999999993,-0.7840000000000007,-0.6747999999999994,-0.27860000000000085,0.5188999999999995,-0.7068000000000012,-0.028100000000000236,0.7139999999999995,-0.3029999999999866,-0.2909999999999613,-0.2609999999999779,-0.23099999999994125,-0.45000000000001705,0.5640000000000178,-0.1079999999999881,1.2510000000000154,0.20400000000000418,0.387000000000004,
-0.16409999999999947,-0.3274999999999988,-0.1786999999999992,-0.7916999999999987,-0.6898,-0.25980000000000025,0.5152999999999999,-0.6651000000000007,-0.021300000000000097,0.7268999999999997,-0.27000000000001023,0.11699999999999378,-0.329999999999977,0.20099999999995788,0.07200000000004536,0.3030000000000399,-0.8699999999999974,1.0380000000000322,0.5790000000000362,0.25200000000002554,
-0.1730999999999998,-0.323599999999999,-0.18969999999999843,-0.7850000000000001,-0.6873999999999985,-0.24969999999999892,0.48629999999999995,-0.6304999999999996,-0.0019999999999988916,0.7353000000000005,-1.155000000000026,-0.3090000000000259,-1.0470000000000645,-1.0769999999999946,-0.6570000000000675,-0.2910000000000146,-1.6739999999999888,0.8670000000000044,0.11399999999994748,-0.5400000000000205,
-0.21160000000000068,-0.33389999999999986,-0.22460000000000058,-0.8209,-0.7093000000000007,-0.2593999999999994,0.4305000000000003,-0.6015999999999995,0.0017999999999993577,0.7172999999999998,-0.5459999999999532,0.3509999999999813,0.4230000000000267,-0.2519999999999989,0.3390000000000093,0.6059999999999732,-0.7920000000000194,-0.19200000000003214,-0.1259999999999728,-0.03900000000001569,
-0.22979999999999912,-0.3222000000000005,-0.2104999999999997,-0.8292999999999999,-0.6980000000000004,-0.2392000000000003,0.4040999999999997,-0.6080000000000005,-0.0023999999999997357,0.7159999999999993,-0.5130000000000301,-0.11999999999998678,-1.0650000000000226,-0.8370000000000211,-0.8640000000000114,0.48299999999999343,-0.47099999999999476,0.5130000000000301,0.39599999999998303,0.5310000000000148,
-0.24690000000000012,-0.32620000000000005,-0.24600000000000044,-0.8572000000000006,-0.7268000000000008,-0.22310000000000052,0.38839999999999986,-0.5908999999999995,0.010799999999999699,0.7336999999999998,-0.2609999999999779,-0.2849999999999753,-0.35999999999996035,-0.03299999999997638,-0.40499999999996206,0.07800000000003138,0.17399999999999416,-0.4200000000000337,-0.13799999999999812,0.011999999999998678,
-0.2555999999999994,-0.3356999999999992,-0.2579999999999991,-0.8582999999999998,-0.7402999999999995,-0.22049999999999947,0.39419999999999966,-0.6049000000000007,0.006199999999999761,0.7340999999999998,-0.1260000000000261,0.15599999999995617,-0.8370000000000211,-0.6120000000000125,0.3479999999999883,0.029999999999983373,-0.782999999999987,0.45000000000001705,-0.11100000000000776,0.41100000000000136,
-0.25980000000000025,-0.3305000000000007,-0.2858999999999998,-0.8787000000000003,-0.7286999999999999,-0.21950000000000003,0.3681000000000001,-0.5899000000000001,0.0024999999999995026,0.7477999999999998,0.36300000000000665,0.03300000000002967,-0.5609999999999715,-0.09599999999998943,-0.6330000000000169,0.2640000000000242,-0.9359999999999769,-0.5129999999999768,-0.1679999999999815,-0.10799999999996146,
-0.24770000000000003,-0.3293999999999997,-0.30459999999999887,-0.8818999999999999,-0.7498000000000005,-0.21069999999999922,0.33690000000000087,-0.6069999999999993,-0.0030999999999998806,0.7442000000000011,-1.4340000000000153,-1.0350000000000392,-1.7700000000000315,-1.7100000000000115,-0.768000000000022,0.8849999999999625,0.2309999999999679,1.184999999999956,0.6600000000000072,0.7889999999999464,
-0.29550000000000054,-0.363900000000001,-0.3635999999999999,-0.9389000000000003,-0.7754000000000012,-0.18120000000000047,0.3445999999999998,-0.5675000000000008,0.01890000000000036,0.7704999999999993,-0.2069999999999972,-0.14099999999999113,-0.8699999999999974,-0.7349999999999923,-0.7019999999999627,0.37200000000003897,-0.2279999999999749,0.7860000000000333,0.2670000000000172,1.0920000000000396,
-0.30240000000000045,-0.3686000000000007,-0.39259999999999984,-0.9634,-1.0744000000000007,-0.16879999999999917,0.33700000000000063,-0.5412999999999997,0.027800000000000935,-0.3244999999999987,0.11699999999999378,0.384000000000011,-0.3360000000000163,0.03299999999997638,-0.10199999999997544,-0.10200000000002873,-0.14100000000001778,0.40800000000000836,0.11999999999998678,0.4199999999999804,
-0.29850000000000065,-0.35580000000000034,-0.4038000000000004,-0.9623000000000008,-1.0777999999999999,-0.17220000000000013,0.33230000000000004,-0.5276999999999994,0.031800000000000495,-0.31049999999999933,-0.27300000000000324,-0.35700000000002063,0.11100000000000776,0.2160000000000295,0.2159999999999762,-0.014999999999965041,0.10200000000002873,-0.27899999999998926,-0.01800000000001134,0.06300000000001305,
-0.30760000000000076,-0.367700000000001,-0.4001000000000001,-0.9550999999999998,-1.0706000000000007,-0.17269999999999897,0.335700000000001,-0.536999999999999,0.031200000000000117,-0.3083999999999989,-0.5700000000000038,0.20100000000001117,-0.6179999999999986,-0.5190000000000161,-0.8939999999999948,0.3749999999999787,0.1499999999999968,0.5609999999999715,0.36899999999999267,0.18299999999999983,
-0.3266000000000009,-0.36100000000000065,-0.4207000000000001,-0.9724000000000004,-1.1004000000000005,-0.16019999999999968,0.3407000000000009,-0.5183,0.04349999999999987,-0.3022999999999989,0.06300000000001305,-0.1289999999999658,-0.4649999999999821,-0.24900000000000588,-0.10499999999996845,-0.27000000000001023,-0.045000000000001705,0.36899999999999267,-0.15599999999995617,0.329999999999977,
-0.32450000000000045,-0.3652999999999995,-0.4361999999999995,-0.9807000000000006,1.126199999999999,-0.16920000000000002,0.33920000000000083,-0.5060000000000002,0.03830000000000133,0.16740000000000066,-1.3979999999999926,-1.0710000000000086,-0.9510000000000218,-0.8849999999999625,-2.7539999999999765,0.24000000000002686,0.17699999999998717,1.4429999999999943,1.6439999999999522,-0.5039999999999978,
-0.3711000000000002,-0.4009999999999998,-0.4679000000000002,-1.0101999999999993,1.0343999999999998,-0.16119999999999912,0.3451000000000004,-0.4579000000000004,0.09309999999999974,0.15060000000000073,-0.18599999999999284,-0.18299999999999983,-0.27899999999998926,-0.2069999999999972,-0.7530000000000037,-0.16200000000004877,0.2609999999999779,-0.39899999999997604,0.35700000000002063,-0.6870000000000509,
-0.37729999999999997,-0.4070999999999998,-0.47719999999999985,1.0092999999999996,-1.0170999999999992,-0.16660000000000075,0.35379999999999967,-0.4711999999999996,0.12769999999999904,0.10500000000000043,-0.39599999999998303,-0.2519999999999989,-0.10199999999997544,-0.8249999999999957,0.18599999999999284,0.5190000000000161,-0.12299999999997979,0.39899999999997604,-0.023999999999997357,0.6299999999999706,
-0.3904999999999994,-0.41549999999999976,-0.48059999999999903,0.9817999999999998,-1.0108999999999995,-0.1493000000000002,0.34970000000000034,-0.4579000000000004,0.12689999999999912,0.12599999999999945,0.045000000000001705,0.15600000000000946,0.19199999999997885,-0.047999999999994714,-0.029999999999983373,-0.6630000000000003,0.0029999999999930083,-0.6089999999999662,-0.6869999999999443,0.07200000000004536,
-0.38899999999999935,-0.41029999999999944,-0.47419999999999973,0.9802,-1.011899999999999,-0.17140000000000022,0.3498000000000001,-0.4781999999999993,0.10400000000000098,0.12840000000000096,0.0870000000000104,-0.3059999999999796,-0.14699999999997715,-0.5609999999999715,0.5579999999999785,-0.22199999999996223,-0.8639999999999848,-0.03600000000002268,-0.8130000000000237,0.008999999999979025,
-0.386099999999999,-0.42049999999999876,-0.47909999999999897,0.9615000000000009,-0.9932999999999996,-0.17879999999999896,0.3210000000000006,-0.47940000000000005,0.07690000000000019,0.12870000000000026,-0.9540000000000148,-0.9540000000000148,-1.224000000000025,-1.1100000000000243,-0.5969999999999942,0.6029999999999269,0.3929999999999634,0.11699999999999378,0.06899999999999906,0.5159999999999698,
-0.4178999999999995,-0.45229999999999926,-0.5198999999999998,0.9245000000000001,-1.0131999999999994,-0.1587000000000014,0.3340999999999994,-0.47550000000000026,0.07920000000000016,0.14589999999999925,0.27599999999999625,0.19499999999997186,0.15900000000000247,-1.155000000000026,-0.05100000000004101,-0.8399999999999608,-0.6539999999999946,-0.6300000000000239,-2.190000000000012,-0.03899999999998904,
-0.4086999999999996,-0.4458000000000002,-0.5145999999999997,0.8859999999999992,-1.0149000000000008,-0.1867000000000001,0.3122999999999996,-0.49650000000000105,0.006199999999999761,0.14459999999999962,-0.24900000000000588,-0.9510000000000218,-0.5520000000000458,-0.9719999999999729,-0.6810000000000116,-0.05399999999998073,-0.22199999999996223,0.04200000000006199,-0.48899999999997945,-0.4379999999999651,
-0.4169999999999998,-0.4775000000000009,-0.5330000000000013,0.8536000000000001,-1.0376000000000012,-0.18849999999999945,0.30490000000000084,-0.495099999999999,-0.010099999999999554,0.13000000000000078,0.7440000000000246,-0.07499999999993179,-0.09599999999993614,-0.1649999999999885,0.5880000000000685,-0.24900000000005917,-0.36900000000004596,-0.3570000000000739,-1.803000000000008,0.05999999999996675,
-0.392199999999999,-0.47999999999999865,-0.5361999999999991,0.8481000000000005,-1.017999999999999,-0.19680000000000142,0.2925999999999993,-0.5070000000000014,-0.07019999999999982,0.13199999999999967,-0.24900000000005917,-0.2190000000000758,-0.05100000000004101,-0.44400000000003104,0.008999999999925734,0.11700000000004707,0.012000000000025324,-0.17999999999995353,0.11400000000000077,-0.05999999999996675,
-0.40050000000000097,-0.4873000000000012,-0.5379000000000005,0.8332999999999995,-1.0177000000000014,-0.19289999999999985,0.29300000000000015,-0.5129999999999999,-0.06639999999999979,0.13000000000000078,-0.2549999999999386,-0.09599999999993614,0.49800000000001177,-0.4769999999999541,0.1260000000000261,-0.41100000000000136,0.6479999999999819,0.44099999999998474,-0.6060000000000265,0.13199999999995882,
-0.4089999999999989,-0.49049999999999905,-0.5213000000000001,0.817400000000001,-1.0135000000000005,-0.2065999999999999,0.31459999999999955,-0.4983000000000004,-0.08660000000000068,0.1343999999999994,-0.3930000000000433,-0.24600000000001288,-0.4649999999999821,-0.18000000000000682,-0.9899999999999842,-0.16199999999999548,-0.035999999999996035,0.1770000000000138,-0.5969999999999942,0.44700000000002404,
-0.42210000000000036,-0.4986999999999995,-0.5367999999999995,0.8114000000000008,-1.0465,-0.21199999999999974,0.3133999999999997,-0.49239999999999995,-0.10650000000000048,0.1493000000000002,-0.2909999999999613,-0.48299999999999343,0.5430000000000135,-1.1400000000000077,-0.6360000000000099,0.40500000000001535,0.3990000000000027,1.0650000000000226,-0.5099999999999838,0.13799999999999812,
-0.4317999999999991,-0.5147999999999993,-0.518699999999999,0.7734000000000005,-0.9742999999999995,-0.19849999999999923,0.32669999999999977,-0.4568999999999992,-0.12349999999999994,-0.2729999999999997,0.22499999999995524,-0.36000000000001364,-0.36300000000000665,-0.378000000000025,0.384000000000011,-0.03300000000000303,0.0420000000000087,-0.22800000000002818,-0.6629999999999736,0.011999999999998678,
-0.42430000000000057,-0.5267999999999997,-0.5307999999999993,0.7607999999999997,-0.9614999999999991,-0.19959999999999933,0.32810000000000006,-0.46450000000000014,-0.14559999999999906,-0.27259999999999973,-0.39599999999998303,-0.7379999999999853,-0.029999999999983373,-0.7949999999999591,0.8279999999999887,0.6449999999999889,-0.1320000000000121,0.23399999999998755,-0.6150000000000588,-0.11400000000000077,
-0.4375,-0.5513999999999992,-0.5317999999999987,0.7343000000000011,-0.9338999999999995,-0.1780999999999997,0.32369999999999965,-0.45670000000000055,-0.16610000000000102,-0.27639999999999976,-0.27899999999998926,0.2639999999999709,0.13199999999995882,0.13799999999994483,0.4979999999999585,0.07200000000001872,-0.08099999999999774,-0.3089999999999993,-0.29399999999998094,0.13199999999998546,
-0.44679999999999964,-0.5426000000000002,-0.5274000000000001,0.7388999999999992,-0.9173000000000009,-0.17569999999999908,0.32099999999999973,-0.4670000000000005,-0.1759000000000004,-0.27200000000000024,0.3090000000000259,0.09600000000004272,0.6209999999999916,-0.4109999999999481,0.5520000000000458,0.5189999999999895,0.5790000000000095,0.4980000000000384,0.04800000000002136,-0.0629999999999864,
-0.4364999999999988,-0.5393999999999988,-0.5067000000000004,0.725200000000001,-0.8988999999999994,-0.15839999999999943,0.34030000000000005,-0.45039999999999925,-0.17429999999999968,-0.2740999999999998,-0.048000000000048004,-0.6210000000000448,-0.5460000000000065,-0.7200000000000273,0.5759999999999366,0.6360000000000099,-0.3960000000000097,0.5039999999999978,-0.22200000000001552,0.21899999999996922,
-0.4381000000000004,-0.5601000000000003,-0.5249000000000006,0.7012,-0.8797000000000015,-0.1371999999999991,0.3270999999999997,-0.4335999999999993,-0.1817000000000002,-0.2668000000000008,-0.14999999999997016,-0.708000000000002,0.37200000000003897,-0.9899999999999842,0.7080000000000553,0.8609999999999651,0.12000000000001343,0.3839999999999577,-0.5129999999999768,0.32100000000005124,
-0.4430999999999994,-0.5124999999999993,-0.5837000000000003,0.6682000000000006,-0.8560999999999996,-0.10850000000000026,-0.42080000000000073,0.33110000000000017,-0.19879999999999942,-0.2560999999999991,0.14399999999998414,0.011999999999972033,-0.36599999999999966,-0.2069999999999972,0.18599999999999284,0.3300000000000036,-0.4769999999999808,0.20400000000000418,-0.17399999999999416,0.4409999999999581,
-0.4382999999999999,-0.5121000000000002,-0.5959000000000003,0.6613000000000007,-0.8498999999999999,-0.09750000000000014,-0.4367000000000001,0.3379000000000003,-0.20459999999999923,-0.2414000000000005,0.2129999999999832,-0.05699999999997374,-0.2639999999999709,-0.9090000000000131,0.2609999999999779,0.41100000000000136,-0.024000000000024002,0.3779999999999717,-0.6390000000000295,0.2669999999999906,
-0.43120000000000047,0.6310000000000002,-0.5139999999999993,-0.6046999999999993,-0.8412000000000006,-0.0838000000000001,-0.2259000000000002,-0.4375000000000009,0.35049999999999937,-0.23250000000000082,0.09299999999999642,0.23399999999998755,-0.44700000000002404,-0.22200000000001552,0.0059999999999860165,0.2370000000000072,0.3449999999999953,-0.13199999999995882,0.02100000000000435,-0.09299999999999642,
-0.4281000000000006,0.6387999999999998,-0.5289000000000001,-0.6120999999999999,-0.8410000000000011,-0.07589999999999986,-0.21440000000000037,-0.4418999999999995,0.3511999999999995,-0.2356000000000007,-0.2640000000000242,-0.49500000000001876,0.774000000000008,0.09299999999999642,0.9240000000000315,0.02100000000000435,-0.8039999999999914,0.07199999999999207,-0.11699999999999378,-0.24900000000000588,
-0.4369000000000014,0.6222999999999992,-0.5030999999999999,-0.609,-0.8102,-0.07519999999999971,-0.24120000000000008,-0.4394999999999998,0.3472999999999997,-0.2439000000000009,0.14400000000003743,-0.5129999999999768,0.4800000000000004,-0.19499999999997186,-0.023999999999997357,0.4919999999999991,-0.44399999999997775,-0.20100000000001117,-0.1679999999999815,0.5160000000000231,
-0.43210000000000015,0.6052,-0.48709999999999987,-0.615499999999999,-0.8109999999999999,-0.05879999999999974,-0.25599999999999934,-0.44620000000000015,0.34170000000000034,-0.22670000000000012,-0.7919999999999661,-1.3049999999999962,-0.03299999999997638,-1.539000000000037,0.13500000000000512,0.5069999999999908,-0.9930000000000039,0.020999999999977703,-0.02700000000001701,0.5969999999999942,
-0.458499999999999,0.5617000000000001,-0.4881999999999991,-0.6668000000000003,-0.8064999999999998,-0.04190000000000005,-0.28909999999999947,-0.4455000000000009,0.34079999999999977,-0.20680000000000032,-0.2550000000000452,-0.2190000000000225,0.6539999999999679,-0.5190000000000161,0.6929999999999836,0.13799999999999812,-0.6300000000000239,-0.09299999999999642,-0.27599999999999625,-0.09299999999999642,
-0.4670000000000005,0.5543999999999993,-0.46640000000000015,-0.6841000000000008,-0.7834000000000003,-0.03730000000000011,-0.31010000000000026,-0.4486000000000008,0.3315999999999999,-0.2099000000000002,-0.3779999999999717,-0.45299999999995677,0.20100000000001117,-2.1749999999999936,-0.9959999999999702,-0.6539999999999946,-0.7439999999999714,-0.2159999999999762,-0.6329999999999902,-0.44099999999998474,
-0.4795999999999996,0.5393000000000008,-0.4596999999999998,-0.7566000000000006,-0.8165999999999993,-0.05909999999999993,-0.3348999999999993,-0.4558,0.3105000000000002,-0.2245999999999997,0.28199999999998226,-0.32399999999999096,0.09599999999998943,0.44700000000002404,0.41100000000000136,0.17699999999998717,0.1649999999999885,-0.27000000000001023,0.20399999999997753,0.026999999999990365,
-0.4702000000000002,0.5285000000000011,-0.45650000000000013,-0.7416999999999998,-0.8028999999999993,-0.05320000000000036,-0.3293999999999997,-0.4648000000000003,0.31729999999999947,-0.2237,-0.5789999999999829,-0.3960000000000363,0.07499999999998508,-0.9839999999999982,-0.1290000000000191,0.12000000000001343,-0.8580000000000254,0.1680000000000348,-0.5099999999999838,-0.3149999999999853,
-0.4894999999999996,0.5152999999999999,-0.4540000000000006,-0.7744999999999997,-0.8071999999999999,-0.04919999999999991,-0.35800000000000054,-0.45919999999999916,0.3003,-0.23419999999999952,-0.41700000000004067,-0.23099999999999454,0.3030000000000399,-0.6510000000000282,0.32099999999999795,-0.24600000000001288,-0.4949999999999921,-0.039000000000042334,-0.417000000000014,-0.19800000000001816,
-0.503400000000001,0.5076,-0.4438999999999993,-0.7965,-0.7962000000000007,-0.05740000000000034,-0.3745000000000003,-0.4605000000000006,-0.24080000000000013,0.28639999999999954,0.1740000000000208,-0.7649999999999757,1.1939999999999884,0.03300000000002967,-1.3109999999999822,-0.7289999999999797,-0.9239999999999782,0.03300000000002967,-1.0409999999999986,-1.0649999999999693,
-0.49760000000000026,-0.4040999999999997,0.48210000000000086,-0.795399999999999,-0.8399000000000001,-0.08169999999999966,-0.4593999999999996,-0.40529999999999955,-0.2755000000000001,0.25090000000000057,-0.06599999999995276,0.11100000000000776,-0.6330000000000169,-0.8220000000000027,-0.9029999999999738,-0.054000000000007375,-2.6645352591003757E-14,-0.4830000000000201,-0.8310000000000084,-0.7200000000000273,
-0.4997999999999987,-0.4003999999999994,0.4610000000000003,-0.8227999999999991,-0.8699999999999992,-0.08349999999999991,-0.4594000000000005,-0.4214000000000002,-0.30320000000000036,0.22689999999999966,0.06299999999995975,0.5549999999999855,-0.39900000000002933,0.31499999999995865,-0.9180000000000454,-0.09000000000000341,-0.32999999999995033,-0.3149999999999853,-0.24299999999999322,-0.746999999999991,
-0.49770000000000003,-0.3818999999999999,0.4476999999999993,-0.8123000000000005,-0.9006000000000007,-0.08650000000000002,-0.4703999999999988,-0.43189999999999973,-0.31130000000000013,0.20199999999999996,0.3960000000000363,0.378000000000025,0.36000000000001364,-0.1709999999999745,0.49200000000002575,0.1049999999999951,0.011999999999972033,0.0,0.31500000000001194,-0.14099999999999113,
-0.4844999999999988,-0.3692999999999991,0.4596999999999998,-0.8179999999999996,-0.8841999999999999,-0.08300000000000018,-0.46999999999999975,-0.43189999999999973,-0.30079999999999973,0.19730000000000025,-0.06900000000005235,0.17699999999996052,-0.14099999999999113,0.18299999999994654,-0.5940000000000012,0.07800000000000473,-0.01800000000001134,0.07499999999998508,-0.4230000000000267,-0.7170000000000076,
-0.48680000000000057,-0.3634000000000004,0.45500000000000007,-0.8119000000000014,-0.2942,-0.08040000000000003,-0.47060000000000013,-0.4294000000000002,-0.3149000000000006,0.8682999999999996,-0.31499999999995865,0.768000000000022,-0.4139999999999944,-0.026999999999937074,-0.8519999999999861,-0.4049999999999887,-0.2669999999999906,-0.14699999999997715,-0.2759999999999696,-1.454999999999993,
-0.4972999999999992,-0.33779999999999966,0.44120000000000026,-0.8127999999999993,-0.32259999999999955,-0.09389999999999965,-0.4794999999999998,-0.43429999999999946,-0.3240999999999996,0.8197999999999999,0.17699999999996052,1.803000000000008,-0.5789999999999829,0.8249999999999957,0.5639999999999645,-0.2310000000000212,-0.5550000000000122,-0.06900000000002571,-0.5910000000000082,-2.0759999999999845,
-0.4914000000000005,-0.2776999999999994,0.42190000000000083,-0.30380000000000074,-0.7852999999999994,-0.10160000000000036,-0.4980000000000002,-0.4366000000000003,0.7506000000000004,-0.3437999999999999,0.23099999999999454,0.23099999999994125,0.4289999999999594,-0.13799999999999812,0.7409999999999783,-0.17399999999999416,0.06899999999999906,0.15900000000000247,-1.0110000000000152,-0.03900000000001569,
-0.4837000000000007,-0.27000000000000135,0.4361999999999995,-0.3084000000000007,-0.7606000000000002,-0.10740000000000016,-0.49570000000000025,-0.43130000000000024,0.7168999999999999,-0.3451000000000004,-0.0809999999999711,0.23700000000003385,-0.702000000000016,-0.9029999999999738,0.2639999999999709,-0.1920000000000055,-0.3509999999999813,-0.743999999999998,-1.2239999999999984,-0.5639999999999912,
-0.4863999999999997,-0.2621000000000002,0.41279999999999895,-0.3384999999999998,-0.7518000000000011,-0.11380000000000035,-0.5073999999999996,-0.45610000000000017,0.6760999999999999,-0.3639000000000001,0.15300000000001646,0.20100000000001117,0.21000000000004349,0.35700000000002063,0.32100000000005124,0.12599999999999945,0.07799999999997809,0.18599999999999284,0.04199999999998205,-0.03900000000001569,
-0.4812999999999992,-0.25539999999999985,0.4198000000000004,-0.3265999999999991,-0.7410999999999994,-0.10960000000000036,-0.5048000000000004,-0.4499000000000004,0.6774999999999993,-0.36520000000000064,-0.39899999999997604,0.01800000000001134,-0.2849999999999753,-0.5069999999999908,0.27000000000001023,-0.14099999999999113,0.045000000000001705,-0.2849999999999753,-0.7919999999999927,-0.5309999999999881,
-0.4945999999999984,-0.25479999999999947,0.4103000000000012,-0.3434999999999988,-0.7320999999999991,-0.11430000000000007,-0.5033000000000003,-0.4593999999999996,0.6510999999999996,-0.38290000000000024,-0.14100000000004442,0.14999999999997016,-0.05700000000002703,-0.429000000000066,0.23999999999997357,0.006000000000012662,-0.4979999999999851,-0.03000000000001002,-1.3799999999999812,-0.5369999999999742,
-0.49929999999999986,-0.24980000000000047,0.4084000000000003,-0.357800000000001,-0.7241,-0.11409999999999965,-0.5198999999999998,-0.4603999999999999,0.6051000000000002,-0.4007999999999994,-0.24300000000001987,1.1280000000000356,-0.8100000000000307,-0.5459999999999532,0.6959999999999766,-0.1649999999999885,0.8550000000000058,0.011999999999998678,-1.806000000000001,-0.22500000000000853,
-0.5074000000000005,-0.21219999999999928,0.3813999999999993,-0.37599999999999945,-0.7009000000000007,-0.11959999999999926,-0.4913999999999996,-0.45999999999999996,0.5449000000000002,-0.40829999999999966,0.2130000000000365,0.23699999999998056,-0.11099999999995447,-0.43799999999999173,0.8610000000000717,0.2609999999999779,-0.21000000000001684,0.06600000000000605,-1.5750000000000064,-0.7559999999999967,
-0.5002999999999993,-0.20429999999999993,0.3777000000000008,-0.39059999999999917,-0.6721999999999984,-0.1109,-0.4984000000000002,-0.45779999999999976,0.49239999999999995,-0.43349999999999955,-0.20100000000001117,0.8160000000000167,0.23399999999998755,-0.7410000000000316,0.4589999999999428,0.21899999999999586,0.12000000000001343,0.00900000000000567,-0.9419999999999895,-0.10200000000000209,
-0.5069999999999997,-0.17709999999999937,0.3855000000000004,-0.4153000000000002,-0.6569000000000003,-0.10360000000000014,-0.49439999999999973,-0.4574999999999996,0.4610000000000003,-0.4368999999999996,0.31200000000001893,-0.31800000000000495,0.15600000000000946,0.4620000000000424,0.0840000000000174,-0.07199999999999207,0.12899999999999245,0.045000000000001705,-0.21600000000000286,-0.17100000000000115,
-0.49659999999999904,-0.18769999999999953,0.3907000000000007,-0.3998999999999988,-0.6540999999999997,-0.10599999999999987,-0.4901,-0.4559999999999995,0.4538000000000002,-0.44259999999999966,-0.13800000000005141,1.5359999999999907,0.33299999999997,0.15899999999994918,0.8129999999999704,0.1770000000000138,0.3360000000000163,0.389999999999997,-0.5279999999999951,-0.1529999999999898,
-0.13649999999999984,-0.5012000000000008,-0.3946000000000005,0.4017999999999997,-0.6270000000000007,-0.47889999999999944,-0.10009999999999941,0.43620000000000037,-0.4429999999999996,-0.4476999999999993,0.49800000000001177,-0.026999999999937074,-0.6509999999999749,0.5460000000000065,0.750000000000064,0.5759999999999899,0.8849999999999891,-0.46800000000000175,0.4589999999999961,0.43799999999999173,
-0.11989999999999945,-0.5020999999999987,-0.41629999999999967,0.41999999999999993,-0.6019999999999985,-0.4596999999999998,-0.07059999999999977,0.4206000000000003,-0.42769999999999975,-0.4330999999999996,1.7309999999999626,-0.432000000000059,-0.4710000000000214,0.6299999999999706,1.6559999999999242,1.0109999999999886,1.0229999999999873,-0.9450000000000092,0.8219999999999761,-0.24900000000003253,
-0.0622000000000007,-0.5165000000000006,-0.4320000000000004,0.44099999999999895,-0.5468000000000011,-0.42600000000000016,-0.0365000000000002,0.3891,-0.40030000000000054,-0.4414000000000007,0.6510000000000282,-0.2970000000000006,-0.3330000000000233,0.10200000000002873,0.3090000000000259,0.5759999999999899,0.19799999999999152,0.2699999999999836,0.7140000000000146,-0.1499999999999968,
-0.04049999999999976,-0.5264000000000006,0.4443999999999999,-0.44310000000000116,-0.5365000000000002,-0.4068000000000005,-0.029900000000000482,-0.37650000000000006,0.39809999999999945,-0.4464000000000006,0.5640000000000178,-0.1619999999999422,0.3420000000000023,-0.4619999999999358,0.9150000000000524,0.774000000000008,0.5520000000000191,0.8280000000000154,-0.09299999999996977,-0.2609999999999779,
-0.021699999999999164,-0.5317999999999987,0.4558,-0.458499999999999,-0.5059999999999985,-0.3810000000000002,-0.011499999999999844,-0.34889999999999954,0.39500000000000046,-0.45509999999999984,-0.375000000000032,-0.389999999999997,-0.27300000000000324,0.4589999999999961,-0.06300000000001305,-0.0809999999999711,0.24300000000001987,-0.06600000000000605,0.6329999999999902,0.16500000000001513,
-0.03420000000000023,-0.5447999999999986,0.4466999999999999,-0.44319999999999915,-0.5080999999999989,-0.38369999999999926,-0.0033999999999991815,-0.35109999999999975,0.41610000000000014,-0.44959999999999933,0.8489999999999931,-0.003000000000046299,0.6989999999999696,-0.1770000000000671,1.5209999999999724,-0.2310000000000212,-0.5700000000000305,-0.14100000000001778,-0.18000000000000682,-1.1040000000000116,
-0.00590000000000046,-0.5449000000000002,0.46999999999999886,-0.4491000000000014,-0.4573999999999998,-0.39139999999999997,-0.022400000000000198,-0.35580000000000034,0.4100999999999999,-0.4863999999999997,0.28500000000002856,-0.9209999999999852,0.09900000000003573,-0.07499999999998508,0.8549999999999791,-0.39300000000001667,-0.4740000000000144,-0.0420000000000087,-0.14100000000001778,-0.5340000000000078,
0.0036000000000004917,-0.5755999999999997,0.47330000000000005,-0.4516000000000009,-0.4289000000000005,-0.4045000000000005,-0.03820000000000068,-0.35720000000000063,0.4053999999999993,-0.5042,0.6029999999999802,-1.3980000000000459,0.15299999999996317,-0.6419999999999959,1.6440000000000055,-0.2579999999999849,-0.3509999999999813,0.21000000000001684,0.6419999999999959,-1.2660000000000071,
0.023699999999999832,0.4783999999999988,-0.6222000000000012,-0.47300000000000075,-0.3741000000000003,-0.4131,-0.35020000000000007,-0.049900000000000055,0.4267999999999992,-0.5464000000000002,0.3360000000000163,-0.14999999999997016,-0.5099999999999305,-0.7499999999999574,0.4230000000000267,0.057000000000000384,0.1470000000000038,0.026999999999990365,0.6270000000000309,-0.026999999999990365,
0.034900000000000375,0.4733999999999998,-0.6391999999999989,-0.35999999999999943,-0.49799999999999933,-0.4112,-0.34529999999999994,-0.04900000000000038,-0.5472999999999999,0.4477000000000002,-0.24900000000000588,-0.10499999999996845,-0.9780000000000122,0.07199999999999207,-0.5640000000000178,0.2400000000000002,0.32699999999998397,0.49800000000001177,0.029999999999983373,0.5189999999999895,
0.02660000000000018,0.4699000000000009,-0.3575999999999997,-0.6717999999999993,-0.3096999999999994,-0.4032,-0.3344000000000005,-0.5463000000000005,-0.032399999999999984,0.6024000000000003,0.2940000000000076,0.24300000000001987,0.5370000000000275,0.03299999999997638,0.1649999999999885,-0.10200000000000209,0.1290000000000191,-0.3209999999999713,-0.3300000000000036,-0.12899999999999245,
0.03640000000000043,0.47800000000000153,-0.3396999999999988,-0.3041999999999998,-0.6707000000000001,-0.4066000000000001,-0.33009999999999984,-0.5569999999999995,0.5981000000000005,-0.043400000000000105,-0.05100000000004101,0.13199999999995882,0.17999999999995353,-0.44400000000003104,-0.44400000000003104,0.04199999999998205,0.5369999999999742,0.11999999999998678,-0.2310000000000212,0.42000000000000703,
0.034699999999999065,0.48240000000000016,-0.33370000000000033,-0.31900000000000084,-0.6855000000000011,-0.40520000000000067,-0.3122000000000007,-0.5529999999999999,0.5903999999999998,-0.02939999999999987,0.44700000000002404,-0.18599999999999284,0.4320000000000057,-0.20099999999995788,-0.5879999999999619,-0.045000000000001705,0.5580000000000052,0.18599999999999284,0.32699999999998397,0.2609999999999779,
0.049599999999999866,0.4762000000000004,-0.31930000000000014,-0.32569999999999943,-0.7050999999999998,-0.4067000000000007,-0.2936000000000005,-0.5468000000000002,0.6012999999999993,-0.020700000000000607,0.6479999999999819,-0.1680000000000348,0.6600000000000072,-0.9510000000000218,-1.803000000000008,0.9180000000000188,1.1670000000000247,0.7290000000000063,0.5820000000000292,0.7590000000000163,
0.07119999999999926,0.47059999999999924,-0.2972999999999999,-0.35740000000000016,0.3108000000000004,-0.3761000000000001,-0.2546999999999997,-0.5225,0.6207000000000003,0.6604000000000001,0.19199999999997885,-0.24300000000001987,0.43799999999999173,-0.6630000000000003,-0.27300000000005653,0.5370000000000008,0.5279999999999951,0.08399999999999075,-0.06899999999999906,-0.6120000000000125,
0.07759999999999856,0.4624999999999986,-0.2827000000000002,0.3016999999999985,-0.37950000000000017,-0.3582000000000001,-0.23709999999999987,-0.5197000000000003,0.6399999999999997,0.6184000000000003,-0.029999999999930083,0.06300000000006634,0.18900000000003914,0.030000000000089955,-0.06899999999999906,0.5250000000000021,0.719999999999974,0.2820000000000089,-0.9269999999999978,-0.1710000000000278,
0.07660000000000089,0.4646000000000008,-0.27639999999999887,0.3027000000000015,-0.38180000000000014,-0.3407,-0.21310000000000073,-0.5103,0.6090999999999998,0.6126999999999994,0.6029999999999802,0.2579999999999849,-0.1770000000000138,0.041999999999955406,0.03600000000002268,-0.2549999999999919,-0.16499999999996184,0.31800000000000495,0.0840000000000174,0.09300000000002306,
0.09670000000000023,0.4732000000000003,-0.28229999999999933,0.30410000000000004,-0.3805999999999994,-0.34919999999999973,-0.21859999999999946,-0.4996999999999998,0.6119000000000003,0.6158000000000001,0.44400000000003104,0.1320000000000121,0.35399999999997434,0.23400000000004084,-0.09000000000000341,0.5039999999999978,0.7109999999999683,0.08699999999998376,-0.45000000000001705,0.017999999999984695,
0.11150000000000126,0.4776000000000007,-0.2705000000000002,0.3119000000000014,-0.3835999999999995,-0.3323999999999998,-0.19490000000000052,-0.49680000000000035,0.5968999999999998,0.6163999999999996,0.05399999999992744,0.06899999999994577,0.4679999999999751,-0.3870000000000573,-0.31200000000001893,0.6749999999999989,0.6540000000000212,0.5670000000000108,-0.5339999999999812,0.3270000000000106,
0.11329999999999885,0.4798999999999989,-0.254900000000001,0.2989999999999995,-0.39400000000000013,-0.30989999999999984,-0.1730999999999998,-0.4779,0.5791000000000004,0.6273,0.5520000000000458,0.5010000000000048,0.6690000000000396,0.5430000000000135,-0.35700000000002063,0.683999999999978,1.0109999999999886,0.30600000000000627,-1.0470000000000113,-0.09000000000000341,
0.13170000000000037,0.49659999999999904,-0.2325999999999997,0.31709999999999994,0.19180000000000064,-0.2871000000000006,-0.1394000000000002,-0.4676999999999998,0.5442,-0.7046999999999999,-0.05100000000004101,-0.2849999999999753,0.23399999999998755,-0.6179999999999986,0.0839999999999641,0.2069999999999972,0.4320000000000057,0.17399999999999416,-0.45600000000000307,0.18899999999998585,
0.129999999999999,0.48709999999999987,-0.2248000000000001,0.2965,0.19459999999999944,-0.28020000000000067,-0.125,-0.4619,0.5289999999999999,-0.6984000000000004,-0.2069999999999439,-0.19199999999997885,-0.011999999999972033,0.10500000000002174,0.048000000000048004,0.3510000000000346,0.3390000000000093,0.12599999999999945,-0.0629999999999864,0.741000000000005,
0.12310000000000088,0.48070000000000057,-0.22519999999999918,0.3000000000000007,0.19620000000000104,-0.2684999999999995,-0.11369999999999969,-0.4577,0.5269000000000004,-0.6737000000000002,-0.24900000000005917,-0.1740000000000208,0.07199999999993878,-0.3000000000000469,-0.07200000000004536,-0.384000000000011,-0.37799999999999834,0.07200000000001872,-0.2940000000000076,0.13500000000000512,
0.1147999999999989,0.4748999999999999,-0.22280000000000122,0.28999999999999915,0.19379999999999953,-0.2812999999999999,-0.12629999999999963,-0.45529999999999937,0.5171000000000001,-0.6692,0.12000000000004007,0.3390000000000093,0.32700000000003726,0.3540000000000276,0.5880000000000152,0.1079999999999881,0.07799999999997809,0.11699999999996713,-0.741000000000005,-0.4349999999999987,
0.11880000000000024,-0.21189999999999998,0.4862000000000002,0.30180000000000007,0.21340000000000003,-0.2777000000000003,-0.45140000000000047,-0.12370000000000037,0.49239999999999995,-0.6837,0.01799999999995805,0.5519999999999925,-0.36300000000000665,-0.5370000000000275,0.10799999999996146,0.12599999999999945,0.1049999999999951,0.1529999999999898,-0.46800000000000175,1.0199999999999942,
0.11939999999999884,-0.19350000000000023,0.47409999999999997,0.28389999999999915,0.21699999999999875,-0.2735000000000003,-0.44790000000000063,-0.1186000000000007,0.4767999999999999,-0.6497000000000002,-0.18000000000000682,0.15900000000000247,0.11400000000000077,-0.09899999999998244,0.08100000000002439,-0.26399999999999757,0.30600000000000627,-0.25199999999997225,-0.4440000000000044,0.1499999999999968,
0.11339999999999861,-0.18820000000000014,0.4779,0.28059999999999974,0.21969999999999956,-0.2823000000000002,-0.4377000000000004,-0.12699999999999978,0.46199999999999974,-0.6447000000000003,-0.335999999999963,0.13799999999999812,0.1770000000000138,0.03600000000002268,0.5010000000000048,-0.3119999999999923,-0.4499999999999904,-0.27300000000000324,-0.6120000000000125,0.057000000000000384,
0.10219999999999985,-0.1836000000000002,0.48380000000000045,0.2818000000000005,0.23639999999999972,-0.29269999999999996,-0.4527000000000001,-0.1360999999999999,0.4415999999999993,-0.6428000000000003,-0.19799999999996487,0.33000000000003027,-0.10500000000002174,-0.008999999999979025,0.8460000000000001,-0.11699999999999378,-0.17100000000000115,0.2549999999999919,0.030000000000036664,0.4590000000000227,
0.09560000000000102,-0.1725999999999992,0.4802999999999997,0.2815000000000012,0.2645999999999997,-0.29659999999999975,-0.45840000000000014,-0.12760000000000016,0.44260000000000055,-0.6274999999999995,0.33299999999997,-0.03600000000002268,0.24900000000000588,0.24299999999996658,0.49500000000001876,-0.08099999999999774,-0.17999999999998018,-0.23699999999998056,-0.2400000000000002,-0.42000000000000703,
0.10670000000000002,-0.17379999999999995,0.4885999999999999,0.2896000000000001,0.28110000000000035,-0.2992999999999997,-0.4643999999999995,-0.1354999999999995,0.43460000000000054,-0.6414999999999997,0.32399999999999096,-0.31200000000001893,0.45600000000000307,-0.40800000000000836,0.4589999999999961,-0.12300000000000644,-0.00900000000000567,-0.06900000000002571,-0.24000000000002686,0.13799999999999812,
0.11749999999999972,-0.18420000000000059,0.2759999999999998,0.5038,0.2964000000000002,-0.3033999999999999,-0.46469999999999967,0.42659999999999965,-0.13780000000000037,-0.6368999999999998,0.09899999999998244,0.5580000000000318,0.5640000000000178,0.14099999999999113,0.5999999999999872,-0.3990000000000027,0.09599999999998943,-0.08999999999997677,0.07200000000001872,0.14099999999999113,
0.12079999999999913,-0.16559999999999953,0.2948000000000004,0.5084999999999997,0.3163999999999998,-0.3167,-0.4615,0.4236000000000004,-0.13539999999999974,-0.6322000000000001,1.1640000000000583,0.9659999999999869,1.3620000000000232,1.548000000000016,1.791000000000036,0.054000000000007375,0.6869999999999976,0.9269999999999712,0.6929999999999836,1.2179999999999858,
0.15960000000000107,-0.13339999999999996,0.34020000000000117,0.5601000000000003,-0.4537999999999993,-0.31489999999999974,-0.4386000000000001,0.45449999999999946,-0.11230000000000029,0.5301999999999998,1.2449999999999761,1.103999999999985,0.5009999999999515,0.6540000000000212,0.774000000000008,-0.023999999999997357,0.15300000000001646,0.19800000000001816,0.31500000000001194,-0.07799999999997809,
0.20110000000000028,-0.09660000000000046,0.35689999999999955,0.581900000000001,-0.42799999999999905,-0.31569999999999965,-0.43349999999999955,0.46110000000000007,-0.10179999999999989,0.5276000000000005,0.1770000000000138,0.03600000000002268,0.5010000000000048,0.48599999999998644,0.5010000000000048,0.3479999999999883,0.6389999999999763,0.38399999999998435,0.39299999999999,0.19799999999999152,
0.20700000000000074,-0.09539999999999971,0.3735999999999997,0.5981000000000005,-0.4112999999999989,-0.30410000000000004,-0.41220000000000034,0.47389999999999954,-0.08870000000000022,0.5342000000000002,0.3509999999999813,0.40200000000002234,0.32700000000003726,0.3479999999999883,0.30899999999997263,0.27300000000000324,0.25800000000001155,0.40200000000002234,0.5130000000000301,0.32099999999999795,
0.21870000000000012,-0.08199999999999896,0.6097000000000001,0.38450000000000095,-0.4009999999999998,-0.29499999999999993,-0.40359999999999996,-0.07159999999999922,0.4873000000000003,0.5449000000000002,0.6540000000000212,0.35699999999996734,0.8100000000000307,0.49199999999997246,0.19199999999997885,0.4800000000000004,0.5639999999999912,0.6449999999999889,0.4919999999999991,0.5429999999999868,
0.24050000000000082,-0.07010000000000005,0.6367000000000012,0.40090000000000003,-0.3946000000000005,-0.2789999999999999,-0.38480000000000025,-0.05009999999999959,0.5037000000000003,0.5629999999999997,1.0709999999999553,0.5519999999999925,0.8759999999999302,0.7260000000000133,0.768000000000022,0.6299999999999972,0.1499999999999968,0.5819999999999759,0.7259999999999867,0.6960000000000033,
0.27619999999999933,-0.0517000000000003,0.6658999999999988,0.4251000000000005,-0.3689999999999998,-0.258,-0.37980000000000036,-0.030700000000000394,0.5278999999999998,0.5861999999999998,2.6820000000000377,1.3049999999999962,2.061000000000046,1.164000000000005,1.031999999999993,1.4699999999999847,1.1700000000000177,1.0140000000000082,1.1400000000000077,1.1040000000000116,
-0.00820000000000043,0.3656000000000006,-0.3346,0.46390000000000065,0.7346000000000004,-0.34079999999999977,-0.20900000000000052,0.6230000000000002,0.5659000000000001,0.0030999999999998806,0.9600000000000009,0.31499999999995865,0.9120000000000061,1.0199999999999676,0.6029999999999802,0.16500000000001513,0.6390000000000295,1.554000000000002,0.9870000000000179,0.5610000000000248,
0.0237999999999996,0.3760999999999992,-0.3041999999999998,0.7546999999999997,0.49789999999999957,-0.33529999999999927,-0.18769999999999953,0.6748000000000003,0.021800000000000708,0.5988000000000007,1.0410000000000252,0.759000000000043,0.6390000000000029,0.7830000000000403,0.774000000000008,0.23699999999998056,1.001999999999983,0.3059999999999796,0.6569999999999876,0.6599999999999806,
0.05850000000000044,0.40140000000000065,-0.2828999999999997,0.780800000000001,0.6912000000000003,-0.3273999999999999,-0.1543000000000001,0.6849999999999996,0.043700000000000294,-0.41659999999999986,-0.2130000000000365,0.18299999999994654,0.18899999999998585,0.1679999999999815,0.40800000000000836,0.5039999999999978,-0.18899999999998585,0.14700000000003044,-0.18000000000000682,0.09000000000000341,
0.051399999999999224,0.40749999999999886,-0.2766000000000002,0.7864000000000004,0.523299999999999,-0.3106,-0.16059999999999963,0.6899000000000006,0.03770000000000007,0.6187000000000005,0.2640000000000242,0.48600000000003973,0.8910000000000018,0.8339999999999748,0.8400000000000141,0.06000000000002004,0.8969999999999878,0.8369999999999944,0.5940000000000012,0.5909999999999815,
0.06020000000000003,0.4237000000000002,-0.24690000000000012,0.7110000000000003,0.8141999999999996,-0.3085999999999993,-0.13070000000000004,0.7178000000000004,-0.3949999999999996,0.05750000000000011,0.9899999999999842,0.27899999999998926,0.7589999999999897,1.0199999999999676,0.4589999999999961,-0.0420000000000087,0.14400000000001079,0.7379999999999853,0.4529999999999834,0.05999999999999339,
0.0931999999999995,0.43299999999999983,-0.22160000000000046,0.8294999999999995,0.7449999999999992,-0.3099999999999996,-0.12589999999999968,0.7424,0.059499999999999886,-0.3799000000000001,0.9300000000000175,1.1279999999999824,1.1459999999999937,1.2420000000000364,1.9470000000000454,-0.015000000000018332,0.9389999999999965,2.435999999999998,0.9210000000000118,1.515000000000013,
0.12420000000000009,0.47059999999999924,0.8099000000000007,0.8709000000000007,0.6076999999999995,-0.3105000000000002,-0.0945999999999998,-0.3293999999999997,0.09020000000000028,0.6585000000000001,-0.1740000000000208,-0.3809999999999647,0.2129999999999832,0.09899999999998244,0.0420000000000087,-0.21600000000000286,0.23399999999998755,-0.378000000000025,0.1649999999999885,-0.5580000000000052,
0.1183999999999994,0.4579000000000004,0.8742000000000001,0.6090999999999998,0.8170000000000002,-0.3177000000000003,-0.08680000000000021,0.0956999999999999,0.6398999999999999,-0.3420000000000005,0.11100000000000776,-0.31500000000001194,0.8069999999999844,-0.14700000000003044,0.041999999999955406,0.0840000000000174,-0.5039999999999978,-0.07800000000000473,-0.21300000000000985,0.40200000000002234,
0.12209999999999965,0.4474,0.6041999999999987,0.8183999999999987,0.9010999999999996,-0.31489999999999974,-0.10360000000000014,0.6327999999999996,-0.3285999999999998,0.09309999999999974,0.05100000000004101,0.40200000000002234,0.2640000000000775,0.5820000000000292,-0.18899999999998585,-0.22200000000001552,0.22800000000000153,-0.00900000000000567,-0.15900000000000247,0.2669999999999906,
0.12380000000000102,0.46080000000000076,0.6130000000000013,0.8948,0.8377999999999997,-0.32230000000000025,-0.09600000000000009,0.6324999999999994,0.10199999999999942,-0.33389999999999986,-0.3090000000000259,-0.2610000000000312,0.03299999999992309,0.39299999999999,0.12299999999997979,-0.5099999999999838,-0.28199999999998226,-0.5489999999999728,0.2160000000000295,0.045000000000001705,
0.11350000000000016,0.4520999999999997,0.6140999999999988,0.841899999999999,0.9078999999999997,-0.3392999999999997,-0.1053999999999995,0.6142000000000003,-0.3323999999999998,0.10920000000000041,0.18899999999998585,-0.03300000000002967,0.05099999999998772,0.7920000000000194,0.5010000000000048,-0.4320000000000057,0.31800000000000495,0.1770000000000138,0.2370000000000072,0.27899999999998926,
0.11979999999999968,0.45099999999999874,0.6157999999999983,0.8682999999999996,0.9245999999999999,-0.3536999999999999,-0.09479999999999933,0.6201000000000008,-0.32449999999999957,0.11850000000000005,0.9509999999999685,0.8130000000000237,1.2630000000000408,1.2479999999999691,1.4429999999999943,0.3300000000000036,0.7979999999999787,0.368999999999966,0.9389999999999965,0.9900000000000109,
0.15149999999999864,0.4780999999999995,0.6578999999999997,0.9098999999999986,0.9726999999999997,-0.3426999999999998,-0.06820000000000004,0.6323999999999996,-0.2931999999999997,0.1515000000000004,0.8070000000000377,0.8580000000000254,0.7500000000000107,0.5670000000000641,0.9120000000000061,0.12899999999999245,0.9930000000000039,0.6630000000000003,1.031999999999993,0.9929999999999772,
0.1783999999999999,0.5067000000000004,0.6829000000000001,0.9288000000000007,1.0030999999999999,-0.33840000000000003,-0.03509999999999991,0.6544999999999996,-0.2587999999999999,0.18459999999999965,0.2069999999999972,0.4979999999999585,0.35399999999997434,0.8609999999999651,0.5579999999999785,1.1130000000000173,1.0889999999999933,1.2750000000000128,1.3169999999999948,1.2840000000000185,
0.1852999999999998,0.523299999999999,0.9574999999999996,0.6946999999999992,1.0216999999999992,-0.30129999999999946,0.0011999999999998678,-0.2149000000000001,0.6970000000000001,0.22740000000000027,0.05100000000004101,0.09300000000004971,-0.35699999999996734,0.08100000000002439,-0.0389999999999624,-0.6540000000000212,-0.3300000000000036,-0.6120000000000125,-0.3300000000000036,-0.1770000000000138,
0.18700000000000117,0.5264000000000006,0.9456000000000007,0.6974,1.0204000000000004,-0.32310000000000016,-0.009800000000000253,-0.2353000000000005,0.6859999999999999,0.2214999999999998,0.4679999999999751,0.4139999999999944,0.6389999999999496,0.43799999999999173,0.48899999999997945,0.7620000000000093,1.0380000000000056,1.3530000000000175,1.443000000000021,1.2660000000000071,
