7.2601,6.6266,0.17699999999998717,0.3449999999999953
7.266,6.6381,0.36300000000000665,0.32099999999999795
7.2781,6.6488,-0.047999999999994714,0.27000000000001023
7.2765,6.6578,0.2099999999999902,0.6899999999999906
7.2835,6.6808,0.014999999999991687,0.00900000000000567
7.284,6.6811,0.27300000000000324,0.6179999999999986
7.2931,6.7017,0.13799999999999812,0.6869999999999976
7.2977,6.7246,0.31500000000001194,0.5340000000000078
7.3082,6.7424,-0.0420000000000087,0.23099999999999454
7.3068,6.7501,0.24900000000000588,0.702000000000016
7.3151,6.7735,0.1049999999999951,0.11400000000000077
7.3186,6.7773,0.5430000000000135,0.45600000000000307
7.3367,6.7925,0.08999999999997677,-0.1890000000000125
7.3397,6.7862,0.1770000000000138,0.29099999999998793
7.3456,6.7959,0.5729999999999968,0.3420000000000023
7.3647,6.8073,0.387000000000004,0.1320000000000121
7.3776,6.8117,0.5039999999999978,-0.2790000000000159
7.3944,6.8024,0.6899999999999906,0.2400000000000002
7.4174,6.8104,0.26399999999999757,-0.1649999999999885
7.4262,6.8049,0.27000000000001023,-0.5820000000000025
7.4352,6.7855,0.9659999999999869,0.01800000000001134
7.4674,6.7861,1.056000000000017,-0.8910000000000018
7.5026,6.7564,0.9539999999999882,-0.11400000000000077
7.5344,6.7526,0.7830000000000137,-0.5640000000000178
7.5605,6.7338,0.8159999999999901,0.03600000000002268
7.5877,6.735,0.6659999999999933,-0.8340000000000014
7.6099,6.7072,1.7220000000000102,-0.31200000000001893
7.6673,6.6968,0.6690000000000129,-0.2099999999999902
7.6896,6.6898,1.0409999999999986,-0.33299999999999663
7.7243,6.6787,0.5039999999999978,0.06600000000000605
7.7411,6.6809,0.38699999999997736,-0.5130000000000035
7.754,6.6638,1.770000000000005,0.37500000000000533
7.813,6.6763,0.2370000000000072,0.13199999999998546
7.8209,6.6807,0.8550000000000058,0.2910000000000146
7.8494,6.6904,0.6359999999999832,0.32699999999998397
7.8706,6.7013,0.34500000000002196,0.40500000000001535
7.8821,6.7148,0.7559999999999967,0.683999999999978
7.9073,6.7376,0.7349999999999923,0.5910000000000082
7.9318,6.7573,0.4049999999999887,0.23099999999999454
7.9453,6.765,0.354000000000001,0.46500000000000874
7.9571,6.7805,0.6510000000000016,-0.0629999999999864
7.9788,6.7784,0.9209999999999852,0.2699999999999836
8.0095,6.7874,0.7170000000000343,-0.18899999999998585
8.0334,6.7811,0.2069999999999972,-0.045000000000001705
8.0403,6.7796,1.2029999999999674,0.11699999999999378
8.0804,6.7835,0.2970000000000006,-0.387000000000004
8.0903,6.7706,0.8610000000000184,-0.8249999999999957
8.119,6.7431,0.7559999999999967,-0.2790000000000159
8.1442,6.7338,0.8550000000000324,-0.5549999999999855
8.1727,6.7153,0.8489999999999931,-0.4440000000000044
8.201,6.7005,0.7379999999999853,-0.8790000000000031
8.2256,6.6712,1.7550000000000132,-1.2929999999999975
8.2841,6.6281,0.9989999999999633,-0.2069999999999972
8.3174,6.6212,1.3260000000000005,-0.5010000000000048
8.3616,6.6045,0.7260000000000133,-0.6869999999999976
8.3858,6.5816,0.6780000000000186,0.22800000000000153
8.4084,6.5892,1.7639999999999922,-0.4919999999999991
8.4672,6.5728,0.5759999999999899,0.25800000000001155
8.4864,6.5814,0.8610000000000184,0.020999999999977703
8.5151,6.5821,0.4259999999999664,0.3990000000000027
8.5293,6.5954,0.768000000000022,0.16500000000001513
8.5549,6.6009,1.7159999999999975,0.6119999999999859
8.6121,6.6213,0.5279999999999951,0.5760000000000165
8.6297,6.6405,1.1939999999999884,0.07199999999999207
8.6695,6.6429,0.3060000000000329,0.7650000000000023
8.6797,6.6684,1.4729999999999777,0.14399999999998414
8.7288,6.6732,1.5660000000000274,1.476000000000024
8.781,6.7224,1.4639999999999986,0.6869999999999976
8.8298,6.7453,0.8579999999999721,0.24599999999998623
8.8584,6.7535,0.5010000000000048,0.1049999999999951
8.8751,6.757,1.2179999999999858,0.02100000000000435
8.9157,6.7577,1.6019999999999968,0.10200000000000209
8.9691,6.7611,0.9210000000000385,-0.23099999999999454
8.9998,6.7534,0.6539999999999679,0.2370000000000072
9.0216,6.7613,0.9360000000000035,-0.09900000000000908
9.0528,6.758,0.6869999999999976,-0.2879999999999949
9.0757,6.7484,2.076000000000011,-0.46200000000001573
9.1449,6.733,0.5759999999999899,-0.6959999999999766
9.1641,6.7098,1.1190000000000033,-0.25500000000001855
9.2014,6.7013,0.9720000000000262,-0.680999999999985
9.2338,6.6786,1.4519999999999733,-0.6810000000000116
9.2822,6.6559,2.2380000000000067,-1.454999999999993
9.3568,6.6074,0.8519999999999861,-0.5159999999999965
9.3852,6.5902,0.765000000000029,-0.5940000000000012
9.4107,6.5704,1.3979999999999926,-0.1499999999999968
9.4573,6.5654,0.8549999999999791,-0.14100000000001778
9.4858,6.5607,1.9560000000000244,-0.17399999999999416
9.551,6.5549,0.48599999999998644,-0.05099999999998772
9.5672,6.5532,0.8249999999999957,0.04199999999998205
9.5947,6.5546,0.6090000000000195,-0.12599999999999945
9.615,6.5504,0.8850000000000158,0.356999999999994
9.6445,6.5623,1.574999999999953,0.14400000000001079
9.697,6.5671,0.777000000000001,0.4499999999999904
9.7229,6.5821,0.7890000000000263,0.46800000000000175
9.7492,6.5977,1.1850000000000094,0.25500000000001855
9.7887,6.6062,0.22199999999996223,0.08399999999999075
9.7961,6.609,2.190000000000012,0.8340000000000014
9.8691,6.6368,0.5460000000000065,0.18899999999998585
9.8873,6.6431,0.8969999999999878,0.5130000000000035
9.9172,6.6602,0.8100000000000307,-0.035999999999996035
9.9442,6.659,0.7980000000000054,0.01800000000001134
9.9708,6.6596,1.6769999999999818,0.11400000000000077
10.0267,6.6634,0.6630000000000003,-0.12599999999999945
10.0488,6.6592,0.329999999999977,0.057000000000000384
10.0598,6.6611,0.9330000000000105,-0.09299999999999642
10.0909,6.658,0.384000000000011,-0.09900000000000908
10.1037,6.6547,1.7249999999999766,-0.27599999999999625
10.1612,6.6455,0.8490000000000464,-0.49500000000001876
10.1895,6.629,0.49499999999996547,-0.05699999999997374
10.206,6.6271,0.9000000000000341,-0.5940000000000012
10.236,6.6073,0.6630000000000003,-0.12300000000000644
10.2581,6.6032,1.8329999999999913,-0.9990000000000165
10.3192,6.5699,0.5489999999999995,-0.5009999999999781
10.3375,6.5532,0.8759999999999835,-0.45300000000001006
10.3667,6.5381,0.8279999999999887,-0.20100000000001117
10.3943,6.5314,0.49500000000001876,-0.6479999999999819
10.4108,6.5098,1.6620000000000168,-0.5970000000000208
10.4662,6.4899,0.72599999999996,0.2370000000000072
10.4904,6.4978,0.31800000000000495,-0.18299999999999983
10.501,6.4917,0.762000000000036,0.14100000000001778
10.5264,6.4964,0.6869999999999976,-0.03600000000002268
10.5493,6.4952,0.9869999999999912,0.6990000000000229
10.5822,6.5185,0.6959999999999766,0.5099999999999838
10.6054,6.5355,0.6419999999999959,-0.047999999999994714
10.6268,6.5339,0.5520000000000458,0.1049999999999951
10.6452,6.5374,0.44699999999997075,0.7650000000000023
10.6601,6.5629,1.3410000000000188,0.37500000000000533
10.7048,6.5754,0.48599999999998644,0.8790000000000031
10.721,6.6047,0.6150000000000055,0.39299999999999
10.7415,6.6178,0.5399999999999672,0.37500000000000533
10.7595,6.6303,0.6810000000000116,0.5100000000000104
10.7822,6.6473,0.9990000000000165,0.34199999999997566
10.8155,6.6587,0.7920000000000194,0.2850000000000019
10.8419,6.6682,0.5429999999999602,0.33299999999999663
10.86,6.6793,0.828000000000042,0.12300000000000644
10.8876,6.6834,0.6779999999999653,-0.1679999999999815
10.9102,6.6778,0.9450000000000358,0.36599999999999966
10.9417,6.69,0.7019999999999627,-0.3360000000000163
10.9651,6.6788,0.19800000000001816,0.4589999999999961
10.9717,6.6941,0.5999999999999872,-0.23099999999999454
10.9917,6.6864,0.39299999999999,-0.32099999999999795
11.0048,6.6757,0.9930000000000305,-0.5279999999999951
11.0379,6.6581,0.8489999999999931,-0.12599999999999945
11.0662,6.6539,0.39299999999999,-0.4740000000000144
11.0793,6.6381,0.6840000000000046,-0.29099999999998793
11.1021,6.6284,0.5400000000000205,-0.12599999999999945
11.1201,6.6242,1.4729999999999777,-0.6630000000000003
11.1692,6.6021,1.0619999999999763,-0.006000000000012662
11.2046,6.6019,0.18900000000003914,0.13799999999999812
11.2109,6.6065,0.4619999999999891,-0.27599999999999625
11.2263,6.5973,0.28199999999998226,0.006000000000012662
11.2357,6.5975,0.6780000000000186,0.5460000000000065
11.2583,6.6157,0.22800000000000153,-0.054000000000007375
11.2659,6.6139,0.4199999999999804,0.44099999999998474
11.2799,6.6286,0.5220000000000091,0.06000000000002004
11.2973,6.6306,-0.18899999999998585,0.4349999999999987
11.291,6.6451,-0.09599999999998943,0.7949999999999857
11.2878,6.6716,-0.11100000000000776,0.5039999999999978
11.2841,6.6884,0.19799999999996487,0.4830000000000201
11.2907,6.7045,-0.24299999999996658,0.6059999999999999
11.2826,6.7247,0.05999999999996675,0.5099999999999838
11.2846,6.7417,-0.1679999999999815,1.2780000000000058
11.279,6.7843,0.15000000000002345,0.30300000000001326
11.284,6.7944,-0.3000000000000469,0.39599999999998303
11.274,6.8076,0.15000000000002345,0.42300000000000004
11.279,6.8217,0.05099999999998772,-0.08399999999999075
11.2807,6.8189,0.5220000000000091,1.031999999999993
11.2981,6.8533,-0.2579999999999849,0.0
11.2895,6.8533,0.2970000000000006,0.1890000000000125
11.2994,6.8596,0.2849999999999753,0.5159999999999965
11.3089,6.8768,0.07500000000003837,-0.32099999999999795
11.3114,6.8661,0.11999999999998678,0.023999999999997357
11.3154,6.8669,0.5639999999999645,0.17699999999998717
11.3342,6.8728,0.32700000000003726,-0.5099999999999838
11.3451,6.8558,0.3390000000000093,-0.0840000000000174
11.3564,6.853,-0.2160000000000295,-0.09599999999998943
11.3492,6.8498,0.9330000000000105,-0.45300000000001006
11.3803,6.8347,0.2099999999999902,-0.1079999999999881
11.3873,6.8311,0.5700000000000038,-0.4349999999999987
11.4063,6.8166,0.0420000000000087,0.12599999999999945
11.4077,6.8208,0.2879999999999683,-0.11100000000000776
11.4173,6.8171,0.708000000000002,-0.9779999999999855
11.4409,6.7845,0.5460000000000065,0.359999999999987
11.4591,6.7965,-0.2940000000000076,0.0420000000000087
11.4493,6.7979,0.4200000000000337,-0.351000000000008
11.4633,6.7862,-0.01800000000001134,-0.2999999999999936
11.4627,6.7762,0.6090000000000195,0.023999999999997357
11.483,6.777,0.20099999999995788,0.0029999999999930083
11.4897,6.7771,-0.0029999999999930083,-0.12899999999999245
11.4896,6.7728,0.6210000000000448,0.09599999999998943
11.5103,6.776,0.06599999999995276,-0.035999999999996035
11.5125,6.7748,0.6360000000000099,0.24299999999999322
11.5337,6.7829,0.015000000000018332,0.2820000000000089
11.5342,6.7923,0.20100000000001117,0.22199999999998887
11.5409,6.7997,-0.1770000000000138,-0.07799999999997809
11.535,6.7971,0.49199999999997246,0.23699999999998056
11.5514,6.805,0.5790000000000362,1.1490000000000133
11.5707,6.8433,0.5399999999999672,-0.05100000000001437
11.5887,6.8416,-0.18899999999998585,0.9180000000000188
11.5824,6.8722,0.22800000000000153,-0.09299999999999642
11.59,6.8691,0.5579999999999785,0.9329999999999838
11.6086,6.9002,-0.22799999999994824,0.6810000000000116
11.601,6.9229,0.4619999999999891,0.5909999999999815
11.6164,6.9426,0.13500000000000512,0.31200000000001893
11.6209,6.953,0.389999999999997,0.3749999999999787
11.6339,6.9655,0.3839999999999577,0.5310000000000148
11.6467,6.9832,0.6000000000000405,0.5399999999999938
11.6667,7.0012,-0.030000000000036664,0.24600000000001288
11.6657,7.0094,0.33000000000003027,0.17699999999998717
11.6767,7.0153,0.2879999999999683,0.0420000000000087
11.6863,7.0167,-0.05399999999998073,0.09299999999999642
11.6845,7.0198,0.7589999999999897,0.4410000000000114
11.7098,7.0345,0.09900000000003573,-0.03300000000000303
11.7131,7.0334,0.4979999999999585,-0.10500000000002174
11.7297,7.0299,0.1680000000000348,0.02100000000000435
11.7353,7.0306,0.2999999999999936,-0.22499999999998188
11.7453,7.0231,1.026000000000007,-0.31800000000000495
11.7795,7.0125,0.11699999999999378,0.0
11.7834,7.0125,0.7589999999999897,-0.2790000000000159
11.8087,7.0032,0.5489999999999995,-0.43799999999999173
11.827,6.9886,0.6360000000000099,-0.011999999999998678
11.8482,6.9882,1.023000000000014,-0.8880000000000088
11.8823,6.9586,0.8189999999999564,-0.8699999999999974
11.9096,6.9296,0.5130000000000301,-0.1949999999999985
11.9267,6.9231,0.5759999999999899,-0.3149999999999853
11.9459,6.9126,0.32399999999999096,-0.5280000000000218
11.9567,6.895,1.490999999999989,0.15000000000002345
12.0064,6.9,0.45300000000001006,-0.2940000000000076
12.0215,6.8902,0.32700000000003726,0.19799999999999152
12.0324,6.8968,0.6899999999999906,-0.1949999999999985
12.0554,6.8903,0.6479999999999819,0.49800000000001177
12.077,6.9069,1.8180000000000263,-0.09000000000000341
12.1376,6.9039,0.44699999999997075,0.6390000000000029
12.1525,6.9252,0.5999999999999872,0.5879999999999885
12.1725,6.9448,1.020000000000021,0.4469999999999974
12.2065,6.9597,0.9719999999999729,0.3720000000000123
12.2389,6.9721,2.052000000000014,0.8969999999999878
12.3073,7.002,0.5969999999999942,0.21899999999999586
12.3272,7.0093,0.9240000000000315,0.5580000000000052
12.358,7.0279,1.1459999999999937,-0.11999999999998678
12.3962,7.0239,0.44099999999998474,-0.035999999999996035
12.4109,7.0227,1.23899999999999,-0.7110000000000216
12.4522,6.999,1.2119999999999997,0.1949999999999985
12.4926,7.0055,0.7920000000000194,-0.07499999999998508
12.519,7.003,0.8759999999999835,-0.8430000000000071
12.5482,6.9749,0.831000000000035,-0.08399999999999075
12.5759,6.9721,1.358999999999977,-0.9959999999999969
12.6212,6.9389,0.8160000000000167,-0.36300000000000665
12.6484,6.9268,0.7379999999999853,-0.5700000000000038
12.673,6.9078,0.9600000000000009,-0.8220000000000027
12.705,6.8804,0.6630000000000003,-0.38099999999999135
12.7271,6.8677,1.9229999999999947,-0.7260000000000133
12.7912,6.8435,1.0799999999999876,-0.39599999999998303
12.8272,6.8303,0.9960000000000235,0.387000000000004
12.8604,6.8432,0.5910000000000082,-0.40500000000001535
12.8801,6.8297,1.1369999999999614,-0.36599999999999966
12.918,6.8175,1.6590000000000238,-0.27899999999998926
12.9733,6.8082,1.1100000000000243,0.1049999999999951
13.0103,6.8117,0.9689999999999799,-0.21899999999999586
13.0426,6.8044,0.8009999999999984,0.1949999999999985
13.0693,6.8109,1.0740000000000016,-0.18599999999999284
13.1051,6.8047,2.387999999999977,0.15899999999997583
