-0.24189999999999934,-0.3804999999999996,-0.7633000000000001,0.9236000000000004,1.0384000000000002,-0.5851000000000006,0.5757000000000003,0.0015999999999998238,-0.11570000000000036,-0.6733999999999991,0.5099999999999838,-0.1290000000000191,-0.42000000000000703,0.27300000000000324,0.057000000000000384,-0.24599999999995958,-0.08699999999998376,-0.5039999999999978,-0.6839999999999513,-0.20100000000001117,
-0.22489999999999988,-0.38480000000000025,-0.7773000000000003,0.9327000000000005,1.0403000000000002,-0.5932999999999993,0.5728000000000009,-0.015200000000000102,-0.13849999999999874,-0.6800999999999995,1.1430000000000007,-0.2699999999999836,-0.5489999999999995,-0.20100000000001117,-0.25500000000001855,0.19499999999997186,-0.12900000000004574,-0.27300000000000324,-0.6390000000000562,-0.18300000000005312,
-0.18679999999999986,-0.3937999999999997,-0.7956000000000003,0.9260000000000002,1.0317999999999996,-0.5868000000000002,0.5684999999999993,-0.02430000000000021,-0.1598000000000006,-0.6862000000000013,0.5939999999999745,0.20099999999998452,-0.3390000000000093,-0.1740000000000208,-0.09299999999999642,-0.0059999999999860165,-0.15900000000000247,-0.05700000000002703,-0.48599999999998644,0.06300000000001305,
-0.1670000000000007,-0.3871000000000002,-0.8069000000000006,0.9201999999999995,1.0286999999999997,-0.5869999999999997,0.5631999999999993,-0.02620000000000111,-0.17600000000000016,-0.6841000000000008,0.36000000000001364,-0.2790000000000159,-0.37799999999999834,-0.09899999999998244,0.00900000000000567,-0.15300000000001646,-0.39599999999998303,-0.5579999999999785,-0.6990000000000229,-0.6600000000000072,
-0.15500000000000025,-0.39640000000000075,-0.8195000000000006,0.9169,1.029,-0.5921000000000003,0.5499999999999998,-0.044800000000000395,-0.19930000000000092,-0.7061000000000011,0.37500000000000533,0.06000000000002004,-0.44699999999997075,-0.21600000000000286,-0.11099999999998111,-0.029999999999983373,0.0029999999999930083,-0.06000000000002004,-0.5309999999999881,-0.341999999999949,
-0.14250000000000007,-0.3944000000000001,-0.8343999999999996,0.9097,1.0253000000000005,-0.5930999999999997,0.5500999999999996,-0.04680000000000106,-0.21700000000000053,-0.7174999999999994,0.6480000000000086,-0.08699999999998376,-0.12599999999999945,-0.14099999999999113,0.18299999999997318,0.2130000000000365,0.04200000000003534,-0.2579999999999316,-0.4619999999999358,0.36300000000000665,
-0.12089999999999979,-0.39729999999999954,-0.8385999999999996,0.9050000000000002,1.0313999999999997,-0.5859999999999985,0.5515000000000008,-0.055399999999998784,-0.23239999999999839,-0.7053999999999991,1.0829999999999806,0.24299999999999322,-0.3240000000000176,-0.3300000000000036,-0.44099999999998474,-0.18900000000003914,-0.34800000000001496,-0.9510000000000218,-1.3770000000000415,-0.4680000000000284,
-0.08480000000000043,-0.38919999999999977,-0.8494000000000002,0.8940000000000001,1.0167000000000002,-0.5922999999999998,0.5399000000000003,-0.08709999999999951,-0.27829999999999977,-0.7210000000000001,0.6450000000000156,-0.06899999999999906,-0.41100000000000136,-0.11100000000000776,0.21899999999999586,-0.2580000000000382,-0.15900000000002912,-0.7410000000000316,-1.0500000000000043,-0.3960000000000363,
-0.06329999999999991,-0.39149999999999974,-0.8631000000000002,0.8902999999999999,1.024,-0.6009000000000011,0.5345999999999993,-0.11180000000000057,-0.3132999999999999,-0.7342000000000013,0.5609999999999982,0.2879999999999949,-0.23099999999999454,0.27599999999999625,-0.12300000000000644,-0.1259999999999728,-0.23399999999998755,-0.7950000000000124,-1.3770000000000415,-0.2879999999999683,
-0.04459999999999997,-0.3818999999999999,-0.8708,0.8994999999999997,1.0198999999999998,-0.6051000000000002,0.5267999999999997,-0.13830000000000098,-0.3592000000000013,-0.7438000000000002,0.7980000000000054,0.16800000000000814,-0.35399999999997434,0.021000000000030994,0.35700000000002063,-0.05699999999997374,0.04500000000002835,-0.2969999999999473,-0.4169999999999341,0.1290000000000191,
-0.017999999999999794,-0.37629999999999963,-0.8825999999999992,0.9002000000000008,1.0318000000000005,-0.6069999999999993,0.5283000000000007,-0.14819999999999922,-0.3730999999999991,-0.7394999999999996,1.0680000000000156,0.46800000000000175,-0.2310000000000212,0.5069999999999908,0.2699999999999836,-0.13800000000005141,0.0059999999999860165,-0.45600000000005636,-0.8010000000000517,-0.24900000000000588,
0.017600000000000726,-0.3606999999999996,-0.8902999999999999,0.9171000000000005,1.0408,-0.611600000000001,0.5285000000000002,-0.1634000000000011,-0.3998000000000008,-0.7477999999999998,0.72599999999996,0.1409999999999645,-0.7980000000000054,-0.5130000000000301,0.3029999999999866,-0.1259999999999728,0.035999999999996035,-1.1999999999999744,-1.430999999999969,-0.4199999999999804,
0.04179999999999939,-0.35600000000000076,-0.9169,0.8999999999999995,-0.21760000000000002,-0.6158000000000001,0.5297000000000001,-0.20340000000000025,-0.4474999999999998,-1.2773000000000003,0.9930000000000305,0.6570000000000142,-0.4019999999999957,0.2910000000000146,0.7559999999999967,0.1649999999999885,0.20399999999997753,-0.5549999999999855,-0.384000000000011,0.5099999999999838,
0.07490000000000041,-0.3341000000000003,-0.9302999999999999,0.9097,-0.19240000000000013,-0.6103000000000005,0.5364999999999993,-0.22189999999999976,-0.46030000000000015,-1.2603000000000009,0.5250000000000021,0.34500000000002196,-0.24900000000000588,0.05100000000001437,0.5670000000000108,0.0420000000000087,0.13500000000003176,-0.2069999999999972,-0.35999999999996035,0.45000000000001705,
0.09240000000000048,-0.32259999999999955,-0.9386000000000001,0.9114000000000004,-0.17349999999999977,-0.6089000000000002,0.5410000000000004,-0.22879999999999967,-0.47229999999999883,-1.2453000000000003,0.3719999999999857,0.389999999999997,-0.47099999999999476,0.0059999999999860165,0.4019999999999957,0.2069999999999972,0.4379999999999651,-0.18900000000003914,-0.44400000000003104,1.1160000000000103,
0.1048,-0.30959999999999965,-0.9542999999999999,0.9116,-0.1600999999999999,-0.6020000000000003,0.5555999999999992,-0.23510000000000097,-0.48709999999999987,-1.2081,0.810000000000004,0.2999999999999936,0.1049999999999951,0.6720000000000059,0.7200000000000006,-0.45000000000001705,-0.21600000000000286,-0.49199999999997246,-0.009000000000032315,0.05699999999997374,
-0.29959999999999987,0.13180000000000014,-0.9508000000000001,0.9340000000000002,-0.1360999999999999,0.5483999999999991,-0.6170000000000009,-0.25150000000000006,-0.48740000000000094,-1.2062000000000008,1.202999999999994,1.589999999999998,0.006000000000012662,0.46800000000000175,1.0139999999999816,1.2720000000000198,1.0109999999999886,0.17399999999996751,-0.0839999999999641,1.8270000000000053,
0.18480000000000008,-0.25950000000000006,-0.9505999999999997,0.9496000000000002,-0.1023000000000005,-0.5833000000000013,0.5907999999999998,-0.24570000000000114,-0.49019999999999975,-1.1453000000000007,1.0170000000000012,0.7559999999999967,0.4199999999999804,0.09000000000000341,0.5460000000000065,0.3510000000000346,0.3449999999999953,-0.5849999999999689,0.32699999999998397,0.8729999999999905,
0.21870000000000012,-0.23430000000000017,-0.9366000000000003,0.9526000000000003,-0.08410000000000029,-0.5716000000000001,0.6022999999999996,-0.2652000000000001,-0.4793000000000003,-1.116200000000001,1.4009999999999856,0.8670000000000044,0.3420000000000023,1.23899999999999,1.0109999999999886,0.5190000000000161,0.6390000000000029,0.5460000000000065,0.45600000000000307,0.40800000000000836,
0.26539999999999964,-0.20540000000000003,-0.9252000000000002,0.9939,-0.050400000000000666,-0.5542999999999996,0.6235999999999997,-0.2469999999999999,-0.4641000000000002,-1.1026000000000007,0.6480000000000086,0.4589999999999961,-0.09299999999999642,0.04199999999998205,0.10500000000002174,0.2099999999999902,0.24300000000001987,-0.09000000000000341,-0.23399999999998755,1.1940000000000417,
0.2869999999999999,-0.19010000000000016,-0.9283000000000001,-0.04689999999999994,0.9952999999999994,-0.5472999999999999,0.6317000000000004,-0.25,-1.0627999999999993,-0.47189999999999976,1.1099999999999977,0.8639999999999848,0.24899999999997924,0.5099999999999838,0.5370000000000008,0.5010000000000048,0.6299999999999706,0.779999999999994,1.0259999999999536,0.5879999999999619,
0.32399999999999984,-0.16130000000000067,-0.9200000000000008,-0.029900000000000482,1.0131999999999994,-0.5305999999999997,0.6526999999999994,-0.2240000000000002,-1.0286000000000008,-0.45230000000000103,1.7189999999999905,0.8370000000000211,0.3090000000000259,0.810000000000004,0.9269999999999978,1.235999999999997,1.166999999999998,0.708000000000002,1.7820000000000036,1.3080000000000425,
0.38129999999999953,-0.13339999999999996,-0.9097,-0.0029000000000003467,1.0440999999999994,-0.48939999999999984,0.6915999999999993,-0.20040000000000013,-0.9692000000000007,-0.4086999999999996,0.768000000000022,0.5310000000000148,0.36599999999999966,0.387000000000004,0.798000000000032,0.8610000000000184,0.8760000000000367,0.5250000000000021,1.2930000000000241,1.0169999999999746,
0.40690000000000026,-0.11569999999999947,-0.8975,0.009999999999999787,1.0707000000000004,-0.4606999999999992,0.7208000000000006,-0.18290000000000006,-0.9260999999999999,-0.37480000000000047,1.1129999999999907,0.4649999999999821,-0.15300000000001646,0.4410000000000114,0.5489999999999728,0.19799999999996487,0.6569999999999876,0.45000000000001705,1.103999999999985,0.7380000000000386,
0.44399999999999995,-0.10020000000000007,0.024700000000000166,-0.9026000000000005,1.0889999999999995,-0.4541000000000004,0.7427000000000001,-0.8893000000000004,-0.1678999999999995,-0.3501999999999992,0.6510000000000016,0.354000000000001,0.22499999999998188,0.20400000000000418,0.49200000000002575,0.40800000000000836,0.4019999999999957,0.8670000000000044,0.6719999999999793,0.6869999999999443,
0.4657,-0.08840000000000003,0.03219999999999956,-0.8958000000000004,1.1054000000000004,-0.4405000000000001,0.7561,-0.8604000000000003,-0.14550000000000018,-0.32730000000000103,0.9449999999999825,0.28199999999998226,0.2790000000000159,0.03000000000001002,0.6149999999999789,0.2970000000000006,0.5909999999999815,1.026000000000007,0.6659999999999933,0.3930000000000433,
0.4971999999999994,-0.07900000000000063,0.04150000000000009,-0.8948,1.1258999999999997,-0.4306000000000001,0.7757999999999994,-0.8262,-0.12330000000000041,-0.3141999999999996,1.4190000000000236,0.7590000000000163,0.743999999999998,0.37500000000000533,1.1909999999999954,1.172999999999984,0.7830000000000137,1.6469999999999985,0.7530000000000037,1.6319999999999801,
0.5445000000000002,0.06630000000000003,-0.05370000000000008,-0.8822999999999999,-0.037799999999999834,-0.3915000000000006,-0.7713000000000001,0.8018999999999998,-0.09820000000000029,-1.1319,0.5220000000000091,0.12300000000000644,0.03000000000001002,0.06600000000000605,-0.05099999999998772,0.01800000000001134,0.8129999999999704,0.33299999999999663,1.020000000000021,0.9839999999999982,
0.5619000000000005,0.07040000000000024,-0.05269999999999975,-0.8800999999999997,-0.039499999999999424,-0.39090000000000025,-0.7442000000000011,0.8129999999999997,-0.06419999999999959,-1.0991,1.1699999999999644,0.34199999999997566,0.3779999999999717,0.38699999999997736,0.7439999999999714,0.07799999999997809,0.6030000000000335,0.39899999999997604,0.21899999999996922,0.656999999999961,
0.6008999999999993,0.08179999999999943,-0.04010000000000069,-0.8672000000000004,-0.01470000000000038,-0.388300000000001,-0.7241,0.8262999999999989,-0.05690000000000062,-1.0772000000000013,0.10500000000002174,-0.05699999999997374,-0.4619999999999891,-0.5009999999999781,0.00900000000000567,-0.10199999999997544,0.2640000000000242,-0.22199999999996223,0.32099999999999795,0.7770000000000543,
0.0799000000000003,0.6044,-0.05550000000000033,-0.8838999999999997,-0.01440000000000019,-0.7152999999999992,-0.39170000000000016,0.8189000000000002,-0.046200000000000685,-1.0512999999999995,0.06899999999999906,0.7589999999999897,0.7590000000000163,0.4229999999999734,0.6150000000000055,0.33299999999997,-0.17699999999996052,0.06300000000001305,0.20100000000006446,0.378000000000025,
0.08220000000000027,0.6296999999999997,-0.030199999999999783,-0.8698000000000006,0.006099999999999994,-0.7042000000000002,-0.39759999999999884,0.8210000000000006,-0.039499999999998536,-1.0386999999999986,0.8790000000000031,1.2390000000000168,0.5790000000000095,0.25500000000001855,0.49800000000001177,0.36300000000000665,-0.5610000000000248,-0.6989999999999963,-0.012000000000025324,0.5700000000000038,
0.11150000000000038,0.6710000000000003,-0.010899999999999466,-0.8613,0.022700000000000387,-0.6920999999999999,-0.41629999999999967,0.7977000000000007,-0.03989999999999938,-1.0196999999999985,0.7019999999999893,0.9179999999999922,0.6659999999999933,0.4290000000000127,1.0139999999999816,0.18299999999999983,-0.3449999999999953,-0.06300000000001305,0.3779999999999717,0.31499999999995865,
0.13490000000000002,0.01130000000000031,0.7016,-0.8469999999999995,0.05649999999999977,-0.6859999999999999,0.7956000000000003,-0.4277999999999995,-0.027300000000000324,-1.0091999999999999,0.5700000000000038,0.4499999999999904,0.8249999999999957,0.40199999999996905,0.777000000000001,0.03599999999996939,-0.6030000000000069,-0.710999999999995,-0.49199999999997246,-0.4260000000000197,
0.15390000000000015,0.02629999999999999,-0.8336000000000006,0.7290999999999999,0.0823999999999998,-0.684800000000001,0.7755000000000001,-0.043699999999999406,-0.45149999999999935,-1.0234000000000005,0.13799999999999812,0.22500000000000853,0.03300000000002967,0.5489999999999995,0.5130000000000035,0.07500000000003837,-0.2099999999999902,0.026999999999990365,-0.7230000000000203,0.44100000000003803,
0.15850000000000009,0.033800000000000274,-0.8324999999999996,0.7473999999999998,0.09949999999999992,-0.6822999999999997,0.7685000000000004,-0.04279999999999973,-0.4756,-1.0086999999999993,1.0020000000000095,0.8280000000000154,0.8249999999999957,1.3440000000000119,0.6600000000000072,0.13199999999995882,-0.10200000000002873,-0.7140000000000413,-0.2549999999999919,-0.14700000000003044,
0.1919000000000004,0.06140000000000079,-0.8049999999999997,0.7922000000000002,0.12150000000000016,-0.6779000000000011,0.7650999999999994,-0.0666000000000011,-0.48409999999999975,-1.0136000000000003,1.2929999999999975,0.6299999999999706,0.14399999999998414,1.3559999999999839,1.23899999999999,0.5550000000000388,-0.6719999999999793,-0.4589999999999428,-0.6209999999999916,0.11699999999999378,
0.23500000000000032,0.0823999999999998,-0.8002000000000002,0.8373999999999997,0.16279999999999983,-0.6593999999999998,0.7427000000000001,-0.0818999999999992,-0.5047999999999995,-1.0097000000000005,0.7949999999999857,0.384000000000011,0.22499999999998188,1.0020000000000095,0.5429999999999868,0.17399999999996751,-0.4349999999999987,-0.6630000000000535,-0.5280000000000484,0.11999999999998678,
0.26149999999999984,0.09520000000000017,-0.7927000000000008,0.8708,0.1808999999999994,-0.6536000000000008,0.7282000000000002,-0.10400000000000098,-0.5224000000000011,-1.005700000000001,0.3960000000000097,-0.0029999999999930083,0.06300000000003969,0.6510000000000016,0.5640000000000178,0.14399999999998414,-0.18000000000003347,-0.27300000000000324,-0.43799999999999173,0.05399999999998073,
0.27470000000000017,0.0951000000000004,-0.7905999999999995,0.1997,0.8925000000000001,-0.6488000000000014,0.7221999999999991,-0.11310000000000109,-1.0039000000000016,-0.5370000000000008,1.2959999999999905,0.8639999999999848,0.9749999999999925,1.3289999999999935,1.523999999999992,0.11400000000005406,-0.18299999999997318,-0.18299999999999983,0.14100000000004442,-0.13500000000000512,
0.31789999999999985,0.1238999999999999,-0.7580999999999998,0.24399999999999977,0.9432999999999998,-0.6449999999999996,0.7161,-0.11920000000000108,-0.9992000000000001,-0.541500000000001,0.057000000000000384,-0.384000000000011,-0.14100000000001778,0.07500000000001172,0.29099999999998793,0.014999999999965041,-0.33599999999998964,-0.47999999999994714,-0.05099999999998772,-0.4289999999999594,
0.11109999999999953,0.31979999999999986,-0.7628000000000004,0.24650000000000016,0.9529999999999994,0.7049000000000003,-0.6445000000000007,-0.13519999999999932,-1.0008999999999997,-0.5557999999999996,-0.2639999999999709,0.49800000000001177,-0.08699999999998376,0.8369999999999944,1.0620000000000296,0.0029999999999930083,0.6360000000000099,-0.2970000000000006,0.5039999999999978,0.0029999999999930083,
0.33640000000000025,0.1023000000000005,-0.7656999999999998,0.2744,0.9884000000000004,-0.6233000000000004,0.7050000000000001,-0.14509999999999934,-0.9840999999999998,-0.5556999999999999,0.44399999999997775,0.14699999999997715,0.1649999999999885,0.777000000000001,0.8699999999999708,0.6570000000000142,0.06300000000001305,0.0870000000000104,0.3479999999999883,0.389999999999997,
0.3511999999999995,0.10719999999999974,-0.7602000000000002,0.3003,1.0173999999999994,-0.6013999999999999,0.7071000000000005,-0.142199999999999,-0.9725000000000001,-0.5427,-0.03899999999998904,-0.32699999999998397,-0.2639999999999709,-0.023999999999997357,0.384000000000011,0.32699999999998397,-0.057000000000000384,-0.4230000000000267,0.09000000000000341,-0.15600000000000946,
0.3498999999999999,0.09630000000000027,-0.7689999999999992,0.2995000000000001,1.0301999999999998,-0.5905000000000005,0.7052000000000005,-0.15629999999999988,-0.9695,-0.5479000000000003,0.6539999999999946,0.21899999999996922,0.27299999999994995,0.6209999999999916,0.8159999999999901,0.14099999999999113,-0.5460000000000331,-0.5820000000000292,-0.23700000000003385,-0.3360000000000163,
0.3716999999999997,0.10359999999999925,-0.7599000000000009,0.3201999999999998,1.0573999999999995,-0.5858000000000008,0.6869999999999994,-0.17570000000000086,-0.9774000000000012,-0.5591000000000008,-0.020999999999977703,-0.06599999999997941,-0.18899999999998585,0.6720000000000059,0.5310000000000148,0.8970000000000411,0.40500000000001535,-0.047999999999994714,1.1190000000000566,0.5400000000000205,
0.37100000000000044,0.10139999999999993,-0.7662000000000004,0.3426,1.0751,-0.5558999999999994,0.7004999999999999,-0.17730000000000068,-0.9400999999999993,-0.5411000000000001,0.2849999999999753,-0.03900000000001569,-0.7289999999999797,0.6299999999999706,0.9959999999999702,0.6060000000000265,-0.5219999999999825,-0.6209999999999383,-0.4710000000000214,-0.09299999999999642,
0.3804999999999996,0.10009999999999941,-0.7904999999999998,0.36359999999999904,1.108299999999999,-0.5356999999999985,0.6831000000000005,-0.19799999999999862,-0.9558,-0.5442,0.6419999999999959,0.5250000000000021,0.710999999999995,0.5250000000000288,0.8490000000000197,0.03299999999992309,-0.7830000000000137,-0.8520000000000394,0.06600000000000605,-0.015000000000018332,
0.11759999999999948,0.4018999999999995,-0.7667999999999999,0.3811,-1.2093000000000007,0.657,-0.5346000000000011,-0.22639999999999993,-0.9535999999999998,0.34030000000000005,0.20400000000000418,0.27599999999999625,-0.18300000000005312,0.6089999999999662,-0.32099999999999795,-0.029999999999983373,0.37200000000003897,-0.03900000000001569,-0.15600000000000946,-0.0029999999999930083,
0.41109999999999935,0.12439999999999962,-0.7729000000000017,0.40139999999999887,-1.2200000000000006,-0.5221999999999998,0.6560000000000006,-0.22770000000000046,-0.9588000000000001,0.3402000000000003,0.3900000000000503,0.6990000000000229,0.45000000000007034,0.8010000000000517,-0.041999999999955406,-0.07799999999997809,-0.768000000000022,-0.4769999999999541,-0.20400000000000418,-0.743999999999998,
0.1477000000000004,0.42410000000000103,-0.7578999999999994,0.4281000000000006,-1.2213999999999992,0.6303999999999998,-0.524799999999999,-0.24359999999999893,-0.9656000000000002,0.31540000000000035,0.708000000000002,0.5819999999999759,0.5759999999999899,0.9989999999999899,0.5609999999999715,-0.6089999999999662,-0.23700000000003385,-0.32399999999999096,-0.0059999999999860165,-0.18899999999998585,
0.17130000000000045,0.4435000000000002,-0.7386999999999997,0.46140000000000025,-1.2027,0.610100000000001,-0.5327000000000002,-0.2543999999999986,-0.9657999999999998,0.3091000000000008,0.6359999999999566,0.8249999999999957,0.6299999999999706,1.4999999999999947,-0.1709999999999745,-0.5400000000000205,-0.06899999999999906,-0.2160000000000295,-0.2639999999999709,-0.37799999999999834,
0.192499999999999,0.4710000000000001,-0.7177000000000007,0.5114000000000001,-1.2083999999999993,0.5921000000000003,-0.5350000000000001,-0.2615999999999996,-0.9745999999999988,0.2965000000000009,0.5460000000000598,0.36899999999999267,0.3480000000000416,0.6299999999999972,0.029999999999983373,-0.43500000000002537,-0.22500000000000853,-0.2670000000000172,-0.1740000000000741,-0.09300000000004971,
0.210700000000001,0.48329999999999984,-0.7060999999999993,0.5324,-1.2073999999999998,0.5775999999999994,-0.5425000000000004,-0.2705000000000002,-0.9804000000000013,0.2933999999999992,0.6479999999999819,0.5220000000000091,0.3509999999999813,0.779999999999994,-0.0870000000000104,-0.2879999999999949,0.09899999999998244,0.22500000000000853,0.22200000000001552,0.02700000000001701,
0.2323000000000004,0.5007000000000001,-0.6943999999999999,0.5583999999999998,-1.2103000000000002,0.5679999999999996,-0.539200000000001,-0.2629999999999999,-0.9730000000000008,0.2942999999999998,0.18000000000000682,0.4349999999999987,0.3060000000000329,0.5520000000000191,-0.20099999999995788,-0.5729999999999702,-0.14399999999993085,-0.10799999999996146,-0.20099999999995788,-0.19799999999996487,
0.23830000000000062,-0.6841999999999988,0.5152000000000001,0.5768000000000004,-1.2169999999999987,0.5489000000000006,-0.2665999999999986,-0.5439999999999987,-0.9796999999999993,0.28770000000000095,0.5669999999999575,0.48299999999994014,0.6659999999999933,1.175999999999977,0.011999999999972033,-0.18000000000000682,0.2549999999999386,-0.13800000000005141,0.4619999999999891,-0.16500000000001513,
0.2571999999999992,-0.6681000000000008,0.5373999999999999,0.6159999999999997,-1.2165999999999997,0.5429000000000004,-0.25810000000000066,-0.5486000000000004,-0.9642999999999997,0.28220000000000045,0.14400000000003743,0.1740000000000741,0.11700000000004707,0.759000000000043,-0.7919999999999661,-1.0050000000000026,0.10800000000001475,-0.6929999999999836,-0.49800000000001177,-0.5489999999999995,
0.26200000000000045,-0.6622999999999983,0.5413000000000014,0.6413000000000011,-0.6232999999999986,0.5094000000000003,-0.25450000000000017,-0.5716999999999999,-0.9809000000000001,-1.0525000000000002,-0.015000000000018332,0.1619999999999422,0.023999999999944066,0.3839999999999577,0.4559999999999498,-0.5639999999999912,-0.2069999999999972,-0.9540000000000148,-0.18599999999999284,-0.3479999999999883,
0.26149999999999984,-0.6569000000000003,0.5420999999999996,0.6540999999999997,-0.6081000000000003,0.4906000000000006,-0.2614000000000001,-0.6035000000000004,-0.9870999999999999,-1.0640999999999998,0.33299999999997,0.5159999999999698,0.45000000000001705,0.5250000000000021,0.2999999999999936,-0.2099999999999902,0.1680000000000348,-0.09599999999998943,0.4260000000000197,0.45600000000000307,
0.27259999999999884,-0.6397000000000013,0.5571000000000002,0.6715999999999998,-0.5981000000000005,0.4836000000000009,-0.2557999999999989,-0.6067,-0.9728999999999992,-1.0488999999999997,0.27300000000005653,0.07800000000008467,-0.029999999999983373,0.6930000000000369,0.36300000000005994,-0.5100000000000371,0.335999999999963,-0.5220000000000091,-0.6690000000000396,-0.44400000000003104,
0.2817000000000007,-0.6370999999999984,0.5561000000000007,0.694700000000001,-0.5859999999999985,0.4665999999999997,-0.24460000000000015,-0.6241000000000003,-0.9952000000000005,-1.0637000000000008,-0.03600000000002268,-0.0840000000000174,0.11400000000000077,0.15900000000000247,0.3059999999999796,-0.4199999999999804,-0.09599999999998943,-0.05999999999996675,-0.09299999999999642,0.19800000000001816,
0.28049999999999997,-0.639899999999999,0.5599000000000007,-0.5757999999999992,0.7000000000000011,0.45260000000000034,-0.2477999999999998,-0.6260999999999992,-1.0571000000000002,-0.9983000000000004,0.3390000000000093,0.1289999999999658,0.1289999999999658,0.3059999999999796,0.6089999999999662,-1.529999999999978,-0.6059999999999732,-1.3049999999999962,-1.109999999999971,-1.1339999999999684,
0.2918000000000003,-0.6356000000000002,0.5641999999999996,-0.5655999999999999,0.7202999999999999,0.40160000000000107,-0.2679999999999989,-0.6695999999999991,-1.0940999999999992,-1.0360999999999994,0.49800000000001177,0.8100000000000307,0.5760000000000431,0.9810000000000052,0.8850000000000158,-0.6180000000000518,-0.36900000000004596,-0.21000000000004349,-0.2940000000000609,-0.3360000000000163,
0.3084000000000007,-0.6085999999999991,0.583400000000001,-0.5328999999999997,-1.2492,0.38099999999999934,-0.28030000000000044,-0.6766000000000005,-1.1039000000000012,0.21719999999999917,0.5159999999999698,0.23999999999997357,0.40199999999996905,0.3059999999999796,0.06600000000000605,-0.9239999999999782,-0.5219999999999558,-0.26999999999995694,-0.34799999999993503,-0.335999999999963,
0.32559999999999967,-0.6006,0.5968,-0.5227000000000004,-1.2469999999999999,0.35020000000000007,-0.29769999999999897,-0.6855999999999991,-1.115499999999999,0.2060000000000004,0.7890000000000263,0.2640000000000242,0.5039999999999978,0.762000000000036,0.15600000000000946,-0.3720000000000123,-0.5790000000000362,-0.2610000000000312,-0.10200000000002873,0.05099999999998772,
0.35190000000000055,-0.5917999999999992,0.6135999999999999,-0.4972999999999992,-1.2417999999999996,0.33779999999999966,-0.31700000000000017,-0.6943000000000001,-1.1189,0.2077,0.2939999999999543,-0.03900000000006898,0.6089999999999662,0.2489999999999526,0.09299999999994313,-0.7949999999999857,-0.27899999999998926,-0.23699999999998056,-0.5549999999999855,-0.4529999999999834,
0.361699999999999,-0.5931000000000015,0.6338999999999988,-0.48900000000000077,-1.2387000000000015,0.31130000000000013,-0.3262999999999998,-0.7021999999999995,-1.1373999999999995,0.19260000000000055,1.0620000000000296,0.5880000000000152,0.8070000000000377,0.2549999999999919,-0.2969999999999473,-1.2749999999999861,-0.8400000000000141,-0.5430000000000135,-0.8039999999999914,-0.0840000000000174,
0.3971,-0.573500000000001,0.6608,-0.48050000000000104,-1.2485999999999997,0.2688000000000006,-0.3543000000000003,-0.7202999999999999,-1.1641999999999992,0.18979999999999997,0.8309999999999818,0.39900000000002933,0.8939999999999948,0.768000000000022,0.31199999999996564,-0.4830000000000201,-0.3779999999999717,-0.1649999999999885,-0.045000000000001705,-0.07800000000000473,
0.4247999999999994,-0.5602,0.6905999999999999,-0.4549000000000003,-1.2382000000000009,0.2526999999999999,-0.36689999999999934,-0.7257999999999996,-1.1656999999999993,0.1871999999999998,0.1679999999999815,0.24900000000000588,0.39899999999997604,-0.36300000000000665,0.20100000000001117,-0.6659999999999933,-0.29400000000003423,-0.22500000000003517,-0.6450000000000156,-0.5069999999999908,
0.4303999999999988,-0.5518999999999998,0.7038999999999991,-1.2315000000000005,-0.4670000000000005,0.23050000000000015,-0.3767000000000005,-0.7333000000000007,0.17030000000000012,-1.1871999999999998,0.18900000000003914,0.05699999999997374,0.49500000000001876,-0.20100000000001117,0.36599999999999966,-0.20700000000002383,-0.30600000000000627,0.14100000000001778,0.2129999999999832,0.07499999999995843,
0.4367000000000001,-0.5500000000000007,0.7203999999999997,-1.2382000000000009,-0.45480000000000054,0.22359999999999935,-0.3869000000000007,-0.7286000000000001,0.17739999999999956,-1.1847000000000012,0.09599999999998943,0.33000000000003027,0.27599999999999625,-0.4769999999999541,0.36599999999999966,0.05100000000001437,-0.053999999999954085,0.30300000000001326,-0.13499999999997847,-0.36299999999998,
0.43989999999999974,-0.5389999999999997,0.7295999999999996,-1.2540999999999993,-0.44260000000000055,0.22529999999999983,-0.38869999999999916,-0.7184999999999997,0.17290000000000028,-1.1968000000000005,0.9360000000000035,0.18299999999999983,0.6480000000000352,0.3059999999999796,0.6810000000000116,0.06300000000001305,-0.20400000000000418,0.4679999999999751,-0.33299999999999663,0.37200000000003897,
0.47109999999999985,-0.5328999999999997,0.7512000000000008,-1.2439,-0.41990000000000016,0.22740000000000027,-0.3954999999999993,-0.7029000000000005,0.1618000000000004,-1.1843999999999992,0.831000000000035,0.6899999999999906,0.710999999999995,0.3060000000000329,0.8520000000000394,0.05999999999999339,0.6269999999999509,0.4529999999999834,0.13199999999998546,0.20699999999997054,
0.498800000000001,-0.5099,0.7749000000000006,-0.39149999999999885,-1.233699999999999,0.22940000000000005,-0.37460000000000093,-0.6878000000000011,-1.1775000000000002,0.1661999999999999,-0.2160000000000295,-0.03599999999996939,-0.24600000000001288,0.11999999999998678,-0.5580000000000318,0.10200000000000209,-0.3449999999999953,1.080000000000041,0.6090000000000195,0.42000000000000703,
0.49160000000000004,-0.511099999999999,0.7667000000000002,-0.3874999999999993,-1.2523,0.23280000000000012,-0.3861000000000008,-0.6517999999999997,-1.1571999999999996,0.18020000000000014,0.4739999999999611,0.36299999999995336,0.28199999999998226,0.6119999999999592,0.18299999999999983,-0.27599999999999625,-0.38399999999998435,0.21300000000000985,0.11699999999996713,-0.48299999999999343,
0.5073999999999987,-0.49900000000000055,0.7760999999999996,-0.36710000000000065,-1.2462,0.22360000000000024,-0.39890000000000025,-0.6446999999999994,-1.1533000000000007,0.16410000000000036,0.07800000000003138,-0.14699999999997715,0.22800000000005483,0.41400000000004766,-0.40499999999996206,0.04199999999998205,0.24599999999998623,0.686999999999971,0.6779999999999919,0.5459999999999798,
0.5099999999999998,-0.5038999999999998,0.7837000000000014,-0.35329999999999906,-1.2596999999999987,0.22499999999999964,-0.3907000000000007,-0.6218000000000004,-1.130700000000001,0.18229999999999968,0.6330000000000169,0.2190000000000225,0.5189999999999628,0.7949999999999591,0.06599999999995276,-0.354000000000001,0.23099999999999454,0.5430000000000135,1.1100000000000243,0.29099999999998793,
0.5311000000000003,-0.49659999999999904,0.8010000000000002,-0.3268000000000004,-1.2575000000000003,0.2131999999999996,-0.3830000000000009,-0.6036999999999999,-1.0937000000000001,0.19199999999999928,0.3719999999999857,0.08999999999995012,0.07199999999999207,0.4199999999999804,-0.1740000000000208,0.3240000000000176,0.6990000000000229,0.7890000000000263,1.2119999999999997,0.5400000000000205,
0.5434999999999999,-0.4936000000000007,0.8033999999999999,-0.3128000000000011,-1.263300000000001,0.2240000000000002,-0.35970000000000013,-0.577399999999999,-1.0533000000000001,0.20999999999999996,0.33000000000003027,0.0840000000000174,0.27899999999998926,0.36300000000005994,0.027000000000043656,-0.33599999999998964,-0.1859999999999662,-0.13200000000003875,0.37799999999999834,-0.03899999999998904,
0.5545000000000009,-0.4908000000000001,0.8126999999999995,-0.3006999999999991,-1.2623999999999995,0.21280000000000054,-0.365899999999999,-0.5818000000000003,-1.0407000000000002,0.20870000000000033,0.3749999999999787,0.27599999999999625,0.22500000000000853,0.5099999999999838,-0.5910000000000082,-0.1290000000000191,0.4559999999999498,0.09899999999998244,0.5999999999999872,0.13199999999998546,
-0.48160000000000025,0.5670000000000002,0.8201999999999998,-0.2836999999999996,-1.2820999999999998,-0.3507000000000007,0.2084999999999999,-0.5785000000000009,-1.0207000000000006,0.21309999999999985,0.14399999999998414,0.07499999999998508,0.05999999999996675,-0.06300000000001305,-0.23100000000004783,-0.005999999999959371,-0.13500000000000512,0.02700000000001701,0.7830000000000137,0.023999999999997357,
-0.4768000000000008,0.5694999999999997,0.8221999999999987,-0.28580000000000005,-0.27360000000000007,-0.3508999999999993,0.20399999999999974,-0.5776000000000003,-0.9946000000000002,1.2710999999999997,0.4260000000000197,0.9299999999999642,0.22200000000001552,0.6630000000000003,0.8039999999999914,0.9689999999999532,-0.09299999999999642,-0.002999999999966363,1.2989999999999835,-0.09299999999999642,
-0.4626000000000001,0.6004999999999985,-0.26370000000000005,0.8295999999999992,-0.24680000000000035,-0.3186000000000009,0.20089999999999986,-0.9513000000000007,-0.5776999999999992,1.2679999999999998,0.2940000000000076,0.21000000000004349,0.18899999999998585,5.3290705182007514E-14,0.40800000000000836,0.5610000000000248,-0.029999999999983373,0.7980000000000587,0.02100000000000435,-0.5999999999999872,
-0.45279999999999987,0.6074999999999999,-0.2574000000000005,0.829600000000001,-0.23320000000000007,-0.29990000000000006,0.1999000000000004,-0.9246999999999987,-0.5769999999999991,1.2480000000000002,0.23399999999998755,0.45000000000001705,0.4770000000000074,0.27299999999994995,0.3509999999999813,0.8670000000000044,0.12299999999997979,0.8039999999999381,0.5849999999999689,0.03899999999998904,
-0.4450000000000003,0.6225000000000005,-0.24150000000000027,0.8386999999999993,-0.2215000000000007,-0.2709999999999999,0.20399999999999974,-0.8979000000000008,-0.5575000000000001,1.2492999999999999,0.378000000000025,0.18299999999999983,0.4199999999999804,0.23099999999999454,0.2130000000000365,0.41100000000000136,-0.11400000000000077,-0.020999999999951058,-0.0809999999999711,-0.5219999999999825,
-0.43239999999999945,0.6286000000000005,-0.22750000000000092,0.8463999999999992,-0.21439999999999948,-0.25729999999999986,0.2001999999999997,-0.8985999999999992,-0.5601999999999991,1.2319000000000004,0.19500000000002515,0.19800000000001816,0.20100000000006446,0.1710000000000278,-0.24900000000000588,0.6390000000000029,-0.045000000000001705,0.2879999999999683,0.14999999999997016,-0.6720000000000326,
-0.4258999999999986,0.6352000000000011,-0.22079999999999878,0.8521000000000001,-0.22269999999999968,-0.23599999999999977,0.19869999999999965,-0.8890000000000002,-0.5552000000000001,1.2094999999999994,0.18299999999994654,-0.10500000000007503,-0.1770000000000671,-0.27000000000001023,0.14399999999998414,1.1219999999999697,-0.8550000000000058,0.03300000000000303,-0.1499999999999968,-1.1760000000000037,
-0.4198000000000004,0.6316999999999986,-0.226700000000001,0.8430999999999997,-0.2179000000000002,-0.19860000000000078,0.17019999999999946,-0.8879000000000001,-0.5602,1.1702999999999992,0.18600000000004613,0.3060000000000329,-0.10199999999997544,-0.1709999999999745,-0.18599999999999284,0.20100000000001117,-0.48299999999999343,0.045000000000001705,-0.24600000000001288,-0.75599999999997,
-0.41359999999999886,0.6418999999999997,-0.2301000000000002,0.8374000000000006,-0.22409999999999997,-0.1919000000000004,0.15409999999999968,-0.8864000000000001,-0.5684000000000005,1.1451000000000002,-0.2580000000000382,-0.39299999999999,-0.15000000000002345,-0.24900000000000588,-0.09299999999999642,0.6720000000000059,-0.17699999999998717,0.09599999999998943,-0.09899999999998244,-0.46800000000000175,
-0.42220000000000013,0.6288,-0.23510000000000097,0.8291000000000004,-0.22719999999999985,-0.1695000000000002,0.1482000000000001,-0.8832000000000004,-0.5716999999999999,1.1295000000000002,0.2130000000000365,0.14099999999999113,0.05100000000004101,-0.13500000000000512,0.06000000000002004,0.417000000000014,-0.45600000000000307,0.09600000000001607,-0.30600000000000627,-0.41100000000000136,
-0.4150999999999989,0.6334999999999997,-0.2333999999999996,0.8246000000000002,-0.22519999999999918,-0.15559999999999974,0.133,-0.8799999999999999,-0.5819000000000001,1.1158000000000001,0.01799999999995805,0.18899999999998585,-0.23400000000004084,0.023999999999944066,-0.13800000000005141,0.5099999999999838,-0.5910000000000082,0.2549999999999919,-0.0840000000000174,-0.5100000000000104,
-0.4145000000000003,0.6397999999999993,-0.24120000000000097,0.8253999999999984,-0.2298000000000009,-0.13860000000000028,0.11329999999999973,-0.8715000000000002,-0.5847000000000007,1.0987999999999998,-0.5279999999999951,-0.5190000000000161,-0.7709999999999617,-0.22199999999996223,-0.44399999999997775,0.7349999999999923,-0.8849999999999891,-0.20400000000000418,-0.1259999999999728,-1.2630000000000141,
-0.43210000000000015,0.6224999999999987,-0.2668999999999997,0.8179999999999996,-0.24460000000000015,-0.11410000000000053,0.0838000000000001,-0.8783000000000003,-0.5888999999999998,1.0566999999999993,0.0840000000000174,-0.0029999999999397176,0.13500000000000512,0.07800000000003138,-0.13500000000000512,0.12300000000000644,-0.5310000000000148,-0.02700000000001701,-0.13500000000003176,-0.07499999999998508,
-0.42929999999999957,0.6224000000000007,-0.2623999999999995,0.8206000000000007,-0.24910000000000032,-0.11000000000000032,0.0660999999999996,-0.8792000000000009,-0.5934000000000008,1.0541999999999998,-0.41100000000005465,-0.35700000000002063,-0.9750000000000192,0.04799999999994142,0.32399999999999096,0.09600000000001607,-0.5759999999999899,0.0660000000000327,-0.1499999999999435,-0.8369999999999944,
-0.4430000000000014,0.6105,-0.29490000000000016,0.8221999999999987,-0.23830000000000062,-0.10679999999999978,0.04689999999999994,-0.8769999999999998,-0.5983999999999989,1.0263,0.045000000000054996,0.15000000000002345,0.01800000000001134,0.2550000000000452,0.3330000000000233,0.48899999999997945,0.05999999999999339,0.4529999999999834,0.3929999999999634,-0.045000000000001705,
-0.44149999999999956,0.6155000000000008,-0.2942999999999998,0.8307000000000002,-0.22719999999999985,-0.09050000000000047,0.04889999999999972,-0.8619000000000003,-0.5853000000000002,1.0248,-0.31200000000001893,-0.27600000000004954,0.16199999999999548,-0.1290000000000191,-0.14700000000003044,-0.047999999999994714,-0.8069999999999844,-0.4979999999999851,-0.6149999999999789,-0.9570000000000078,
-0.4519000000000002,0.6062999999999992,-0.28889999999999993,-0.23210000000000086,0.8263999999999996,-0.09210000000000029,0.02200000000000024,-0.8784999999999998,0.9928999999999997,-0.6057999999999995,-0.768000000000022,-0.13799999999999812,-0.828000000000042,-1.0109999999999886,-0.029999999999983373,0.23399999999998755,-0.39000000000002366,0.6690000000000129,-0.4169999999999874,0.7229999999999936,
-0.4775000000000009,0.6016999999999992,-0.31650000000000134,0.8254000000000001,-0.2658000000000005,-0.08430000000000071,0.008999999999999453,-0.8561999999999994,-0.5816999999999997,0.9790000000000001,-0.1679999999999815,0.18299999999999983,0.22800000000005483,0.15900000000000247,-0.21899999999996922,-0.020999999999977703,-0.4139999999999944,-0.12300000000003308,0.07199999999999207,-0.6690000000000129,
-0.4831000000000003,0.6077999999999992,-0.3088999999999995,-0.27309999999999945,0.8307000000000002,-0.08499999999999996,-0.0048000000000003595,-0.8603000000000005,0.9566999999999997,-0.5792999999999999,-0.40199999999996905,-0.6359999999999566,-0.4680000000000284,-0.44100000000003803,-0.5880000000000152,0.21300000000000985,-0.28199999999998226,0.2940000000000076,-0.5759999999999899,0.2549999999999919,
-0.4964999999999993,0.5866000000000007,-0.32450000000000045,-0.2878000000000007,0.8110999999999997,-0.07789999999999964,-0.014199999999999768,-0.8505000000000003,0.9375,-0.5708000000000002,-0.4680000000000284,-0.3029999999999866,-0.26699999999996393,-0.35399999999997434,-0.15900000000000247,-0.1740000000000208,-0.06900000000002571,0.5009999999999781,-0.02100000000000435,0.20099999999998452,
-0.5121000000000002,0.5765000000000011,-0.33339999999999925,-0.29959999999999987,0.8057999999999996,-0.08370000000000033,-0.016500000000000625,-0.833800000000001,0.9367999999999999,-0.5641000000000007,-0.32099999999999795,0.13199999999995882,0.18899999999998585,-0.33000000000003027,-0.06000000000002004,0.1770000000000138,0.01800000000001134,0.435000000000052,-0.1499999999999968,0.1320000000000121,
-0.5228000000000002,0.5808999999999997,-0.3270999999999997,0.803799999999999,-0.3106000000000009,-0.07779999999999987,-0.015900000000000247,-0.8192999999999993,-0.5597000000000003,0.9318,-1.2479999999999691,-0.7439999999999714,-0.5670000000000108,-1.0829999999999274,-0.8459999999999468,0.11100000000000776,0.13799999999999812,0.8340000000000014,0.1920000000000055,-0.6059999999999999,
0.5561000000000007,-0.5643999999999991,-0.3460000000000001,0.7677000000000014,-0.3387999999999991,-0.01130000000000031,-0.07409999999999961,-0.7914999999999992,-0.5533000000000001,0.9116,0.39599999999998303,-0.36300000000000665,0.2999999999999936,0.22199999999996223,-0.07200000000004536,-0.47099999999999476,-0.3360000000000163,0.335999999999963,0.24600000000001288,-0.7349999999999923,
0.5693000000000001,-0.5764999999999993,-0.3360000000000003,0.7751000000000001,-0.3412000000000006,-0.027000000000000135,-0.08530000000000015,-0.7803000000000004,-0.5450999999999997,0.8871000000000002,0.06600000000000605,-0.5579999999999785,0.01800000000001134,-0.4770000000000074,-0.26699999999996393,-0.2999999999999936,0.18000000000000682,0.17100000000000115,0.1079999999999881,-0.7860000000000067,
0.5715000000000003,-0.5950999999999986,-0.3353999999999999,-0.3500999999999994,0.7591999999999999,-0.03699999999999992,-0.07929999999999993,-0.7746000000000004,0.8609,-0.5415000000000001,-0.15000000000002345,-0.429000000000066,0.16199999999999548,-0.27600000000004954,-0.39900000000002933,0.3779999999999717,0.14099999999999113,1.1279999999999824,0.44399999999997775,0.6390000000000029,
0.5664999999999996,-0.6094000000000008,-0.33000000000000007,0.7458999999999989,-0.35930000000000106,-0.024400000000000865,-0.07460000000000022,-0.737000000000001,-0.5202,0.8756999999999993,-0.19199999999997885,-0.32399999999993767,-0.40199999999996905,-0.5939999999999479,-0.5069999999999375,-0.11999999999998678,0.21300000000000985,0.40500000000001535,0.1770000000000138,-0.713999999999988,
0.5601000000000003,-0.6201999999999988,-0.34339999999999904,0.7261000000000006,-0.376199999999999,-0.028400000000000425,-0.0674999999999999,-0.7235000000000005,-0.5142999999999995,0.8518999999999997,-0.5189999999999628,-1.5809999999999924,0.05699999999997374,-0.4139999999999944,-0.831000000000035,-0.37500000000000533,0.09899999999998244,1.1190000000000033,0.4679999999999751,-1.128000000000009,
0.5428000000000015,-0.6728999999999985,-0.3414999999999999,0.7123000000000008,-0.40390000000000015,-0.0409000000000006,-0.06420000000000048,-0.6862000000000004,-0.49870000000000037,0.8142999999999994,0.15299999999996317,-0.2970000000000539,0.14699999999997715,-0.12000000000004007,-0.27599999999999625,-0.3209999999999713,0.4320000000000057,0.7530000000000303,0.0660000000000327,-0.6119999999999859,
0.5479000000000003,-0.6828000000000003,-0.3366000000000007,0.7082999999999995,-0.4131,-0.051599999999999646,-0.04980000000000029,-0.6610999999999994,-0.4964999999999993,0.7938999999999998,0.2159999999999762,-0.35399999999997434,0.32700000000003726,-0.3029999999999866,-0.1320000000000121,0.05999999999999339,0.6270000000000042,1.2419999999999565,0.3989999999999494,-0.1649999999999885,
0.5550999999999995,-0.6945999999999994,-0.32569999999999943,0.6981999999999999,-0.4175000000000004,-0.049599999999999866,-0.028900000000000148,-0.6197000000000008,-0.48320000000000096,0.7884000000000002,0.027000000000043656,-0.5880000000000152,-0.13799999999999812,-0.5789999999999829,-0.2519999999999456,-0.381000000000018,-0.07500000000001172,0.48000000000002707,-0.42599999999999305,-0.7290000000000063,
0.5560000000000009,-0.33029999999999937,-0.7142,0.6789000000000005,-0.4258999999999986,-0.062300000000000466,-0.6036999999999999,-0.03140000000000054,-0.49740000000000073,0.7641,0.15299999999996317,0.4139999999999411,-0.4290000000000127,-0.03600000000002268,-0.36300000000005994,-0.27599999999999625,0.48899999999997945,0.8130000000000237,0.3390000000000093,-0.8279999999999887,
0.5610999999999997,-0.31650000000000134,-0.7285000000000004,0.6776999999999997,-0.4380000000000006,-0.07150000000000034,-0.5874000000000006,-0.0042999999999997485,-0.4861000000000004,0.7365000000000004,-0.26699999999996393,-0.335999999999963,-1.0889999999999667,-0.6269999999999776,-0.7649999999999757,0.1320000000000121,1.827000000000032,0.8429999999999804,0.02700000000001701,-0.9540000000000148,
0.5522000000000009,-0.3277000000000001,-0.7647999999999993,0.6568000000000005,-0.4634999999999998,-0.06709999999999994,-0.5264999999999995,0.0237999999999996,-0.48519999999999985,0.7046999999999999,0.2129999999999832,0.0420000000000087,-0.09599999999998943,-0.43799999999999173,0.045000000000001705,-0.11400000000000077,0.5220000000000091,0.6060000000000265,-0.22800000000000153,-0.44099999999998474,
0.5593000000000004,-0.3262999999999998,-0.7679999999999989,0.6422000000000008,-0.46199999999999974,-0.07089999999999996,-0.5090999999999992,0.04400000000000048,-0.4927999999999999,0.6900000000000004,-0.32699999999998397,0.07800000000003138,-0.5340000000000344,0.03599999999996939,-0.49199999999997246,-0.21899999999999586,0.5010000000000048,0.3029999999999866,0.2099999999999902,-0.32399999999999096,
0.5484000000000009,-0.32369999999999877,-0.7858,0.6433999999999997,-0.4783999999999988,-0.07819999999999983,-0.49239999999999906,0.05410000000000004,-0.48580000000000023,0.6792000000000007,0.4739999999999611,-0.1320000000000654,0.05699999999997374,-0.5339999999999812,0.2159999999999762,-0.07800000000000473,0.5399999999999938,0.21899999999999586,-0.4529999999999834,-0.20700000000002383,
0.5641999999999996,-0.32810000000000095,-0.7839000000000009,0.6256000000000004,-0.4711999999999996,-0.08079999999999998,-0.47439999999999927,0.0613999999999999,-0.5008999999999997,0.6722999999999999,0.19800000000001816,0.44400000000003104,-0.5789999999999829,0.2999999999999936,-0.31500000000001194,-0.705000000000009,0.27299999999994995,0.5820000000000025,0.14399999999998414,-0.8430000000000071,
-0.3132999999999999,0.5708000000000002,-0.4817,0.6356000000000002,-0.8032000000000004,-0.46530000000000094,-0.10430000000000028,0.6441999999999997,-0.4961000000000002,0.08079999999999998,-0.9030000000000271,-0.3090000000000259,-0.3540000000000276,-1.3650000000000162,-1.4310000000000223,0.43200000000003236,-0.27899999999998926,-1.1309999999999754,-1.5149999999999597,0.49800000000001177,
-0.3434000000000008,0.5604999999999993,-0.49350000000000094,0.5900999999999996,-0.8509000000000011,-0.45089999999999986,-0.11359999999999992,0.6065000000000005,-0.5465999999999989,0.09740000000000038,0.03600000000002268,0.3030000000000399,0.18900000000003914,-0.4259999999999664,-0.014999999999965041,0.2340000000000142,-0.5940000000000012,-0.777000000000001,-0.831000000000035,-0.2820000000000089,
-0.34220000000000006,0.5706000000000007,-0.48719999999999963,0.5759000000000007,-0.8513999999999999,-0.4430999999999994,-0.13339999999999996,0.5806000000000004,-0.5743,0.08800000000000008,-0.41100000000000136,0.0809999999999711,-0.23400000000004084,0.40199999999996905,-0.45600000000000307,0.2669999999999906,-0.42899999999998606,-0.49800000000001177,0.05700000000002703,0.015000000000018332,
-0.3559000000000001,0.5732999999999997,-0.495000000000001,0.5892999999999997,-0.8666,-0.4341999999999997,-0.1476999999999995,0.5640000000000001,-0.5723999999999991,0.08850000000000069,0.06899999999999906,0.2549999999999919,0.8100000000000307,0.14400000000003743,-0.32699999999998397,0.1079999999999881,-0.11400000000002741,-0.8550000000000058,-0.6330000000000169,0.09899999999998244,
-0.35360000000000014,0.5817999999999994,-0.46799999999999997,0.594100000000001,-0.8774999999999995,-0.4306000000000001,-0.1515000000000004,0.5354999999999999,-0.5934999999999997,0.0918000000000001,0.14399999999998414,0.18899999999998585,0.36299999999995336,0.2129999999999299,0.05099999999998772,-0.12299999999997979,-0.43199999999997907,-0.3029999999999866,-0.24599999999998623,-0.2699999999999836,
-0.34880000000000067,0.588099999999999,-0.4559000000000015,0.6011999999999986,-0.8757999999999999,-0.4346999999999994,-0.16589999999999971,0.5254000000000003,-0.6016999999999992,0.08280000000000065,-0.5010000000000048,0.1710000000000278,0.24600000000001288,-0.713999999999988,-1.467000000000045,0.329999999999977,-0.5430000000000135,-1.2599999999999945,-1.4669999999999916,-0.7260000000000133,
-0.3655000000000008,0.5937999999999999,-0.4477000000000011,0.577399999999999,-0.9247000000000014,-0.4237000000000002,-0.18400000000000016,0.4834000000000005,-0.650599999999999,0.05860000000000021,0.03600000000002268,0.40500000000001535,0.13800000000005141,0.03600000000002268,-0.5129999999999768,-0.46800000000000175,-0.9149999999999991,-0.5280000000000218,-0.6360000000000365,-0.9870000000000179,
-0.36430000000000007,-0.4430999999999994,0.6073000000000004,0.5785999999999998,-0.0032999999999994145,-0.43930000000000025,0.46579999999999977,-0.21450000000000014,-0.6718000000000002,0.8874999999999993,-0.07199999999999207,0.329999999999977,0.3540000000000276,0.5280000000000484,0.3059999999999796,0.5220000000000091,-0.011999999999998678,0.11699999999999378,0.03299999999997638,-1.0529999999999973,
-0.3666999999999998,-0.43210000000000015,0.6191000000000013,0.006899999999999906,0.5962000000000014,-0.42189999999999994,0.4653999999999998,-0.21060000000000034,0.8523999999999994,-0.670700000000001,0.6840000000000046,0.48900000000003274,0.4739999999999611,0.2099999999999902,0.2639999999999709,-0.14400000000001079,-0.4499999999999904,0.1920000000000055,-0.719999999999974,0.030000000000036664,
-0.34389999999999965,-0.41579999999999906,0.6349,0.01389999999999958,0.6050000000000004,-0.4267000000000003,0.45040000000000013,-0.20420000000000016,0.8284000000000002,-0.6696999999999997,-0.19499999999997186,0.14099999999999113,0.2549999999999919,0.31800000000000495,0.48299999999999343,0.20400000000000418,-0.24600000000001288,-0.1049999999999951,-1.2420000000000098,0.10499999999996845,
-0.3503999999999987,-0.41109999999999935,0.6433999999999997,0.024499999999999744,0.6211000000000002,-0.41990000000000016,0.4421999999999997,-0.2077,0.7869999999999999,-0.6662000000000008,0.0389999999999624,0.2999999999999403,0.6360000000000099,-0.15900000000000247,0.8069999999999844,0.1499999999999968,-0.48299999999999343,0.13799999999999812,-1.5090000000000003,0.5310000000000414,
-0.34909999999999997,-0.40110000000000134,0.6646000000000001,0.019199999999999662,0.6479999999999997,-0.41490000000000027,0.4260999999999999,-0.20310000000000006,0.7366999999999999,-0.6484999999999994,0.18299999999999983,0.6870000000000509,0.4349999999999987,0.24300000000001987,0.4169999999999874,0.06000000000002004,-0.17699999999998717,0.26100000000000456,-0.23099999999999454,0.09000000000000341,
-0.34299999999999997,-0.37819999999999965,0.6791,0.027300000000000324,0.6618999999999993,-0.4128999999999996,0.42020000000000035,-0.1943999999999999,0.7290000000000001,-0.6454999999999993,0.4680000000000284,-0.15600000000000946,0.36000000000001364,0.06899999999999906,0.3540000000000276,-0.14700000000003044,-0.4200000000000337,-0.1740000000000208,-0.6090000000000195,0.25799999999995826,
-0.327399999999999,-0.38339999999999996,0.029600000000000293,0.6911000000000005,0.6737000000000002,-0.4178000000000006,0.40619999999999923,0.7086999999999994,-0.2002000000000006,-0.6369000000000007,0.023999999999944066,0.335999999999963,0.31199999999996564,0.656999999999961,0.36599999999999966,-0.09899999999998244,-0.44399999999997775,-0.686999999999971,-0.20999999999996355,-0.35999999999996035,
-0.3266000000000009,-0.3722000000000012,0.03999999999999915,0.7129999999999992,-0.6950000000000003,-0.42110000000000003,0.39139999999999997,0.6858000000000004,-0.20719999999999938,0.6193,0.04200000000006199,0.2130000000000365,0.024000000000050647,0.15600000000006276,-0.5909999999999549,-0.09000000000000341,-0.40500000000001535,-0.39300000000001667,-0.06300000000003969,-0.30300000000001326,
-0.3651,-0.3251999999999988,0.040800000000000836,0.7182000000000013,-0.7146999999999988,0.37789999999999946,-0.42410000000000014,0.6726999999999999,-0.2093000000000007,0.6091999999999995,-0.24900000000000588,0.27899999999998926,-0.06000000000002004,0.6630000000000003,-0.37200000000003897,-0.8759999999999835,0.3390000000000093,-0.5489999999999995,-0.0809999999999711,-0.5579999999999785,
-0.3734000000000002,-0.3158999999999992,0.03880000000000017,0.7403000000000013,-0.7271000000000001,0.3487,-0.41279999999999983,0.6543999999999999,-0.21199999999999974,0.5906000000000002,-0.03900000000001569,-0.10200000000002873,-0.20100000000001117,-0.08100000000002439,-0.9510000000000218,-0.4949999999999921,-0.07800000000000473,-0.2549999999999919,-0.12599999999999945,-0.3300000000000036,
-0.3747000000000007,-0.31930000000000014,0.032099999999999795,0.7376000000000005,-0.7588000000000008,0.3322000000000003,-0.4154,0.6459000000000001,-0.21619999999999973,0.5796000000000001,-0.11100000000000776,0.06899999999999906,-0.0870000000000104,0.4769999999999541,-0.3479999999999883,0.11699999999999378,0.6630000000000003,0.41100000000000136,0.5910000000000082,0.054000000000007375,
-0.31700000000000017,-0.37840000000000096,0.02919999999999945,0.753499999999999,0.7154999999999987,-0.3933,0.33610000000000007,0.6596000000000002,-0.19649999999999945,-0.6395,-0.24300000000001987,-0.3719999999999857,-0.4229999999999734,-0.3449999999999953,-0.28199999999998226,0.3330000000000233,-0.12299999999997979,-0.08399999999999075,0.0059999999999860165,-0.0029999999999930083,
-0.32510000000000083,-0.3908000000000005,0.015100000000000335,0.7419999999999991,0.7060999999999993,-0.3821999999999992,0.33200000000000074,0.6568000000000005,-0.19629999999999992,-0.6395999999999997,0.33000000000003027,-0.12299999999997979,0.09599999999998943,0.23400000000004084,0.5430000000000135,0.44399999999997775,0.07499999999995843,0.42899999999998606,0.4769999999999808,0.4949999999999921,
-0.3140999999999998,-0.3948999999999998,0.018299999999999983,0.7498000000000005,0.7241999999999997,-0.36739999999999995,0.33449999999999935,0.6711,-0.18040000000000056,-0.6231,0.11400000000000077,-0.2999999999999936,-0.31200000000001893,0.2609999999999779,0.6510000000000282,1.131000000000002,0.2760000000000229,0.5310000000000148,1.0350000000000392,0.7889999999999997,
-0.3102999999999998,-0.4048999999999996,0.007899999999999352,0.7584999999999997,0.7459000000000007,-0.3296999999999999,0.3437000000000001,0.6888000000000005,-0.14589999999999925,-0.5968,0.05700000000002703,-0.4139999999999944,-0.4169999999999874,-0.2909999999999613,-0.0059999999999860165,0.5039999999999978,-0.8999999999999808,0.035999999999996035,0.4769999999999808,-0.4949999999999921,
-0.3083999999999989,-0.4186999999999994,-0.006000000000000227,0.748800000000001,0.7457000000000011,-0.31289999999999996,0.31370000000000076,0.6900000000000004,-0.1299999999999999,-0.6132999999999997,0.26699999999996393,0.11999999999998678,0.4740000000000144,0.23099999999994125,0.2849999999999753,0.6720000000000059,0.13499999999997847,-0.06000000000002004,0.6089999999999929,0.4800000000000004,
-0.2995000000000001,-0.41469999999999985,0.009800000000000253,0.7564999999999991,0.7552000000000003,-0.29049999999999976,0.31820000000000004,0.6879999999999997,-0.10970000000000013,-0.5972999999999997,0.12299999999997979,-0.1260000000000261,-0.2670000000000172,0.5820000000000292,0.2519999999999989,0.6479999999999819,-0.2340000000000142,-0.23099999999999454,0.2850000000000019,-0.09000000000000341,
-0.2954000000000008,-0.4189000000000007,8.999999999996788E-4,0.7759,0.7636000000000003,-0.26890000000000036,0.31039999999999957,0.6802999999999999,-0.10020000000000007,-0.6002999999999998,0.15000000000002345,-0.2999999999999936,0.0029999999999930083,0.2159999999999762,0.329999999999977,0.375000000000032,-0.33299999999997,-0.16199999999999548,0.1470000000000038,0.06300000000001305,
-0.2904,-0.4289000000000005,9.999999999994458E-4,0.7830999999999992,0.7745999999999995,-0.2563999999999993,0.29930000000000057,0.6749,-0.09529999999999994,-0.5981999999999994,0.10499999999996845,-0.5399999999999672,-0.36899999999999267,-0.023999999999997357,0.1679999999999815,1.067999999999989,-0.8490000000000197,-0.07499999999998508,0.3390000000000093,-0.2910000000000146,
-0.28690000000000104,-0.4468999999999994,-0.01130000000000031,0.7822999999999993,0.5013000000000005,-0.22079999999999966,0.2709999999999999,0.6724000000000006,-0.08399999999999963,-0.8341000000000003,-0.14699999999997715,-0.7440000000000246,-0.3030000000000399,-0.14399999999998414,-0.2700000000000635,0.5609999999999982,0.49200000000002575,0.10200000000000209,0.3720000000000123,0.6450000000000156,
-0.2918000000000003,-0.47170000000000023,-0.02140000000000164,0.7774999999999999,0.4922999999999984,-0.20209999999999972,0.28740000000000077,0.6758000000000006,-0.07159999999999922,-0.8125999999999998,-0.07800000000003138,-0.5489999999999995,-0.40499999999996206,0.0389999999999624,-0.4619999999999891,0.25800000000001155,-0.6240000000000112,-0.46500000000000874,-0.15900000000000247,0.29399999999998094,
-0.2944000000000013,-0.4900000000000002,-0.034900000000000375,0.7787999999999986,0.47689999999999877,-0.19349999999999934,0.2666000000000004,0.6603000000000003,-0.0768999999999993,-0.8028000000000004,0.14700000000003044,-0.05400000000003402,-0.28199999999998226,-0.16199999999999548,-0.335999999999963,0.4199999999999804,0.03299999999997638,0.029999999999983373,0.4649999999999821,0.3510000000000346,
-0.2895000000000003,-0.49180000000000135,-0.044299999999999784,0.7733999999999988,0.4657,-0.1795,0.2676999999999996,0.6612999999999998,-0.0613999999999999,-0.7910999999999992,-0.2999999999999936,-0.5879999999999619,-0.5010000000000048,-0.10799999999996146,-0.6209999999999916,0.14099999999999113,-0.17699999999998717,-0.3449999999999953,-0.21899999999999586,0.16499999999996184,
-0.2995000000000001,-0.5114000000000001,-0.06099999999999994,0.7698,0.4450000000000003,-0.1748000000000003,0.26180000000000003,0.6497999999999999,-0.06869999999999976,-0.7856000000000005,0.44099999999998474,-0.4199999999999804,-0.30899999999997263,-0.06899999999999906,-0.5339999999999812,-0.10199999999997544,0.02700000000001701,-1.100999999999992,0.02100000000000435,0.012000000000025324,
-0.2848000000000006,-0.5253999999999994,-0.07129999999999903,0.7675000000000001,0.24869999999999948,-0.17819999999999947,0.2627000000000006,0.6131000000000002,-0.06799999999999962,0.8527000000000005,-0.05699999999997374,-0.0059999999999860165,-0.4230000000000267,-0.23999999999997357,0.32400000000004425,0.014999999999991687,-0.5520000000000191,-0.8639999999999848,-0.4469999999999974,-0.7590000000000163,
-0.28669999999999973,-0.525599999999999,-0.08539999999999992,0.759500000000001,0.25950000000000095,-0.17769999999999975,0.24429999999999996,0.5843000000000007,-0.08289999999999953,0.8273999999999999,0.32399999999999096,-0.03900000000001569,0.20100000000001117,0.28199999999998226,0.27899999999998926,-0.1920000000000055,-0.10200000000000209,-0.3210000000000246,-0.2670000000000172,-0.8399999999999874,
-0.27590000000000003,-0.07869999999999955,-0.5268999999999995,0.7689000000000004,0.2688000000000006,-0.18409999999999993,0.5735999999999999,0.2408999999999999,-0.0918000000000001,0.7994000000000003,-0.2579999999999849,-0.39900000000002933,-0.5970000000000475,0.13799999999999812,0.041999999999955406,0.0,-0.5309999999999881,0.02100000000000435,-0.08099999999999774,-0.6059999999999999,
-0.28449999999999953,-0.09200000000000053,-0.5468000000000011,0.7735000000000003,0.2701999999999991,-0.18409999999999993,0.5559000000000003,0.24160000000000004,-0.09450000000000003,0.7792000000000003,0.5700000000000038,0.027000000000043656,0.2130000000000365,0.01800000000001134,0.6360000000000099,-0.37799999999999834,-0.6150000000000055,-0.23399999999998755,-0.20099999999998452,-1.164000000000005,
-0.2654999999999994,-0.09109999999999907,-0.5396999999999998,0.7741000000000007,0.29139999999999944,-0.19669999999999987,0.5354000000000001,0.23380000000000045,-0.10119999999999951,0.7404000000000002,-0.8040000000000447,-0.5340000000000344,-0.6120000000000125,-0.24600000000001288,0.4740000000000144,-0.2820000000000089,-0.735000000000019,0.34499999999996867,0.3029999999999866,-1.515000000000013,
-0.2923000000000009,-0.10890000000000022,-0.5601000000000003,0.3071999999999999,0.7659000000000002,-0.20610000000000017,0.5108999999999995,0.2452999999999994,0.6898999999999997,-0.09109999999999996,0.7410000000000316,0.5520000000000458,0.14100000000004442,0.8190000000000097,0.6630000000000003,-0.017999999999984695,-0.13499999999997847,0.5160000000000231,-0.4769999999999808,-0.17999999999998018,
-0.26759999999999984,-0.09049999999999869,-0.5553999999999988,0.33450000000000024,0.7880000000000003,-0.20669999999999966,0.5064000000000002,0.2625000000000002,0.6740000000000004,-0.0970999999999993,-0.5549999999999855,-0.5970000000000475,-0.32400000000004425,0.11100000000000776,-0.009000000000032315,-0.6089999999999929,-0.9209999999999852,-0.27000000000001023,-1.3590000000000035,-0.30000000000002025,
-0.28609999999999935,-0.11040000000000028,-0.5662000000000003,0.3382000000000005,0.7876999999999992,-0.22699999999999942,0.4757000000000007,0.25349999999999984,0.6287000000000003,-0.10709999999999997,0.32099999999994466,0.06600000000000605,0.5189999999999628,0.5189999999999628,0.3449999999999953,-0.41700000000004067,-0.09300000000002306,0.06600000000000605,-0.5940000000000278,-0.07800000000000473,
-0.2754000000000012,-0.10820000000000007,-0.5489000000000015,0.35549999999999926,0.799199999999999,-0.24090000000000078,0.4725999999999999,0.25570000000000004,0.6088999999999993,-0.10970000000000013,-0.6329999999999636,-0.6659999999999933,-0.32399999999993767,-0.029999999999983373,-0.27299999999994995,-0.5849999999999689,-0.5279999999999951,0.054000000000007375,-1.4849999999999763,-0.36599999999999966,
-0.2965,-0.13039999999999985,-0.5596999999999994,0.3544999999999998,0.7901000000000007,-0.26039999999999974,0.45500000000000007,0.2575000000000003,0.5594000000000001,-0.12190000000000012,-0.07799999999997809,-0.713999999999988,-0.6449999999999889,0.5700000000000038,-0.09299999999999642,-0.6329999999999902,0.45000000000001705,0.36300000000000665,-0.9269999999999978,0.5010000000000048,
-0.29909999999999926,-0.15419999999999945,-0.581199999999999,0.37349999999999994,0.7870000000000008,-0.2814999999999994,0.47000000000000064,0.2696000000000005,0.5285000000000002,-0.10519999999999996,-0.14699999999997715,-0.18899999999998585,-0.09599999999998943,0.40500000000001535,0.23999999999997357,-0.5460000000000065,-0.16800000000000814,0.3209999999999713,-0.9059999999999935,-0.27000000000001023,
-0.3039999999999985,-0.16049999999999898,0.38700000000000045,-0.5843999999999987,0.7949999999999999,-0.29969999999999963,0.46440000000000037,0.4983000000000004,0.28029999999999955,-0.1142000000000003,-0.44100000000003803,-0.3060000000000329,0.5069999999999908,-0.31500000000001194,0.0870000000000104,-0.014999999999991687,0.8069999999999844,-0.2850000000000019,0.34200000000002895,0.24000000000002686,
-0.31869999999999976,-0.17070000000000007,0.40390000000000015,-0.5948999999999991,0.7979000000000003,-0.30019999999999936,0.49129999999999985,0.48880000000000035,0.2917000000000005,-0.1061999999999994,-0.5700000000000038,-0.7349999999999923,-0.5969999999999942,-0.2520000000000522,-0.4290000000000127,-0.417000000000014,0.23099999999999454,-0.6030000000000069,0.4109999999999747,0.15899999999997583,
-0.3376999999999999,-0.19519999999999982,0.38400000000000034,-0.6033000000000008,0.7835999999999999,-0.3140999999999998,0.49899999999999967,0.4687000000000001,0.30539999999999967,-0.10090000000000021,-0.4320000000000057,-0.387000000000004,0.35399999999997434,-0.03900000000001569,0.6089999999999662,-0.42000000000000703,0.6299999999999972,-0.6990000000000229,0.03000000000001002,0.24299999999999322,
-0.3521000000000001,-0.20809999999999995,0.3957999999999995,-0.6046000000000014,0.3680000000000003,-0.32810000000000006,0.5199999999999996,0.44539999999999935,0.3064,-0.7059000000000006,-0.768000000000022,-0.7380000000000386,0.05700000000002703,-0.7679999999999687,0.48899999999997945,-0.014999999999991687,0.9600000000000275,-0.2729999999999766,0.6990000000000229,1.833000000000018,
-0.3777000000000008,0.3977000000000004,-0.23270000000000124,-0.6302000000000003,0.38429999999999964,-0.3285999999999998,0.43630000000000013,0.5520000000000005,0.32970000000000077,-0.6448,-0.11399999999994748,0.48599999999998644,-0.11699999999994048,-0.2879999999999683,0.2640000000000242,-0.4800000000000004,-0.5669999999999842,0.24900000000000588,0.4679999999999751,0.6510000000000016,
-0.38149999999999906,0.41389999999999993,-0.23659999999999926,0.39310000000000045,0.7964000000000002,-0.3445999999999998,0.41740000000000066,0.5603000000000007,-0.6231,-0.07759999999999945,-0.9510000000000751,-0.23400000000004084,-0.19800000000001816,0.020999999999951058,-0.4800000000000537,0.35399999999997434,0.09299999999996977,0.9509999999999685,1.166999999999998,0.30299999999995997,
-0.41320000000000157,0.4060999999999986,-0.24319999999999986,0.3937999999999988,0.7803999999999984,-0.33280000000000065,0.42049999999999965,0.5919999999999996,-0.5842,-0.06750000000000078,-0.014999999999965041,0.27600000000004954,0.13799999999999812,0.48600000000003973,0.3540000000000276,-0.020999999999977703,0.09900000000000908,0.6570000000000142,1.3140000000000018,0.3930000000000433,
-0.4137000000000004,0.4153000000000002,-0.23859999999999992,0.41000000000000014,0.7921999999999993,-0.3334999999999999,0.42379999999999995,0.6139000000000001,-0.5404,-0.05439999999999934,-0.17699999999996052,0.24300000000001987,-0.2039999999999509,0.6750000000000256,-0.09899999999992914,-0.27300000000000324,-0.09000000000000341,0.08999999999997677,0.4469999999999974,-0.15000000000002345,
-0.4195999999999991,0.4234000000000009,-0.2453999999999983,0.432500000000001,0.7889000000000017,-0.3426,0.42079999999999984,0.6168999999999993,-0.5255000000000001,-0.05940000000000012,-0.5670000000000641,0.6479999999999286,0.06599999999995276,0.8519999999999328,-0.16200000000004877,0.014999999999991687,-0.02100000000000435,1.230000000000011,1.910999999999996,0.2669999999999906,
-0.4385000000000012,0.4449999999999985,0.46089999999999876,-0.24319999999999986,0.7835000000000001,-0.3421000000000003,0.4200999999999997,-0.4618000000000002,0.6578999999999997,-0.05050000000000043,-0.3269999999999307,0.030000000000089955,0.2940000000000609,0.2130000000000365,0.6899999999999906,0.03300000000002967,0.18600000000001948,0.5430000000000135,0.5490000000000261,0.1740000000000208,
-0.4493999999999989,0.4460000000000015,0.4707000000000008,-0.23609999999999864,0.8064999999999998,-0.3409999999999993,0.42630000000000035,-0.44369999999999976,0.6762000000000006,-0.04469999999999974,-0.24900000000005917,0.7979999999999521,0.5969999999999409,0.22799999999994824,0.9179999999999922,0.09299999999996977,0.2069999999999972,0.6989999999999963,0.5129999999999768,0.5429999999999868,
-0.4577000000000009,0.4725999999999999,0.4905999999999988,-0.22850000000000037,0.8370999999999995,-0.3379000000000003,0.43320000000000025,-0.4203999999999999,0.6932999999999998,-0.02660000000000018,-0.6749999999999723,-0.4199999999999804,0.12300000000003308,-0.10199999999997544,-0.2910000000000146,-0.0629999999999864,0.4079999999999817,0.7919999999999927,0.18000000000000682,0.0870000000000104,
0.4946999999999999,0.45860000000000056,-0.23189999999999955,0.827399999999999,1.1584000000000003,-0.39400000000000013,0.44679999999999964,0.6993,-0.023699999999999832,-0.5209000000000001,0.7469999999999644,0.47999999999994714,0.6059999999999732,1.169999999999991,0.8249999999999424,0.8009999999999984,0.03600000000002268,0.705000000000009,0.351000000000008,0.34800000000001496,
0.5195999999999987,0.4745999999999988,-0.21170000000000044,0.8663999999999987,1.1858999999999984,-0.3673000000000002,0.4480000000000004,0.7228000000000003,-0.011999999999999567,-0.5092999999999996,1.1820000000000697,0.5130000000000834,0.32700000000003726,0.10500000000007503,0.5790000000000894,1.2269999999999914,0.29399999999998094,0.5669999999999842,0.2699999999999836,0.5579999999999785,
0.559000000000001,0.4917000000000016,-0.2007999999999992,0.8699000000000012,1.2052000000000014,-0.32640000000000047,0.45779999999999976,0.7416999999999998,-0.0030000000000001137,-0.49070000000000036,0.5279999999999418,0.40499999999996206,0.3029999999999866,0.72599999999996,0.4709999999999681,0.5940000000000278,0.4770000000000074,0.8640000000000114,0.20100000000001117,0.411000000000028,
0.5765999999999991,0.5052000000000003,-0.19069999999999965,0.8940999999999999,1.2209000000000003,-0.30659999999999954,0.4737,0.7705000000000002,0.0037000000000002586,-0.4769999999999994,0.6990000000000229,0.5729999999999968,0.4800000000000004,0.8069999999999844,0.710999999999995,0.20399999999997753,-0.2519999999999989,0.2519999999999989,0.15900000000000247,-0.012000000000025324,
0.5998999999999999,0.5243000000000002,-0.17469999999999963,0.9209999999999994,1.2446000000000002,-0.2998000000000003,0.46530000000000005,0.7789000000000001,0.009000000000000341,-0.47740000000000027,0.4349999999999987,0.27000000000001023,0.09299999999999642,0.3000000000000469,0.3719999999999857,0.35700000000002063,0.11699999999999378,0.41100000000000136,0.1649999999999885,0.4290000000000127,
0.6143999999999998,0.5333000000000006,-0.17159999999999975,0.9310000000000009,1.2569999999999997,-0.2878999999999996,0.46919999999999984,0.7926000000000002,0.014499999999999957,-0.46309999999999985,0.4230000000000267,0.1770000000000138,0.14699999999997715,0.6899999999999906,0.48600000000003973,0.2999999999999936,0.3690000000000193,0.807000000000011,0.14100000000001778,0.27000000000001023,
0.6285000000000007,0.539200000000001,-0.16670000000000051,0.9540000000000006,1.273200000000001,-0.2778999999999998,0.4815000000000005,0.8195000000000006,0.01920000000000055,-0.4540999999999995,0.35999999999996035,0.6869999999999976,0.375000000000032,0.722999999999967,0.8609999999999651,0.32099999999999795,0.06599999999997941,0.9179999999999922,0.5370000000000008,0.6749999999999989,
0.6404999999999994,0.5621000000000009,-0.15419999999999945,0.9780999999999995,1.3018999999999998,-0.2671999999999999,0.4836999999999998,0.8501000000000003,0.03710000000000058,-0.43159999999999954,0.4650000000000354,0.35699999999996734,0.28800000000002157,0.5220000000000091,0.7559999999999967,0.4019999999999957,-0.2940000000000076,0.1529999999999898,0.4649999999999821,0.3749999999999787,
0.6560000000000006,0.5739999999999998,0.9954999999999998,1.3270999999999997,1.0768000000000004,-0.2538,0.47389999999999954,0.05259999999999998,-0.41910000000000025,0.9848999999999997,-0.14100000000004442,0.008999999999979025,0.11400000000000077,0.4349999999999987,0.5249999999999488,-0.18000000000000682,-0.0059999999999860165,-0.09299999999999642,0.3300000000000036,-0.3749999999999787,
0.6512999999999991,0.5742999999999991,0.9992999999999999,1.3415999999999997,1.0942999999999987,-0.25980000000000025,0.4737,0.0495000000000001,-0.40810000000000013,0.9724000000000004,0.1770000000000138,0.23700000000003385,0.5549999999999855,0.6570000000000142,0.4710000000000214,0.31500000000001194,-0.03899999999998904,0.5340000000000078,0.5790000000000095,0.1920000000000055,
0.6571999999999996,0.5822000000000003,1.0177999999999994,1.3635000000000002,1.1099999999999994,-0.24929999999999986,0.4724000000000004,0.06730000000000036,-0.3887999999999998,0.9788000000000006,0.44099999999998474,0.6959999999999766,0.7290000000000063,1.037999999999979,0.5759999999999899,0.27899999999998926,0.18299999999999983,0.5519999999999925,0.6419999999999959,-0.18300000000002647,
0.671899999999999,0.6053999999999995,1.0420999999999996,1.3980999999999995,1.2864000000000004,-0.2400000000000002,0.47850000000000037,0.08570000000000011,-0.36739999999999995,-0.7480999999999991,0.8640000000000114,0.5309999999999881,1.479000000000017,1.5690000000000204,0.7409999999999783,-0.054000000000007375,-0.5220000000000091,0.04499999999997506,0.03899999999998904,0.18299999999994654,
0.7006999999999994,0.6230999999999991,1.0914000000000001,1.4504000000000001,1.3110999999999997,-0.24180000000000046,0.46110000000000007,0.08719999999999928,-0.3661000000000003,-0.7420000000000009,0.3719999999999857,0.5969999999999942,0.782999999999987,1.046999999999958,0.8999999999999808,-0.011999999999972033,-0.011999999999998678,0.030000000000036664,0.4440000000000044,0.435000000000052,
0.713099999999999,0.6429999999999989,1.1174999999999997,1.341099999999999,1.4852999999999987,-0.24219999999999953,0.4607000000000001,0.0882000000000005,-0.7274999999999991,-0.35130000000000017,0.765000000000029,0.7410000000000316,0.8910000000000018,0.6390000000000029,1.092000000000013,-0.3390000000000093,-0.48299999999999343,-0.09600000000001607,0.1859999999999662,0.09299999999999642,
0.7385999999999999,0.6677,1.1471999999999998,1.3623999999999992,1.2424,-0.25349999999999984,0.44460000000000033,0.08499999999999996,-0.7213000000000003,0.9180000000000001,0.8160000000000167,0.8370000000000211,1.479000000000017,1.2000000000000277,1.9170000000000087,-0.4800000000000004,-0.6659999999999933,0.16199999999999548,0.1920000000000055,0.03899999999998904,
0.7658000000000005,0.6956000000000007,1.1965000000000003,1.4024,1.3063000000000002,-0.26949999999999985,0.42240000000000055,0.09039999999999981,-0.7149000000000001,0.9192999999999998,-0.06600000000000605,-0.23099999999999454,0.20100000000001117,1.1280000000000356,0.40200000000002234,0.05699999999997374,0.3719999999999857,0.4349999999999987,0.2999999999999936,-0.8159999999999901,
