-0.09860000000000024,-0.05900000000000016,0.5342000000000002,0.5878000000000005,0.008300000000000196,0.41579999999999995,-0.44870000000000054,-0.3404000000000007,0.2976000000000001,0.9694000000000003,-1.5059999999999807,-1.3169999999999948,-0.011999999999998678,0.2400000000000002,-0.00900000000000567,-0.24600000000001288,0.5430000000000135,-0.40800000000000836,-0.1890000000000125,-0.1260000000000261,
-0.1487999999999996,-0.10289999999999999,0.5338000000000003,0.5958000000000006,0.008000000000000007,0.4075999999999995,-0.4306000000000001,-0.354000000000001,0.29129999999999967,0.9651999999999994,-0.807000000000011,-0.8939999999999948,0.07199999999999207,0.026999999999990365,-0.3300000000000036,0.2640000000000242,-0.023999999999997357,0.09000000000000341,-0.24599999999998623,0.06600000000000605,
-0.13269999999999982,-0.17569999999999997,0.5362,0.5967000000000002,-0.0030000000000001137,-0.4314,0.4164000000000003,-0.35100000000000087,0.28310000000000013,0.9673999999999996,-0.4860000000000131,-0.4919999999999991,0.9449999999999825,0.8489999999999931,0.37799999999999834,0.719999999999974,0.3929999999999634,0.2549999999999919,0.36299999999998,0.29399999999998094,
-0.14890000000000025,-0.19209999999999994,0.5676999999999994,0.625,-0.3338000000000001,-0.4074000000000009,0.4294999999999991,-0.34250000000000114,0.29519999999999946,-0.9136000000000006,0.11699999999999378,0.05999999999999339,-0.05099999999998772,-0.03300000000000303,0.4049999999999887,-0.09299999999994313,-0.06599999999995276,0.03300000000008296,-0.10499999999996845,0.08400000000007068,
-0.14500000000000046,-0.19010000000000016,0.5659999999999998,0.6238999999999999,-0.3203000000000005,-0.410499999999999,0.4273000000000007,-0.34139999999999837,0.2917000000000005,-0.9107999999999983,-0.9119999999999795,-0.9419999999999895,0.1949999999999985,0.054000000000007375,-1.2569999999999748,-0.11400000000005406,0.10199999999997544,-0.012000000000025324,-0.08100000000002439,0.2039999999999509,
-0.17539999999999978,-0.2214999999999998,0.5724999999999998,0.6257000000000001,-0.36219999999999963,-0.4143000000000008,0.43069999999999986,-0.3417999999999992,0.2889999999999997,-0.9039999999999999,-1.3260000000000005,-0.9120000000000061,0.31800000000000495,0.24299999999999322,-0.9210000000000118,-0.029999999999983373,0.06000000000002004,-0.03600000000002268,-0.2729999999999766,0.6840000000000046,
-0.2195999999999998,-0.2519,0.5831,0.6337999999999999,-0.3929,-0.4153000000000002,0.43270000000000053,-0.34299999999999997,0.2799000000000005,-0.8811999999999998,-1.971000000000016,-2.109000000000014,0.8699999999999974,0.716999999999981,-1.8120000000000136,0.05099999999998772,-0.38700000000003065,1.5329999999999977,0.8009999999999717,2.090999999999976,
-0.28530000000000033,-0.3222000000000005,0.6120999999999999,0.6576999999999993,-0.4533000000000005,-0.41360000000000063,0.4197999999999995,-0.29190000000000005,0.30659999999999954,-0.8115000000000006,-0.8550000000000058,-1.781999999999977,0.023999999999997357,-0.2609999999999779,-0.7799999999999674,-0.1709999999999745,-0.7290000000000063,0.24600000000001288,0.40800000000000836,0.6840000000000046,
-0.3138000000000005,-0.3815999999999997,0.6128999999999998,0.649,-0.4792999999999994,-0.4192999999999998,0.3954999999999993,-0.2836999999999996,0.3201999999999998,-0.7887000000000004,-1.3920000000000066,-1.1609999999999854,0.26100000000000456,0.09600000000001607,-1.506000000000034,-0.44700000000002404,-1.0529999999999973,0.14099999999999113,0.14099999999999113,1.7100000000000115,
-0.42029999999999923,-0.36020000000000074,0.6215999999999999,0.6522000000000006,-0.5295000000000005,0.3603999999999994,-0.4342000000000006,-0.2789999999999999,0.3248999999999995,-0.7317,0.14699999999997715,0.2519999999999989,0.029999999999983373,0.19199999999997885,-0.1649999999999885,0.17400000000004745,0.36900000000004596,0.15000000000002345,0.14700000000003044,0.14700000000003044,
-0.3518000000000008,-0.4154,0.6225999999999994,0.6585999999999999,-0.5350000000000001,-0.42189999999999905,0.36620000000000097,-0.27399999999999913,0.32980000000000054,-0.726799999999999,-1.0259999999999536,-1.5300000000000047,0.33000000000003027,0.5730000000000235,-0.8819999999999695,-0.18000000000000682,-0.702000000000016,0.329999999999977,0.6239999999999846,0.9120000000000061,
-0.38599999999999923,-0.46640000000000015,0.6336000000000004,0.6777000000000006,-0.5643999999999991,-0.4278999999999993,0.34280000000000044,-0.2629999999999999,0.3506,-0.6963999999999988,-0.8250000000000224,-0.9839999999999716,0.18299999999999983,0.17100000000000115,-0.6810000000000382,0.26999999999995694,-0.5880000000000152,0.2999999999999936,0.6539999999999946,0.716999999999981,
-0.4135,-0.4991999999999992,0.6397000000000004,0.6834000000000007,-0.5871000000000004,-0.4189000000000007,0.32319999999999993,-0.2530000000000001,0.37239999999999984,-0.6724999999999994,-1.742999999999988,-2.253000000000025,0.2099999999999902,0.7799999999999674,-0.8460000000000001,0.5160000000000231,-0.9299999999999908,-0.1320000000000121,1.4700000000000113,0.9269999999999712,
-0.4715999999999996,-0.5743,0.6467,0.7093999999999996,-0.6153000000000004,-0.40169999999999995,0.29220000000000024,-0.2574000000000005,0.4214000000000002,-0.6416000000000004,-0.9810000000000318,-1.0949999999999793,-0.3089999999999993,-0.15599999999998282,-0.7919999999999927,0.8610000000000184,0.23699999999998056,-0.10499999999996845,0.3420000000000023,0.774000000000008,
-0.5043000000000006,-0.6107999999999993,0.6364000000000001,0.7042000000000002,-0.6417000000000002,-0.37299999999999933,0.3000999999999996,-0.26089999999999947,0.4328000000000003,-0.6158000000000001,-1.2599999999999678,-1.4970000000000017,0.20400000000000418,-0.27899999999998926,-0.8520000000000127,0.32099999999999795,0.39900000000002933,-0.14399999999998414,0.31200000000001893,0.1740000000000208,
-0.5462999999999996,0.6432000000000002,-0.6606999999999994,0.6949000000000005,-0.6701000000000006,-0.3622999999999994,-0.26569999999999894,0.31340000000000057,0.4432000000000009,-0.6099999999999994,0.44399999999997775,-0.16500000000001513,-0.18000000000000682,0.2999999999999936,-0.045000000000001705,0.17399999999996751,-0.06000000000002004,-0.10500000000002174,-0.16500000000001513,-0.12300000000003308,
-0.5315000000000003,0.6376999999999997,-0.6666999999999996,0.7049000000000003,-0.6716000000000006,-0.3565000000000005,-0.2676999999999996,0.30989999999999984,0.4377000000000004,-0.6141000000000005,-0.3149999999999853,0.4560000000000297,-1.076999999999968,-0.020999999999977703,-0.7739999999999814,0.48900000000003274,0.07499999999998508,-0.04199999999998205,-0.13199999999998546,-0.01799999999995805,
-0.5419999999999998,0.6529000000000007,-0.7025999999999986,0.704200000000001,-0.6974,-0.3401999999999994,-0.2652000000000001,0.30850000000000044,0.4333000000000009,-0.6146999999999991,-0.05399999999998073,0.354000000000001,-1.0350000000000392,0.18899999999998585,-0.3809999999999647,1.187999999999949,-0.023999999999997357,0.5399999999999672,0.16199999999996884,0.11399999999994748,
-0.5437999999999992,0.6647000000000007,-0.7370999999999999,0.7105000000000006,-0.07819999999999894,-0.3006000000000011,-0.266,0.32649999999999935,0.43869999999999987,0.9295999999999998,-0.40500000000001535,0.6809999999999583,-2.0369999999999955,0.30299999999995997,0.044999999999948415,0.32400000000004425,-0.5489999999999995,0.054000000000007375,-0.9810000000000052,-1.523999999999992,
-0.5572999999999997,0.6873999999999993,0.7205999999999992,-0.8049999999999997,-0.07670000000000066,-0.2897999999999996,-0.2843,0.4059999999999997,0.3282999999999996,0.8788,0.39599999999998303,0.6899999999999906,0.42599999999999305,-1.476000000000024,-0.39599999999998303,0.11100000000000776,-0.7739999999999547,-1.1249999999999627,-0.2789999999999626,-1.430999999999969,
-0.5441000000000003,0.710399999999999,0.734799999999999,-0.08990000000000009,-0.8542000000000005,-0.28609999999999935,-0.3100999999999985,0.36850000000000094,0.8311000000000011,0.31900000000000084,0.2580000000000382,0.42600000000004634,0.05100000000004101,0.027000000000043656,-1.2209999999999788,-0.5309999999999881,-0.5820000000000292,-0.7770000000000277,-0.9450000000000358,-0.6270000000000309,
-0.535499999999999,0.7246000000000006,-0.08899999999999864,0.7365000000000004,-0.8948999999999998,-0.30379999999999896,-0.32949999999999946,0.7995999999999999,0.3426,0.2980999999999998,-0.19200000000003214,-0.1470000000000038,0.1289999999999658,-0.48599999999998644,0.023999999999997357,0.36299999999995336,-0.045000000000001705,0.37799999999999834,-0.06600000000000605,-0.13500000000000512,
-0.5419,0.7197000000000005,0.7203000000000008,-0.08469999999999978,-0.8940999999999999,-0.2917000000000005,-0.3309999999999995,0.3403999999999998,0.8121999999999998,0.29359999999999964,0.0389999999999624,0.9089999999999598,0.761999999999956,0.047999999999994714,-0.6179999999999986,-0.5940000000000012,-0.2130000000000365,-0.43799999999999173,-1.097999999999999,-0.014999999999991687,
-0.5406000000000013,-0.08309999999999995,0.7456999999999994,0.7499999999999991,0.676099999999999,-0.31150000000000055,0.7755999999999998,0.3258000000000001,-0.33810000000000073,-0.6652000000000005,0.030000000000036664,-0.5700000000000038,0.07499999999998508,0.7650000000000023,-0.359999999999987,-0.32099999999994466,-1.2179999999999591,-0.6929999999999836,-0.9569999999999546,0.1260000000000261,
-0.5396000000000001,-0.10210000000000008,0.7481999999999989,0.7754999999999992,0.6640999999999995,-0.3221999999999987,0.7350000000000012,0.30270000000000064,-0.3699999999999992,-0.6609999999999996,-1.1459999999999937,-0.8699999999999974,-0.47399999999998776,1.0050000000000026,-1.584000000000012,-0.828000000000042,-2.019000000000064,-1.3710000000000289,-0.753000000000057,0.8069999999999844,
-0.5777999999999999,-0.1311,0.7323999999999993,0.6112999999999991,0.8089999999999993,-0.3498000000000001,0.6676999999999991,0.2569999999999997,-0.6341000000000001,-0.3951000000000011,0.4349999999999987,0.10500000000002174,0.39900000000002933,-1.073999999999975,1.2630000000000408,-0.40200000000002234,-0.7379999999999853,-0.8369999999999944,-0.19500000000002515,-0.6389999999999496,
-0.12759999999999927,-0.5632999999999999,0.7457000000000003,0.5754999999999999,0.8511000000000006,0.6430999999999996,-0.36320000000000086,0.22909999999999986,-0.640600000000001,-0.41639999999999944,0.01799999999995805,-0.43799999999999173,-0.21600000000000286,-0.3479999999999883,0.6929999999999836,-0.5489999999999728,0.06300000000001305,-0.09299999999999642,0.7860000000000333,-0.14700000000003044,
-0.12700000000000067,-0.5778999999999996,0.7385000000000002,0.5639000000000003,0.8742000000000001,0.6248000000000005,-0.3611000000000004,0.22599999999999998,-0.6143999999999998,-0.42130000000000045,-0.15299999999996317,0.10499999999996845,0.08399999999999075,-0.15300000000001646,-0.08099999999999774,0.06899999999999906,-0.035999999999996035,0.08099999999999774,0.24599999999998623,0.057000000000000384,
-0.13209999999999944,-0.5744000000000007,0.7412999999999998,0.5587999999999997,0.8715000000000002,0.6271000000000004,-0.3623000000000003,0.2286999999999999,-0.6062000000000003,-0.41940000000000044,0.2039999999999509,0.20100000000001117,-0.16500000000001513,-0.389999999999997,0.8039999999999647,-0.5310000000000148,0.7530000000000037,-0.035999999999996035,0.6840000000000046,-0.0840000000000174,
-0.12530000000000108,-0.5677000000000003,0.7357999999999993,0.5457999999999998,-0.7832000000000008,0.6093999999999999,-0.33720000000000017,0.22750000000000004,-0.5834000000000001,-0.5537000000000001,-0.21899999999996922,-0.32399999999999096,-0.329999999999977,-0.731999999999946,-0.24299999999996658,-0.9450000000000092,0.49200000000002575,-0.1499999999999968,0.11699999999999378,0.8249999999999957,
-0.13260000000000005,-0.5785,0.7248000000000001,0.5214000000000016,-0.7912999999999997,0.5778999999999996,-0.3207999999999993,0.22250000000000014,-0.5795000000000003,-0.5262000000000002,-0.18599999999999284,0.15300000000001646,0.4230000000000267,-0.32700000000003726,-0.0809999999999711,-0.23099999999999454,1.4099999999999646,-0.43799999999999173,0.12300000000003308,1.2119999999999997,
-0.1387999999999998,-0.5733999999999995,0.738900000000001,0.5105000000000004,-0.7939999999999987,0.5701999999999998,-0.2738000000000005,0.20790000000000042,-0.5753999999999992,-0.48580000000000023,-0.27899999999998926,-0.7890000000000263,0.09299999999994313,-1.4010000000000389,-0.3900000000000503,-1.1489999999999867,-0.020999999999977703,-0.6600000000000072,0.359999999999987,-0.12599999999999945,
-0.14809999999999945,-0.5997000000000003,0.4637999999999991,0.7419999999999991,-0.8070000000000004,0.5319000000000003,-0.27449999999999974,-0.5633999999999997,0.18590000000000018,-0.4900000000000002,-0.36900000000004596,-0.7559999999999967,-1.3109999999999822,-0.2579999999999849,-0.6419999999999959,-0.4860000000000131,0.8069999999999844,0.329999999999977,-0.4770000000000074,0.19500000000002515,
-0.160400000000001,-0.6249000000000002,0.4200999999999997,0.7333999999999996,-0.8284000000000002,0.5156999999999998,-0.24760000000000026,-0.5524000000000004,0.16999999999999993,-0.4834999999999994,0.8430000000000604,0.7140000000000413,0.05700000000002703,0.4710000000000214,0.3330000000000233,0.42599999999999305,-0.011999999999998678,0.2879999999999949,0.19799999999999152,0.13499999999997847,
-0.13229999999999897,-0.6010999999999989,0.4220000000000006,0.7491000000000003,-0.8172999999999995,0.5298999999999996,-0.24800000000000022,-0.5428000000000006,0.17659999999999965,-0.4790000000000001,-1.0290000000000532,-1.2240000000000784,-1.068000000000069,-0.31800000000005824,-0.6510000000000282,-0.8399999999999874,-0.11999999999998678,-0.23099999999999454,-0.5130000000000035,-0.10500000000002174,
-0.16660000000000075,0.3863999999999983,-0.6419000000000015,0.7384999999999984,-0.8390000000000004,0.5019,-0.5505000000000004,-0.2519999999999998,0.15949999999999953,-0.4825000000000008,0.6090000000000195,-0.4259999999999664,0.5010000000000581,0.4200000000000337,0.4230000000000267,-0.387000000000004,0.3089999999999993,0.686999999999971,-0.5010000000000048,0.417000000000014,
-0.1463000000000001,0.3721999999999994,-0.6251999999999995,0.7524999999999995,-0.8248999999999995,0.4889999999999999,-0.5402000000000005,-0.22910000000000075,0.14279999999999937,-0.46860000000000035,1.0020000000000095,0.12300000000003308,0.22200000000001552,1.407000000000025,0.7889999999999731,-0.2970000000000006,0.42900000000003935,0.6450000000000156,-0.29999999999996696,0.37799999999999834,
-0.11289999999999978,0.3763000000000005,-0.617799999999999,0.7994000000000003,-0.7986000000000004,0.47909999999999986,-0.5258999999999991,-0.20760000000000023,0.13280000000000047,-0.4560000000000004,0.3060000000000329,-1.3109999999999822,-0.32700000000003726,0.5099999999999838,-0.2129999999999832,-1.0740000000000016,0.6689999999999863,-0.011999999999972033,0.3059999999999796,0.6360000000000099,
-0.10269999999999868,0.3326000000000011,-0.6287000000000003,0.8163999999999998,-0.8056999999999999,0.4432999999999998,-0.5035999999999996,-0.2079999999999993,0.1429999999999998,-0.4348000000000001,0.0779999999999248,-0.8520000000000394,-0.31800000000000495,-0.015000000000018332,-0.15300000000001646,-0.09899999999998244,-0.01800000000001134,0.39599999999998303,0.04800000000002136,0.36000000000001364,
-0.10010000000000119,0.3041999999999998,-0.6393000000000004,0.8158999999999992,0.18709999999999916,0.4400000000000004,-0.5042,-0.19479999999999986,0.1446000000000005,-0.8868,0.24000000000002686,0.39299999999999,0.40800000000000836,0.20100000000001117,0.1770000000000138,0.11699999999996713,-0.0030000000000196536,0.06899999999997242,0.11399999999997412,0.1499999999999968,
-0.09210000000000029,0.31729999999999947,-0.6257000000000001,0.8225999999999996,0.19299999999999962,0.4438999999999993,-0.5043000000000006,-0.19250000000000078,0.14839999999999964,-0.8818000000000001,0.3930000000000433,-0.35399999999997434,-0.26999999999995694,0.36600000000005295,-0.10799999999996146,-0.2999999999999936,0.5940000000000012,0.713999999999988,0.17399999999999416,0.20100000000001117,
-0.07899999999999885,0.3055000000000003,-0.6346999999999987,0.8348000000000013,-0.7876999999999992,0.4338999999999995,-0.4845000000000006,-0.16870000000000118,0.15419999999999945,-0.3948999999999998,-0.24000000000002686,-0.9959999999999702,-0.43799999999999173,-0.13500000000000512,-0.8309999999999818,0.0,0.7319999999999993,0.7800000000000473,-0.1470000000000038,0.5039999999999978,
-0.08699999999999974,0.2723000000000013,-0.6492999999999984,0.8303000000000011,0.17310000000000159,0.4338999999999995,-0.4601000000000006,-0.1426999999999996,0.14929999999999932,-0.8571000000000009,0.7349999999999923,0.23399999999998755,0.44699999999997075,1.502999999999961,-0.40800000000000836,0.7170000000000343,1.3770000000000415,1.8240000000000123,1.2630000000000408,1.5180000000000327,
-0.0625,0.2801000000000009,-0.6343999999999994,0.1595000000000013,-0.7988,0.45780000000000065,-0.41419999999999924,-0.0818999999999992,-0.8064999999999998,-0.31789999999999985,-0.5460000000000065,-1.3650000000000162,-0.4260000000000197,-0.009000000000032315,-0.4679999999999751,-0.4260000000000197,-0.09600000000001607,1.5809999999999658,-0.21600000000000286,0.9359999999999769,
-0.08070000000000022,0.23460000000000036,-0.6486000000000001,0.15920000000000023,-0.8143999999999991,0.4436,-0.41739999999999977,-0.029200000000000337,-0.8136999999999999,-0.2867000000000006,-0.18899999999998585,-0.5820000000000292,0.12299999999997979,-0.047999999999994714,-0.36600000000005295,0.807000000000011,1.097999999999999,1.452,0.9929999999999772,0.9660000000000402,
0.2151999999999994,-0.08699999999999974,-0.6445000000000007,0.1576000000000004,-0.8266000000000009,-0.3807999999999998,0.47050000000000036,0.019199999999999662,-0.7806000000000006,-0.2544999999999993,-0.05399999999998073,0.14099999999999113,0.10500000000002174,0.14699999999997715,0.2610000000000312,-0.33599999999998964,-0.014999999999991687,-0.03599999999996939,0.4950000000000454,0.1859999999999662,
0.21340000000000003,-0.08230000000000004,-0.641,0.16249999999999964,-0.8178999999999998,-0.39199999999999946,0.47000000000000064,0.018000000000000682,-0.7640999999999991,-0.2483000000000004,-0.48599999999998644,0.16199999999999548,-0.10800000000001475,-0.387000000000004,-0.387000000000004,0.6480000000000086,-0.10500000000002174,1.0829999999999806,0.6269999999999509,0.46500000000000874,
0.19720000000000049,-0.07690000000000019,-0.6446000000000005,0.1495999999999995,-0.8308,-0.3703999999999992,0.4664999999999999,0.05410000000000004,-0.7432000000000007,-0.23280000000000012,-0.5100000000000371,-0.029999999999983373,-0.07799999999997809,-0.15900000000000247,0.03599999999996939,0.22799999999994824,-0.6179999999999986,0.7559999999999967,0.6060000000000265,0.2910000000000146,
0.18019999999999925,-0.07789999999999964,-0.6471999999999998,0.14429999999999943,-0.829600000000001,-0.3628000000000009,0.44589999999999996,0.07929999999999993,-0.7229999999999999,-0.22309999999999963,-1.3319999999999865,0.014999999999965041,0.0029999999999930083,-1.2209999999999788,-0.49499999999996547,0.31800000000000495,-0.9660000000000135,0.9240000000000048,0.5969999999999942,0.1649999999999885,
0.1357999999999997,-0.0774000000000008,-0.6471,0.10360000000000014,-0.8460999999999999,-0.35220000000000073,0.4136999999999995,0.11010000000000009,-0.7031000000000001,-0.21760000000000002,-0.8820000000000228,-0.05399999999998073,-1.029,-0.5520000000000458,-0.705000000000009,-0.13799999999997148,-0.32699999999998397,0.4380000000000184,0.5399999999999938,0.21899999999999586,
0.10639999999999894,-0.07920000000000016,0.08519999999999861,-0.6814,0.8704000000000001,-0.3567999999999998,0.40280000000000005,-0.6851000000000003,0.1247000000000007,0.13280000000000047,-0.6299999999999706,0.06300000000001305,-0.39299999999993673,-0.11100000000000776,-0.07799999999997809,0.12899999999999245,-0.8880000000000088,-0.0030000000000196536,0.2309999999999679,-0.2610000000000312,
0.08539999999999992,-0.07709999999999972,0.07210000000000072,-0.6851000000000003,0.8678000000000008,-0.35250000000000004,0.37319999999999975,-0.6852000000000009,0.13239999999999963,0.12409999999999943,-0.2970000000000006,-0.32099999999999795,-0.22500000000000853,-0.12299999999997979,-0.13799999999999812,0.13500000000000512,-0.33899999999998265,-0.06599999999995276,-0.11699999999999378,-0.19799999999999152,
0.0754999999999999,-0.08779999999999966,0.06460000000000043,-0.6891999999999996,0.8632000000000009,-0.34799999999999986,0.36190000000000033,-0.6873999999999993,0.12849999999999984,0.11749999999999972,0.27000000000001023,0.27899999999998926,0.5130000000000301,0.28500000000002856,0.5549999999999855,0.37799999999999834,-0.16500000000001513,-0.03000000000001002,0.14400000000001079,0.02700000000001701,
0.08450000000000024,-0.07850000000000001,-0.6796999999999986,0.08170000000000144,-0.8567999999999998,-0.3353999999999999,0.35639999999999983,0.1333000000000002,-0.6883999999999997,-0.14550000000000018,0.015000000000018332,0.2940000000000076,0.17699999999996052,-0.5430000000000135,-0.14399999999998414,-0.14400000000003743,-0.4260000000000197,0.2609999999999779,-0.23700000000003385,0.15600000000000946,
-0.06869999999999976,0.08500000000000085,-0.6738,0.06360000000000099,-0.8615999999999993,0.34219999999999917,-0.34020000000000117,0.14199999999999946,-0.6963000000000008,-0.14029999999999987,0.387000000000004,0.02100000000000435,0.5940000000000012,0.45300000000001006,1.5720000000000134,-0.3509999999999547,-0.5519999999999392,0.3090000000000259,-0.338999999999956,1.1850000000000094,
-0.05579999999999963,0.085700000000001,-0.6539999999999999,0.07870000000000132,-0.8091999999999988,0.3305000000000007,-0.35859999999999914,0.15230000000000032,-0.7075999999999993,-0.10079999999999956,0.6749999999999723,-0.006000000000039307,-0.19499999999997186,-0.024000000000050647,0.710999999999995,0.35999999999996035,-0.09900000000000908,0.8759999999999835,0.08099999999999774,0.5219999999999825,
-0.03330000000000055,0.08549999999999969,-0.660499999999999,0.07789999999999964,-0.785499999999999,0.34249999999999936,-0.36189999999999944,0.18149999999999977,-0.7048999999999994,-0.08340000000000014,0.33000000000003027,-0.7499999999999574,0.026999999999990365,0.44100000000003803,-0.009000000000032315,-0.17399999999996751,0.21899999999996922,-0.23699999999998056,0.2069999999999972,0.1740000000000208,
-0.022299999999999542,0.06050000000000111,-0.6595999999999993,0.0926000000000009,-0.7858,0.33670000000000044,-0.35460000000000047,0.17360000000000042,-0.6979999999999995,-0.07759999999999945,-0.2610000000000312,0.3779999999999717,0.19499999999997186,-0.22200000000001552,0.18000000000000682,-0.02100000000000435,-0.22800000000000153,0.20699999999997054,0.2879999999999683,-0.06300000000001305,
-0.031000000000000583,0.07310000000000016,-0.6531000000000002,0.08520000000000039,-0.7797999999999998,0.3360000000000003,-0.3622000000000005,0.18049999999999944,-0.6884000000000006,-0.07969999999999988,-0.03600000000002268,-0.6900000000000439,0.14099999999999113,0.15899999999994918,0.4349999999999987,0.1529999999999898,-0.08099999999999774,0.05100000000004101,-0.09899999999995579,0.2670000000000172,
-0.03220000000000134,0.0500999999999987,-0.6484000000000005,0.09049999999999869,-0.7652999999999999,0.34109999999999996,-0.36490000000000045,0.1822000000000008,-0.6916999999999991,-0.07079999999999931,0.24900000000000588,0.3060000000000329,0.44699999999997075,0.2910000000000146,0.24299999999996658,-0.39299999999999,-0.21599999999994957,0.42599999999999305,-0.1049999999999951,-0.24600000000001288,
-0.023900000000001143,0.0602999999999998,-0.6335000000000015,0.10019999999999918,-0.757200000000001,0.3280000000000003,-0.37209999999999877,0.19640000000000057,-0.6951999999999989,-0.07899999999999974,-0.7709999999999617,-1.4550000000000196,-0.5849999999999689,-0.6659999999999933,-0.3059999999999796,-0.05700000000002703,-0.29400000000003423,0.07799999999997809,-0.6210000000000182,-0.729000000000033,
-0.049599999999999866,0.011799999999999145,-0.6530000000000005,0.0779999999999994,-0.7674000000000003,0.3260999999999994,-0.3818999999999999,0.19899999999999984,-0.7158999999999995,-0.10330000000000084,0.5190000000000161,-0.6119999999999592,0.702000000000016,0.23400000000004084,0.36000000000001364,-0.017999999999984695,0.15599999999998282,0.21899999999999586,-0.2730000000000299,0.06000000000002004,
-0.03229999999999933,-0.008599999999999497,-0.6295999999999999,0.08580000000000076,-0.7553999999999998,0.3254999999999999,-0.3767000000000005,0.2062999999999997,-0.7250000000000005,-0.10130000000000017,-0.1680000000000348,-0.432000000000059,0.08699999999995711,0.0839999999999641,0.020999999999951058,0.26399999999999757,-0.11399999999997412,0.25800000000001155,-0.5519999999999659,0.19799999999999152,
-0.03790000000000049,-0.023000000000001464,-0.6267000000000014,0.08859999999999957,-0.7547000000000015,0.3342999999999998,-0.3804999999999996,0.2149000000000001,-0.7433999999999994,-0.09470000000000045,-0.008999999999979025,-0.40799999999995507,-0.5069999999999375,0.006000000000039307,-0.03599999999996939,-0.09299999999999642,0.006000000000012662,-0.31500000000001194,0.005999999999959371,-0.11099999999998111,
-0.03819999999999979,-0.036599999999999966,-0.6435999999999993,0.08880000000000088,-0.7559000000000005,0.33119999999999994,-0.3802999999999992,0.2043999999999997,-0.7432000000000007,-0.09839999999999982,-0.023999999999997357,-0.5190000000000161,0.6329999999999636,-0.11400000000000077,-0.2999999999999936,0.1470000000000038,0.0389999999999624,0.32099999999999795,-0.27899999999998926,0.33899999999998265,
-0.0389999999999997,-0.0539000000000005,-0.6225000000000005,0.08500000000000085,-0.7659000000000002,0.33610000000000007,-0.37900000000000045,0.21509999999999962,-0.7525000000000004,-0.0871000000000004,0.0840000000000174,0.030000000000036664,0.44400000000003104,0.03599999999996939,-0.1649999999999885,-0.24900000000000588,-0.3300000000000036,0.0030000000000196536,-0.4499999999999904,-0.008999999999979025,
-0.03619999999999912,-0.05289999999999928,-0.6076999999999995,0.08619999999999983,-0.7713999999999999,0.32779999999999987,-0.39000000000000057,0.21520000000000028,-0.7675000000000001,-0.0873999999999997,1.115999999999957,-0.5400000000000205,1.370999999999949,0.9419999999999895,0.15900000000000247,0.4890000000000061,-0.32699999999998397,0.33599999999998964,-0.5099999999999838,-0.05100000000001437,
9.999999999994458E-4,-0.07089999999999996,-0.5620000000000012,-0.7660999999999998,0.11759999999999948,0.3441000000000001,-0.40090000000000003,0.22639999999999993,-0.08910000000000018,-0.7844999999999995,0.40500000000001535,-0.0029999999999930083,0.48600000000003973,1.1190000000000033,0.438000000000045,-0.03900000000001569,-0.02100000000000435,0.19199999999997885,0.3479999999999883,-0.7470000000000176,
0.014499999999999957,-0.07099999999999973,-0.5457999999999998,-0.7287999999999997,-0.23409999999999975,0.34279999999999955,-0.4016000000000002,0.23279999999999923,-0.07750000000000057,-0.7520000000000007,0.4740000000000144,-0.6840000000000046,0.4290000000000127,0.09299999999999642,0.6209999999999916,0.31800000000000495,-0.46500000000000874,-0.14699999999997715,0.02100000000000435,-0.008999999999979025,
0.030300000000000438,-0.09379999999999988,-0.5314999999999994,-0.7256999999999998,-0.21340000000000003,0.3533999999999997,-0.41710000000000047,0.2279,-0.07680000000000042,-0.7523,0.02100000000000435,0.5790000000000362,0.19800000000001816,0.1320000000000121,-0.2609999999999779,0.3479999999999883,0.4440000000000044,0.32099999999999795,0.6270000000000042,0.2789999999999626,
0.031000000000000583,-0.07449999999999868,-0.5248999999999988,-0.7212999999999994,-0.6092999999999993,0.3649999999999993,-0.4023000000000003,0.23859999999999992,-0.05590000000000028,-0.46530000000000005,0.6630000000000003,-0.012000000000025324,0.5969999999999409,0.710999999999995,0.3869999999999507,0.04800000000002136,-0.13500000000000512,-0.27300000000000324,0.09900000000000908,-0.2310000000000212,
0.05310000000000059,-0.07489999999999952,-0.5050000000000008,-0.6975999999999996,-0.5964000000000009,0.36660000000000004,-0.4068000000000005,0.22949999999999982,-0.05259999999999998,-0.47300000000000075,0.8369999999999678,0.19199999999997885,0.5190000000000161,0.8099999999999774,0.44100000000003803,0.3029999999999866,-0.31800000000000495,0.389999999999997,0.43199999999997907,0.02100000000000435,
0.08099999999999952,-0.06850000000000023,-0.48770000000000024,-0.6706000000000003,-0.5816999999999997,0.3766999999999996,-0.41740000000000066,0.24249999999999972,-0.03820000000000068,-0.4723000000000006,1.7430000000000412,1.1370000000000147,0.7170000000000343,1.152000000000033,1.4610000000000056,0.36599999999999966,-0.24299999999999322,0.3479999999999883,0.6480000000000086,0.2370000000000072,
0.1391000000000009,-0.03059999999999974,-0.4637999999999991,-0.6321999999999992,-0.5329999999999995,0.3888999999999996,-0.42550000000000043,0.2540999999999993,-0.016600000000000392,-0.46440000000000037,1.0079999999999956,0.9570000000000078,0.9029999999999738,0.7950000000000124,0.9030000000000271,-0.18599999999999284,-0.4860000000000131,0.09600000000001607,0.37500000000000533,0.4800000000000004,
0.17270000000000074,0.001300000000000523,-0.4337,-0.6056999999999988,-0.5028999999999986,0.3826999999999998,-0.44170000000000087,0.25729999999999986,-0.004100000000000215,-0.44840000000000035,0.8219999999999494,0.2909999999999613,0.40199999999996905,0.15899999999994918,0.7079999999999487,-0.06899999999997242,-0.1859999999999662,0.09900000000000908,0.19500000000002515,0.15600000000000946,
0.20009999999999906,0.010999999999999233,-0.420300000000001,-0.6004000000000005,-0.4793000000000003,0.38040000000000074,-0.44789999999999974,0.26060000000000016,0.002400000000000624,-0.44320000000000004,-0.13799999999994483,0.07800000000003138,0.2670000000000172,-0.029999999999983373,0.1770000000000138,-0.015000000000018332,-0.17100000000000115,0.24299999999999322,-0.07500000000001172,-0.39299999999999,
0.1955000000000009,0.013600000000000279,-0.41140000000000043,-0.6013999999999999,-0.4733999999999998,0.3799000000000001,-0.4535999999999998,0.26869999999999994,-9.999999999976694E-5,-0.4562999999999997,1.043999999999965,0.9629999999999406,0.8069999999999844,1.0529999999999973,0.6749999999999723,0.008999999999979025,-0.2760000000000229,0.5099999999999838,-0.2160000000000295,0.5489999999999728,
0.23029999999999973,0.0456999999999983,-0.38450000000000095,-0.5663,-0.45090000000000074,0.3801999999999994,-0.46280000000000054,0.2856999999999994,-0.00730000000000075,-0.4380000000000006,1.0589999999999833,0.8940000000000481,0.387000000000004,0.7559999999999967,1.4400000000000013,-0.23999999999997357,0.03900000000001569,0.16800000000000814,-0.04199999999998205,0.01800000000001134,
0.26559999999999917,0.0754999999999999,-0.3716000000000008,-0.5411000000000001,-0.4029000000000007,0.3722000000000003,-0.4615,0.29129999999999967,-0.008700000000000152,-0.43740000000000023,1.6440000000000055,1.473000000000031,1.0350000000000392,0.9869999999999912,1.5810000000000457,-0.9900000000000109,-0.1649999999999885,0.732000000000026,-1.2570000000000014,-0.18599999999999284,
-0.3370999999999995,0.32039999999999935,0.12460000000000093,-0.5082000000000004,-0.3501999999999992,0.31570000000000054,0.33919999999999995,-0.46699999999999964,-0.0506000000000002,-0.4436,0.43499999999994543,0.5010000000000048,0.8819999999999695,0.2069999999999972,1.3109999999999289,-0.41100000000000136,-0.9179999999999922,-0.3990000000000027,-0.3119999999999923,-0.9570000000000078,
-0.32260000000000133,0.3370999999999995,0.15399999999999991,-0.5013000000000005,-0.30650000000000155,0.3020000000000005,0.3086000000000002,-0.4802999999999997,-0.06099999999999994,-0.47550000000000026,0.4440000000000843,0.9480000000000288,0.7200000000000273,0.28200000000003556,0.3840000000000643,0.28199999999998226,-0.3089999999999993,-0.36599999999999966,-0.4619999999999891,0.16800000000000814,
-0.3077999999999985,0.36870000000000047,-0.49189999999999934,0.17800000000000082,-0.2936999999999994,0.3113999999999999,0.29830000000000023,-0.07639999999999958,-0.4924999999999997,-0.4699,-0.6120000000000658,-0.27600000000004954,-0.08100000000002439,-0.40800000000006165,-0.5160000000000231,-0.41100000000000136,-0.17399999999999416,-0.07800000000000473,0.13199999999998546,0.02100000000000435,
-0.3282000000000007,0.3594999999999988,-0.49460000000000015,0.16439999999999877,-0.3109000000000002,0.29769999999999985,0.2925000000000004,-0.07899999999999974,-0.4881000000000002,-0.46919999999999984,0.2190000000000225,0.6780000000000186,0.07199999999999207,0.8370000000000211,0.2519999999999989,-0.011999999999972033,-0.36599999999999966,-0.6030000000000069,-0.2849999999999753,-0.10200000000000209,
-0.32089999999999996,0.38209999999999944,-0.4922000000000004,0.19229999999999947,-0.3025000000000002,0.2973000000000008,0.28030000000000044,-0.09909999999999997,-0.4975999999999994,-0.4725999999999999,-0.1679999999999815,0.1260000000000261,-0.1709999999999745,-0.05999999999996675,-0.5579999999999785,-0.8250000000000224,-0.11700000000002042,-0.5190000000000161,-2.6645352591003757E-14,0.18000000000000682,
-0.32649999999999935,0.3863000000000003,-0.49789999999999957,0.19030000000000058,-0.3210999999999995,0.26980000000000004,0.27639999999999976,-0.1164000000000005,-0.49760000000000026,-0.4665999999999997,0.722999999999967,0.9029999999999738,-0.023999999999997357,0.6779999999999653,-0.1740000000000208,-0.03900000000001569,0.2940000000000076,-0.1649999999999885,1.2870000000000115,1.2419999999999831,
-0.30240000000000045,0.21289999999999942,0.41639999999999944,-0.4986999999999995,-0.3269000000000002,0.2684999999999995,-0.4546999999999999,0.2862,-0.12190000000000012,-0.42520000000000024,-0.1740000000000208,0.23399999999998755,0.026999999999990365,-0.8100000000000307,-0.5430000000000135,-0.5759999999999899,0.4349999999999987,-0.047999999999994714,-0.6630000000000003,0.07500000000001172,
-0.30820000000000114,0.220699999999999,0.4172999999999991,-0.5257000000000005,-0.34500000000000064,0.24929999999999986,-0.4401999999999999,0.2846000000000002,-0.14400000000000013,-0.42269999999999985,0.06900000000005235,-0.13199999999995882,-0.3059999999999796,-1.0559999999999903,-0.5910000000000082,-0.9030000000000005,0.26399999999999757,-0.46800000000000175,-0.7980000000000054,-0.7800000000000207,
-0.3058999999999994,0.21630000000000038,0.4070999999999998,-0.3647000000000009,-0.5609000000000002,0.21919999999999984,-0.4314,0.26900000000000013,-0.44870000000000054,-0.1706000000000003,-0.6000000000000405,-0.1680000000000348,-0.31800000000000495,-0.3719999999999857,0.14699999999997715,-0.09299999999999642,0.09000000000000341,0.045000000000001705,0.01800000000001134,0.16800000000000814,
-0.32590000000000074,0.21069999999999922,0.39649999999999963,-0.5560000000000009,-0.37710000000000043,0.21609999999999996,-0.4283999999999999,0.2705000000000002,-0.16500000000000004,-0.44810000000000016,0.6330000000000169,-0.10199999999997544,0.384000000000011,-0.6780000000000186,-0.44099999999998474,0.0870000000000104,0.9539999999999882,-0.057000000000000384,0.31500000000001194,0.1049999999999951,
-0.3048000000000002,0.20730000000000004,0.4093,-0.3917999999999999,-0.5786000000000016,0.2190000000000003,-0.3966000000000003,0.26860000000000017,-0.44460000000000033,-0.15449999999999964,-0.5460000000000065,-0.6209999999999916,-0.32699999999998397,-0.20400000000000418,-0.48899999999992616,-0.4290000000000127,0.7260000000000133,-0.10800000000001475,0.1890000000000125,0.1499999999999968,
-0.3230000000000004,0.18660000000000032,0.39840000000000053,-0.39860000000000007,-0.5948999999999991,0.20469999999999988,-0.37239999999999984,0.2649999999999997,-0.4382999999999999,-0.14949999999999974,1.1160000000000103,0.713999999999988,1.5209999999999724,0.9929999999999772,0.06599999999995276,-0.3300000000000036,1.1459999999999937,-0.09899999999998244,0.6929999999999836,0.38099999999999135,
-0.28580000000000005,0.21039999999999992,0.4490999999999996,-0.3655000000000008,-0.5927000000000007,0.19369999999999976,-0.33420000000000005,0.26170000000000027,-0.41520000000000046,-0.13680000000000003,-0.49199999999997246,-0.11400000000000077,0.31800000000000495,0.045000000000001705,-1.106999999999978,-0.21899999999999586,-0.356999999999994,-0.8039999999999914,-0.5939999999999745,-0.8369999999999944,
-0.30219999999999914,0.2065999999999999,0.4596999999999998,-0.36400000000000077,0.09830000000000005,0.1863999999999999,-0.34609999999999985,0.23490000000000055,-0.4349999999999996,-0.6269,-0.20400000000000418,0.8069999999999844,0.7230000000000203,1.221000000000032,0.4800000000000004,-0.29699999999997395,0.20100000000001117,-0.6270000000000042,0.2519999999999989,0.6480000000000086,
-0.3089999999999993,0.23349999999999937,0.48380000000000045,-0.3232999999999997,0.11430000000000007,0.17650000000000077,-0.3393999999999995,0.2140000000000004,-0.42659999999999965,-0.6052999999999997,-0.22200000000001552,-0.1709999999999745,-0.15000000000002345,-0.33000000000003027,0.026999999999990365,0.18899999999998585,0.29399999999998094,0.6959999999999766,0.32699999999998397,0.387000000000004,
-0.3163999999999998,0.22780000000000022,-0.3343000000000007,0.47879999999999967,0.11519999999999975,0.1828000000000003,-0.3296000000000001,-0.4157000000000002,0.23719999999999963,-0.5923999999999996,-0.8460000000000001,0.44999999999996376,0.5309999999999881,0.8969999999999878,0.2069999999999972,-0.22500000000000853,0.21600000000000286,-0.3089999999999993,0.03300000000000303,0.24299999999999322,
-0.3445999999999998,0.24279999999999902,-0.3166000000000011,0.5086999999999993,0.12209999999999965,0.1753,-0.3224,-0.42600000000000016,0.23829999999999973,-0.5842999999999998,-0.9510000000000218,0.06899999999999906,0.5190000000000161,0.1649999999999885,-0.19200000000003214,-0.09600000000001607,0.011999999999998678,-0.356999999999994,-0.43799999999999173,0.28199999999998226,
0.24509999999999899,-0.3763000000000005,-0.29930000000000057,0.5141999999999989,0.11569999999999858,-0.32200000000000006,0.17209999999999948,-0.43789999999999996,0.2237,-0.5749000000000004,-0.09899999999998244,-1.5299999999999514,0.4290000000000127,0.20100000000006446,-0.5879999999999619,0.5460000000000065,-0.4799999999999738,-0.4440000000000044,-0.07800000000000473,0.6900000000000173,
0.24179999999999957,-0.4272999999999989,-0.28500000000000014,0.09609999999999985,0.520900000000001,-0.30379999999999985,0.15610000000000035,-0.4527000000000001,-0.5518999999999998,0.22109999999999985,0.06600000000000605,-0.8970000000000411,1.23899999999999,0.20100000000001117,0.3719999999999857,0.0629999999999864,-0.4349999999999987,-0.42300000000000004,0.37799999999999834,-0.24599999999998623,
0.24399999999999977,-0.4572000000000003,-0.24370000000000047,0.10280000000000022,0.5333000000000006,-0.3017000000000003,0.1416000000000004,-0.4668000000000001,-0.5392999999999999,0.2129000000000003,0.2549999999999919,-0.3449999999999953,0.4230000000000267,0.3779999999999717,0.8489999999999931,0.09600000000001607,-0.31500000000001194,-0.7049999999999823,-0.7170000000000076,-0.12899999999999245,
0.2524999999999995,-0.4687000000000001,-0.22959999999999958,-0.0411999999999999,0.11539999999999928,-0.29849999999999977,0.1311,-0.4902999999999995,0.5602999999999998,-0.5632000000000001,-0.1289999999999658,-0.3809999999999647,0.14099999999999113,0.09299999999999642,0.07800000000003138,-0.09000000000000341,-0.18599999999999284,-0.10500000000002174,-0.06300000000001305,0.17399999999999416,
0.24820000000000064,-0.48139999999999894,-0.22489999999999988,-0.03810000000000002,0.11800000000000033,-0.3014999999999999,0.12490000000000023,-0.49380000000000024,0.5581999999999994,-0.5574000000000003,0.44699999999997075,-0.5010000000000581,0.27899999999998926,-0.012000000000025324,0.26699999999996393,0.08099999999999774,-0.7530000000000037,-0.708000000000002,-1.0859999999999737,-0.11099999999998111,
0.26309999999999967,-0.4981000000000009,-0.03850000000000087,-0.21560000000000024,0.12689999999999912,-0.29879999999999995,0.09980000000000011,0.5220000000000002,-0.5174000000000003,-0.5610999999999997,0.27300000000000324,-0.5549999999999855,0.5460000000000065,0.7379999999999853,0.6480000000000352,-0.10800000000001475,-0.9780000000000122,-0.4590000000000227,-0.6630000000000003,-0.6000000000000139,
0.2721999999999998,-0.02030000000000065,-0.5166000000000004,-0.19100000000000072,0.1485000000000003,-0.30240000000000045,0.5066999999999995,0.0671999999999997,-0.5395000000000003,-0.5811000000000002,0.7200000000000273,-0.35399999999997434,-1.2659999999999805,1.158000000000019,0.6300000000000239,-1.131000000000002,-2.0729999999999915,-2.3760000000000048,-2.333999999999996,-0.9330000000000105,
-0.032099999999999795,0.2962000000000007,-0.5587999999999997,0.5970000000000013,0.1695000000000011,0.43759999999999977,-0.3401000000000005,-0.012000000000000455,0.08910000000000018,-0.6122000000000005,-0.27300000000000324,0.5519999999999925,-0.48299999999999343,0.7379999999999853,1.097999999999999,-1.1880000000000024,-0.44099999999998474,-1.3049999999999962,-1.1820000000000164,-0.359999999999987,
-0.0411999999999999,0.31460000000000043,0.6216000000000008,-0.13519999999999932,0.20610000000000106,0.3979999999999997,-0.3548,0.04969999999999963,-0.6379000000000001,-0.6242000000000001,0.43499999999994543,0.8189999999999564,1.4069999999999716,1.0319999999999396,0.5999999999999339,-0.713999999999988,-0.38399999999998435,-1.0109999999999886,-0.713999999999988,-0.716999999999981,
-0.026700000000001722,0.341899999999999,0.6684999999999999,-0.10080000000000133,0.22609999999999886,0.3742000000000001,-0.3675999999999995,0.016000000000000014,-0.6616999999999997,-0.6480999999999995,0.03600000000007597,-0.22199999999996223,-0.8219999999999494,-0.17999999999995353,-0.2939999999999543,0.4499999999999904,-0.024000000000024002,-0.1770000000000138,0.0059999999999860165,0.13499999999997847,
-0.02549999999999919,0.33450000000000024,0.6411000000000016,-0.10679999999999978,0.21630000000000038,0.38919999999999977,-0.3684000000000003,0.010099999999999554,-0.6615000000000002,-0.6436000000000002,0.7319999999999993,0.9120000000000061,1.2659999999999805,0.7319999999999993,1.2510000000000154,-0.6209999999999916,-0.39299999999999,-0.7319999999999727,-0.44399999999997775,0.024000000000024002,
-0.0010999999999992127,0.36490000000000045,-0.0823999999999998,0.6833000000000009,0.2580000000000009,0.36850000000000005,-0.38149999999999995,-0.6762999999999995,-0.014299999999999535,-0.6427999999999994,0.2969999999999473,1.181999999999963,1.0559999999999903,1.190999999999942,1.3859999999999673,-0.20700000000002383,-0.10200000000000209,-0.6210000000000182,-0.8190000000000364,-0.05700000000002703,
0.00879999999999903,0.4042999999999992,-0.04720000000000013,0.3041999999999998,0.722999999999999,0.36159999999999926,-0.3849,-0.6970000000000001,-0.6447000000000003,-0.04160000000000075,1.8150000000000333,2.460000000000022,1.620000000000008,2.133000000000038,3.0420000000000513,0.384000000000011,0.18299999999999983,-0.42000000000000703,0.5700000000000038,-0.6599999999999806,
0.06930000000000014,0.48629999999999995,0.006800000000000139,0.3753000000000011,0.8244000000000007,0.3743999999999996,-0.3788,-0.7110000000000003,-0.6257000000000001,-0.0636000000000001,0.1710000000000278,0.6899999999999906,0.4230000000000267,0.9839999999999982,0.5010000000000048,-0.23999999999997357,0.20400000000000418,-0.28199999999998226,-0.07499999999998508,-0.2579999999999849,
0.07500000000000107,0.5092999999999996,0.02090000000000103,0.408100000000001,0.8411000000000008,0.3664000000000005,-0.3719999999999999,-0.7203999999999997,-0.6281999999999996,-0.0721999999999996,1.0139999999999283,0.8489999999999931,0.7409999999999783,0.9209999999999319,1.370999999999949,0.3029999999999866,0.6630000000000003,-0.11999999999998678,0.6779999999999919,-0.2519999999999989,
0.10879999999999868,0.5375999999999994,0.04560000000000031,0.43879999999999875,0.6587999999999994,0.37650000000000006,-0.3498999999999999,-0.7243999999999993,-0.6055999999999999,0.5800000000000001,0.08700000000006369,0.09600000000004272,-0.0029999999999930083,-0.23699999999992727,-0.11399999999994748,-0.3119999999999923,-0.4919999999999991,-0.02100000000000435,-0.27599999999999625,-0.026999999999990365,
0.1117000000000008,0.5408000000000008,0.04550000000000054,0.43090000000000117,0.6550000000000011,0.3661000000000003,-0.36629999999999985,-0.7250999999999994,-0.6147999999999998,0.5791000000000004,0.4739999999999611,0.20099999999995788,0.35699999999996734,0.47999999999994714,0.8009999999999984,-0.2190000000000225,0.7229999999999936,-0.22500000000003517,0.33299999999999663,-0.46500000000000874,
0.1274999999999995,0.5474999999999994,0.05739999999999945,0.4468999999999994,0.6817000000000011,0.35879999999999956,-0.34220000000000006,-0.7326000000000006,-0.6036999999999999,0.5636000000000001,0.8729999999999905,0.2549999999999919,0.40800000000000836,0.9419999999999895,0.7499999999999574,-0.1289999999999658,0.45300000000001006,-0.014999999999965041,0.6000000000000139,-0.1470000000000038,
0.15659999999999918,0.5559999999999992,0.07099999999999973,0.47829999999999906,0.7066999999999997,0.3545000000000007,-0.3270999999999997,-0.7330999999999994,-0.5836999999999994,0.5587,1.8960000000000043,0.8400000000000141,1.5359999999999907,1.7550000000000132,2.1600000000000286,-0.6090000000000195,1.202999999999994,-0.29700000000002724,0.5819999999999759,-0.6239999999999846,
0.21979999999999933,0.5839999999999996,0.12219999999999942,0.5367999999999995,0.7787000000000006,0.33420000000000005,-0.2869999999999999,-0.7430000000000003,-0.5643000000000002,0.5379000000000005,0.9780000000000122,0.7290000000000063,1.1130000000000173,1.215000000000046,1.0859999999999737,-0.8340000000000014,0.23999999999997357,-0.6690000000000129,-0.3119999999999923,-0.7920000000000194,
