7.4623,8.326,0.5609999999999982,-0.28800000000002157
7.481,8.3164,0.3300000000000036,-0.2609999999999779
7.492,8.3077,-0.06899999999999906,-0.11400000000000077
7.4897,8.3039,0.779999999999994,-0.37200000000003897
7.5157,8.2915,0.9149999999999991,-0.4709999999999681
7.5462,8.2758,2.010000000000005,-0.9750000000000192
7.6132,8.2433,1.3680000000000092,-0.45300000000001006
7.6588,8.2282,1.3349999999999795,-0.44399999999997775
7.7033,8.2134,-0.04499999999997506,0.24900000000000588
7.7018,8.2217,2.0369999999999955,-0.18599999999999284
7.7697,8.2155,1.8510000000000026,0.18899999999998585
7.8314,8.2218,4.3349999999999955,0.6419999999999959
7.9759,8.2432,1.6439999999999788,0.32699999999998397
8.0307,8.2541,2.112000000000034,0.7890000000000263
8.1011,8.2804,0.01799999999995805,-0.06000000000002004
8.1017,8.2784,2.115000000000027,0.8100000000000307
8.1722,8.3054,2.1480000000000032,-0.24900000000000588
8.2438,8.2971,3.2489999999999952,-0.36899999999999267
8.3521,8.2848,3.7890000000000157,-0.09900000000003573
8.4784,8.2815,2.1629999999999683,-0.5910000000000082
8.5505,8.2618,0.22800000000000153,0.15600000000000946
8.5581,8.267,2.0310000000000095,-0.05399999999998073
8.6258,8.2652,2.408999999999981,-0.6479999999999819
8.7061,8.2436,3.807000000000027,0.24299999999996658
8.833,8.2517,2.906999999999993,0.1770000000000138
8.9299,8.2576,2.342999999999975,-0.4679999999999751
9.008,8.242,-0.28199999999998226,0.5969999999999942
8.9986,8.2619,2.8169999999999895,-0.19500000000002515
9.0925,8.2554,2.3640000000000327,-0.13500000000000512
9.1713,8.2509,4.341000000000008,-0.1770000000000138
9.316,8.245,1.9919999999999938,-0.13499999999995183
9.3824,8.2405,2.408999999999981,-0.3480000000000416
9.4627,8.2289,-0.18000000000000682,0.026999999999990365
9.4567,8.2298,1.932000000000027,-0.3479999999999883
9.5211,8.2182,1.8419999999999703,-1.358999999999977
9.5825,8.1729,3.8550000000000217,-1.5090000000000003
9.711,8.1226,1.7249999999999766,-0.3420000000000023
9.7685,8.1112,2.385000000000037,-0.2999999999999936
9.848,8.1012,0.23999999999997357,-0.18299999999999983
9.856,8.0951,2.384999999999984,-0.2610000000000312
9.9355,8.0864,2.523000000000035,-0.32099999999999795
10.0196,8.0757,3.7139999999999773,-0.5609999999999715
10.1434,8.057,2.253000000000025,-0.4740000000000144
10.2185,8.0412,1.8659999999999677,-0.8460000000000001
10.2807,8.013,0.09299999999999642,-0.31800000000000495
10.2838,8.0024,2.129999999999992,-0.5940000000000012
10.3548,7.9826,2.2200000000000486,-0.5309999999999881
10.4288,7.9649,3.4019999999999584,-1.592999999999991
10.5422,7.9118,1.808999999999994,-0.6240000000000112
10.6025,7.891,2.0880000000000365,-0.8550000000000058
10.6721,7.8625,0.20100000000001117,0.03900000000001569
10.6788,7.8638,1.490999999999989,-0.36000000000001364
10.7285,7.8518,1.7669999999999852,-0.8310000000000084
10.7874,7.8241,2.9850000000000243,-1.1129999999999907
10.8869,7.787,1.6529999999999845,-0.3089999999999993
10.942,7.7767,1.3289999999999935,-0.7949999999999857
10.9863,7.7502,-0.2549999999999919,0.05399999999998073
10.9778,7.752,2.2199999999999953,-0.4169999999999874
11.0518,7.7381,0.8850000000000158,-1.1010000000000186
11.0813,7.7014,2.2319999999999673,-1.2539999999999818
11.1557,7.6596,1.554000000000002,-0.7260000000000133
11.2075,7.6354,0.9210000000000385,-0.3029999999999866
11.2382,7.6253,-0.11100000000000776,-0.07200000000001872
11.2345,7.6229,1.109999999999971,-0.8639999999999848
11.2715,7.5941,0.713999999999988,-0.7200000000000006
11.2953,7.5701,2.139000000000024,-1.0830000000000073
11.3666,7.534,1.2060000000000137,-0.5729999999999968
11.4068,7.5149,0.389999999999997,-0.8699999999999974
11.4198,7.4859,-0.2610000000000312,0.045000000000001705
11.4111,7.4874,1.155000000000026,0.035999999999996035
11.4496,7.4886,0.45600000000000307,-1.4009999999999856
11.4648,7.4419,1.5060000000000073,-1.545000000000023
11.515,7.3904,0.9779999999999589,-0.6329999999999902
11.5476,7.3693,0.5700000000000038,-0.4139999999999944
11.5666,7.3555,-0.11099999999995447,0.017999999999984695
11.5629,7.3561,0.5159999999999698,-0.5519999999999925
11.5801,7.3377,1.6860000000000142,0.0029999999999930083
11.6363,7.3378,1.164000000000005,-0.2999999999999936
11.6751,7.3278,0.5250000000000021,-0.24299999999999322
11.6926,7.3197,1.4429999999999943,-0.0870000000000104
11.7407,7.3168,-0.012000000000025324,-0.1920000000000055
11.7403,7.3104,1.2720000000000198,0.06600000000000605
11.7827,7.3126,1.1489999999999867,-0.5219999999999825
11.821,7.2952,1.6860000000000142,-0.5820000000000025
11.8772,7.2758,0.8939999999999948,-0.9090000000000131
11.907,7.2455,1.7159999999999975,0.12899999999999245
11.9642,7.2498,-0.06000000000002004,-0.38699999999997736
11.9622,7.2369,1.2960000000000171,-0.11400000000000077
12.0054,7.2331,1.4370000000000083,-0.1920000000000055
12.0533,7.2267,2.394000000000016,-0.3449999999999953
12.1331,7.2152,0.6719999999999793,-0.1890000000000125
12.1555,7.2089,1.1519999999999797,0.0029999999999930083
12.1939,7.209,0.3360000000000163,-0.05099999999998772
12.2051,7.2073,0.9480000000000288,0.18000000000000682
12.2367,7.2133,1.3169999999999682,-0.3420000000000023
12.2806,7.2019,2.5260000000000282,0.27599999999999625
12.3648,7.2111,1.2119999999999997,-0.13799999999999812
12.4052,7.2065,0.8519999999999861,-0.12599999999999945
12.4336,7.2023,-0.009000000000032315,-0.13500000000000512
12.4333,7.1978,0.384000000000011,-0.5039999999999978
12.4461,7.181,0.9389999999999965,-0.9120000000000061
12.4774,7.1506,1.2420000000000364,-2.3489999999999878
12.5188,7.0723,1.2869999999999848,-0.00900000000000567
12.5617,7.072,1.551000000000009,-0.16199999999999548
12.6134,7.0666,0.03299999999997638,-0.18000000000000682
12.6145,7.0606,1.1100000000000243,0.32099999999999795
12.6515,7.0713,1.4459999999999873,-0.1920000000000055
12.6997,7.0649,2.8829999999999956,0.5550000000000122
12.7958,7.0834,2.066999999999979,1.3920000000000066
12.8647,7.1298,1.2000000000000277,1.0439999999999916
12.9047,7.1646,0.4349999999999987,0.22199999999998887
12.9192,7.172,1.3710000000000022,1.0740000000000016
12.9649,7.2078,1.5149999999999864,1.3350000000000062
13.0154,7.2523,2.405999999999988,2.9519999999999946
13.0956,7.3507,1.0590000000000366,1.164000000000005
13.1309,7.3895,2.072999999999965,1.7550000000000132
13.2,7.448,-0.23099999999999454,0.1949999999999985
