-0.08680000000000021,-0.5421000000000005,-0.6876000000000007,-0.5263,0.14979999999999993,-0.45289999999999964,0.24649999999999928,-0.22949999999999982,0.7963000000000005,1.0457,-0.387000000000004,-0.5700000000000038,-0.6539999999999946,-0.8579999999999988,-0.2910000000000146,0.10499999999996845,0.2069999999999972,0.36000000000001364,0.3719999999999857,0.15600000000000946,
-0.09970000000000034,-0.5611000000000006,-0.7094000000000005,-0.5549,0.14009999999999945,-0.4494000000000007,0.2533999999999992,-0.21749999999999936,0.8087,1.0509000000000004,0.2940000000000076,0.1290000000000191,0.09600000000001607,-0.18599999999999284,-0.05399999999998073,-0.18599999999999284,0.10800000000001475,0.0389999999999624,-0.045000000000001705,0.10800000000001475,
-0.08990000000000009,-0.5568,-0.7061999999999999,-0.5610999999999997,0.1383000000000001,-0.45560000000000045,0.2569999999999997,-0.21620000000000061,0.8071999999999999,1.0545000000000009,-0.6390000000000029,-0.6270000000000042,-0.33599999999998964,-0.9030000000000005,-0.7530000000000037,-0.2640000000000242,-0.4710000000000214,-0.10199999999997544,-0.1680000000000348,-0.6540000000000212,
-0.11120000000000019,-0.5777000000000001,-0.7173999999999996,-0.5911999999999997,0.11319999999999997,-0.46440000000000126,0.24129999999999896,-0.2195999999999998,0.8015999999999988,1.0327000000000002,0.11699999999999378,0.2099999999999902,-0.012000000000025324,0.4139999999999944,0.2669999999999906,-0.07499999999998508,0.28800000000002157,-0.08100000000002439,0.6570000000000142,0.4259999999999664,
-0.1073000000000004,-0.5707000000000004,-0.7178000000000004,-0.5773999999999999,0.12209999999999965,-0.46690000000000076,0.2508999999999997,-0.2223000000000006,0.8234999999999992,1.046899999999999,-0.23399999999998755,-0.34199999999997566,-0.05099999999998772,-0.5759999999999899,-0.16199999999996884,0.024000000000050647,-0.07199999999999207,0.18300000000005312,0.06600000000005934,-0.07499999999998508,
-0.11509999999999998,-0.5820999999999996,-0.7195,-0.5965999999999996,0.11670000000000069,-0.46609999999999907,0.24849999999999994,-0.21619999999999884,0.8257000000000012,1.0443999999999996,-0.4349999999999987,-0.4169999999999874,-0.4589999999999961,-0.7500000000000107,-0.30000000000002025,0.4320000000000057,0.3420000000000023,0.44699999999997075,0.3029999999999866,-0.06599999999995276,
-0.12959999999999994,-0.5959999999999992,-0.7347999999999999,-0.6215999999999999,0.10670000000000002,-0.4516999999999989,0.2599,-0.2012999999999998,0.8358000000000008,1.0422000000000011,-0.9240000000000048,-1.443000000000021,-0.9930000000000039,-2.331000000000003,-0.5820000000000025,0.4739999999999611,0.5549999999999855,0.2069999999999972,0.9869999999999912,0.27899999999993597,
-0.1604000000000001,-0.6440999999999999,-0.7679,0.08729999999999993,-0.6993,-0.4359000000000002,0.27839999999999954,-0.1943999999999999,1.051499999999999,0.8687000000000005,-1.100999999999992,-0.2519999999999989,0.08099999999999774,-0.32099999999999795,-1.0860000000000003,0.0870000000000104,-0.01800000000001134,-0.23700000000003385,-0.14699999999997715,0.9419999999999895,
-0.19709999999999983,-0.6524999999999999,-0.7652000000000001,0.0766,-0.7355,-0.43299999999999983,0.27779999999999916,-0.20230000000000103,1.0465999999999998,0.9001000000000001,-0.45300000000001006,-1.0170000000000279,-1.3080000000000158,-0.6630000000000003,-1.7400000000000215,0.13500000000000512,0.33000000000003027,0.18600000000004613,-0.49499999999996547,0.6209999999999916,
-0.21220000000000017,-0.6864000000000008,-0.8088000000000006,0.05449999999999999,-0.7935000000000008,-0.42849999999999966,0.28880000000000017,-0.1960999999999995,1.030100000000001,0.9207999999999998,-0.1709999999999745,0.47100000000004805,-0.09599999999996278,-0.014999999999991687,0.07800000000003138,-0.10500000000002174,-0.7290000000000063,-0.10200000000002873,-0.1320000000000654,-0.27900000000004255,
-0.21789999999999932,-0.6706999999999992,-0.8119999999999994,0.05400000000000027,-0.7908999999999997,-0.4320000000000004,0.26449999999999996,-0.19950000000000045,1.0256999999999987,0.9114999999999984,-0.8820000000000228,-0.735000000000019,-0.46800000000000175,-0.5609999999999982,-1.84499999999999,0.41100000000000136,0.8220000000000027,-0.32099999999999795,-0.6929999999999836,0.2640000000000242,
-0.24730000000000008,-0.6951999999999998,-0.8275999999999994,0.03530000000000033,-0.8523999999999994,-0.41830000000000034,0.29190000000000005,-0.2102000000000004,1.0025999999999993,0.9202999999999992,-0.15600000000000946,0.05699999999997374,-0.2670000000000172,0.15899999999997583,-0.40200000000002234,-0.17399999999996751,0.03299999999997638,-0.2970000000000006,-0.14699999999997715,-0.5700000000000038,
-0.2525000000000004,-0.6933000000000007,-0.8365,0.040599999999999525,-0.8658000000000001,-0.42409999999999926,0.29299999999999926,-0.2201000000000004,0.9977,0.9012999999999991,-2.195999999999998,-2.6400000000000023,-1.520999999999999,-1.6619999999999902,-3.744000000000014,0.6989999999999696,0.15900000000000247,-0.11999999999998678,-0.7200000000000273,-1.1999999999999744,
-0.3257000000000003,-0.7813000000000008,-0.8872,-0.014800000000000146,-0.9906000000000006,-0.40080000000000027,0.29829999999999934,-0.22409999999999997,0.9736999999999991,0.8613,-1.2149999999999928,-1.5479999999999894,-0.8970000000000145,-0.810000000000004,-2.8169999999999895,0.6059999999999732,0.5160000000000231,0.31800000000000495,-0.1259999999999728,-0.6869999999999976,
-0.3662000000000001,-0.8329000000000004,-0.9171000000000005,-0.04180000000000028,-1.0845000000000002,-0.38060000000000116,0.3155000000000001,-0.2134999999999998,0.9695,0.8384,-1.1820000000000164,-1.7820000000000036,-1.0259999999999803,-1.0799999999999876,-2.5739999999999963,-0.27599999999994296,-0.384000000000011,-0.6719999999999793,-0.8849999999999625,-1.6379999999999661,
-0.4056000000000006,-0.8923000000000005,-0.07779999999999987,-0.9512999999999998,-1.1703000000000001,-0.38979999999999926,0.30269999999999975,0.9400000000000013,-0.2358999999999991,0.7838000000000012,0.4980000000000384,0.06900000000002571,0.1499999999999968,0.1949999999999985,-0.11999999999998678,0.023999999999997357,0.03600000000002268,-0.06600000000000605,0.0029999999999930083,0.0059999999999860165,
-0.38899999999999935,-0.8899999999999997,-0.07279999999999998,-0.9447999999999999,-1.2534999999999998,-0.38899999999999935,0.3039000000000005,0.9378000000000011,-0.23579999999999934,-0.648299999999999,-1.2000000000000277,-1.0199999999999942,-0.9509999999999952,-1.0799999999999876,-1.3260000000000005,0.19499999999997186,0.19799999999996487,0.08699999999995711,0.4199999999999804,0.6989999999999696,
-0.42900000000000027,-0.10449999999999982,-0.9239999999999995,-0.9807999999999995,-1.2976999999999999,-0.3825000000000003,0.9406999999999996,0.31049999999999933,-0.2218,-0.625,-1.1160000000000103,-1.122000000000023,-1.5540000000000287,-1.0110000000000419,-1.8480000000000096,-0.6029999999999802,-0.5549999999999855,-0.30899999999997263,-0.15300000000001646,-0.36000000000001364,
-0.4662000000000006,-0.14190000000000058,-0.9758000000000004,-1.0145000000000008,-0.9044000000000008,-0.4025999999999996,0.9222000000000001,0.30020000000000024,-0.22690000000000055,1.1745,-2.2619999999999774,-1.9649999999999768,-2.1479999999999766,-2.8409999999999602,-2.5319999999999876,-0.777000000000001,-1.029,-0.384000000000011,0.3420000000000023,-2.519999999999989,
-0.5415999999999999,-0.2073999999999998,-1.0473999999999997,-1.1091999999999995,-0.9888000000000003,-0.42849999999999966,0.8879000000000001,0.2873999999999999,-0.21550000000000047,1.0905000000000005,-1.1010000000000186,-1.2390000000000168,-1.3080000000000158,-1.473000000000031,-2.0069999999999855,-0.36599999999999966,-0.03299999999997638,-0.011999999999972033,0.7380000000000386,-0.9810000000000052,
-0.5783000000000005,-0.24870000000000037,-1.0910000000000002,-1.1583000000000006,-1.0556999999999999,-0.44069999999999965,0.8868000000000009,0.2870000000000008,-0.19089999999999918,1.0578000000000003,-1.5029999999999877,-0.29099999999998793,-0.5039999999999978,-1.169999999999991,-1.2150000000000194,-0.6540000000000212,-0.05700000000002703,-0.11100000000006105,0.4139999999999411,-0.6360000000000099,
-0.6284000000000001,-0.25839999999999996,-1.1078000000000001,-1.1973000000000003,-1.0962000000000005,-0.46250000000000036,0.8849,0.2832999999999988,-0.17710000000000115,1.0366,0.2820000000000089,-0.1499999999999968,-0.07199999999999207,0.06900000000002571,0.012000000000025324,0.18599999999999284,-0.16500000000004178,0.0420000000000087,0.11100000000000776,-0.05100000000004101,
-0.6189999999999998,-0.26339999999999986,-1.1101999999999999,-1.1949999999999994,-1.0957999999999997,-0.4563000000000006,0.8793999999999986,0.28469999999999906,-0.1734000000000009,1.0348999999999986,-0.33299999999999663,-1.4700000000000113,-0.8729999999999905,-0.9960000000000235,-1.2480000000000224,-0.2489999999999526,0.0900000000000567,-0.023999999999944066,0.762000000000036,-0.24599999999995958,
-0.6300999999999997,-0.31240000000000023,-1.1392999999999995,-1.2282000000000002,-1.1374000000000004,-0.464599999999999,0.8824000000000005,0.28390000000000093,-0.1479999999999997,1.0267,-0.8760000000000101,-0.7619999999999827,-0.7200000000000006,-1.6859999999999875,-1.3409999999999922,-0.27300000000005653,0.3749999999999787,0.06299999999995975,0.8339999999999748,-0.5759999999999899,
-0.6593,-0.33779999999999966,-1.1632999999999996,-1.2843999999999998,-1.1821000000000002,-0.4737000000000009,0.8948999999999998,0.2859999999999996,-0.12020000000000053,1.0075000000000003,-2.079000000000004,-1.2630000000000141,-1.5570000000000217,-2.5950000000000006,-2.3099999999999987,-0.31199999999996564,-0.19800000000001816,0.045000000000001705,1.166999999999998,-0.3449999999999953,
-0.7286000000000001,-0.3799000000000001,-1.2152000000000003,-1.3708999999999998,-1.2591,-0.48409999999999975,0.8882999999999992,0.28749999999999964,-0.0813000000000006,0.9960000000000004,-0.38099999999999135,-1.1489999999999867,-0.24299999999999322,-0.774000000000008,-0.735000000000019,-0.3000000000000469,0.09899999999998244,0.008999999999979025,0.716999999999981,-0.11700000000004707,
-0.7412999999999998,-0.4181999999999997,-1.2233,-1.3967,-1.2836000000000007,-0.4941000000000013,0.8915999999999986,0.28779999999999895,-0.05740000000000123,0.9920999999999989,-0.4800000000000004,-0.8910000000000018,-0.04800000000002136,-1.3650000000000162,-0.8009999999999984,0.13500000000000512,-0.6119999999999592,-0.06600000000000605,0.4200000000000337,0.012000000000025324,
-0.7572999999999999,-0.44789999999999974,-1.2249000000000008,-1.4422000000000006,-1.3103000000000007,-0.48960000000000115,0.8712,0.28559999999999874,-0.043400000000000105,0.9924999999999997,0.32099999999999795,0.13199999999998546,0.5970000000000208,0.12000000000004007,0.32099999999999795,0.24000000000002686,-0.4169999999999874,0.16200000000004877,0.1680000000000348,0.023999999999997357,
-0.7465999999999999,-0.4435000000000002,-1.205,-1.4381999999999993,-1.2996000000000008,-0.48160000000000025,0.8573000000000004,0.29100000000000037,-0.037799999999998946,0.9932999999999996,-0.1470000000000038,-0.8190000000000097,-0.42899999999998606,-0.5340000000000344,-0.4349999999999987,0.1710000000000278,-0.6390000000000029,-0.045000000000001705,0.011999999999972033,0.05400000000003402,
-0.7515000000000001,-0.47080000000000055,-1.2192999999999996,-1.4560000000000004,-1.3141000000000007,-0.4758999999999993,0.8360000000000003,0.2895000000000003,-0.03739999999999988,0.9951000000000008,0.09899999999998244,-0.2549999999999919,-0.3030000000000399,-0.78599999999998,-0.2999999999999936,0.710999999999995,-0.9749999999999659,0.6060000000000265,-0.3449999999999953,0.20100000000001117,
-0.7482000000000006,-0.4793000000000003,-1.229400000000001,-1.4821999999999997,-1.3241000000000005,-0.4521999999999995,0.8035000000000014,0.3097000000000012,-0.04889999999999972,1.0018000000000011,0.4830000000000201,-0.14099999999999113,0.8940000000000481,-1.7159999999999975,-0.11699999999999378,0.782999999999987,-1.5540000000000553,-0.2160000000000295,-0.8100000000000307,-0.10500000000007503,
-0.7321,-0.484,-1.1995999999999993,-1.5393999999999997,-1.3280000000000003,-0.4260999999999999,0.7516999999999996,0.3025000000000002,-0.07590000000000074,0.9982999999999986,0.44099999999998474,-0.2790000000000159,0.5789999999999829,-1.0620000000000296,-0.09299999999999642,0.4770000000000074,-0.9029999999999738,-0.0389999999999624,-0.1289999999999658,0.009000000000085606,
-0.7174000000000005,-0.4933000000000005,-1.1803,-1.5748000000000006,-1.3311000000000002,-0.4101999999999997,0.7216000000000005,0.30120000000000147,-0.0801999999999996,0.9986000000000015,0.006000000000012662,-0.3089999999999993,0.3720000000000123,-0.6480000000000086,-0.8340000000000014,1.155000000000026,-0.31500000000001194,0.5819999999999759,0.6419999999999959,0.5519999999999925,
-0.7172000000000001,-0.5036000000000005,-1.1678999999999995,-1.596400000000001,-1.3589000000000002,-0.3716999999999988,0.7111000000000001,0.32060000000000066,-0.05879999999999974,1.0170000000000012,-0.27599999999999625,0.23700000000003385,0.41100000000000136,-0.43499999999994543,0.23700000000003385,-0.49800000000001177,-0.06299999999995975,-0.39299999999999,-0.23699999999998056,-0.2160000000000295,
-0.7263999999999999,-0.49569999999999936,-1.1541999999999994,-1.610899999999999,-1.350999999999999,-0.3882999999999992,0.7090000000000014,0.307500000000001,-0.0666999999999991,1.0098000000000003,0.1049999999999951,-0.5070000000000174,0.13799999999997148,-0.858000000000052,-0.5190000000000428,-0.27000000000001023,-0.45300000000001006,0.05699999999997374,-0.14700000000003044,-0.40500000000001535,
-0.7229000000000001,-0.5126,-1.1496000000000004,-1.6395000000000008,-1.3683000000000005,-0.39729999999999954,0.6939000000000011,0.3094000000000001,-0.07160000000000011,0.9962999999999997,-0.4770000000000074,-0.5370000000000008,-1.1579999999999924,-0.9030000000000005,-1.1219999999999697,0.8699999999999974,0.0809999999999711,0.8549999999999791,0.8670000000000044,0.24000000000002686,
-0.7388000000000003,-0.5305,-1.1882000000000001,-1.6696000000000009,-1.4056999999999995,-0.3682999999999996,0.6966000000000001,0.3378999999999994,-0.04269999999999996,1.0043000000000006,-0.6780000000000186,-1.2180000000000124,0.11099999999998111,-1.6739999999999622,-1.2060000000000404,0.30899999999997263,0.32699999999998397,0.16199999999999548,1.2929999999999708,-0.9000000000000341,
-0.761400000000001,-0.5711000000000004,-1.1845000000000008,-1.7253999999999996,-1.4459000000000009,-0.35800000000000054,0.7074999999999996,0.3432999999999993,3.9999999999906777E-4,0.9742999999999995,-0.21899999999996922,0.2850000000000019,0.9240000000000315,0.4619999999999891,-0.17999999999995353,1.026000000000007,1.2839999999999918,0.8460000000000001,2.0910000000000295,1.3800000000000345,
-0.7686999999999999,-0.5616000000000003,-1.1536999999999997,-1.71,-1.4518999999999993,-0.3238000000000003,0.7502999999999993,0.3714999999999993,0.07010000000000005,1.0203000000000007,-0.5070000000000174,-0.26399999999999757,0.20999999999996355,-1.1010000000000186,-0.5370000000000541,-0.09000000000000341,-0.18899999999998585,0.15900000000005576,0.5069999999999908,-0.16199999999999548,
-0.7856000000000005,-0.5704000000000002,-1.146700000000001,-1.7467000000000006,-1.469800000000001,-0.3268000000000004,0.7439999999999998,0.37680000000000113,0.08699999999999974,1.0149000000000008,-0.2339999999999609,-0.39599999999998303,-0.1049999999999951,-0.2400000000000002,-0.4469999999999441,0.2609999999999779,0.5819999999999759,0.0389999999999624,0.0809999999999711,0.2069999999999439,
-0.7933999999999992,-0.5835999999999997,-1.1502000000000008,-1.7547000000000006,-1.4846999999999992,-0.31810000000000116,0.763399999999999,0.3780999999999999,0.08969999999999878,1.021799999999999,0.035999999999996035,0.22499999999998188,0.11700000000002042,-0.08999999999997677,-0.1980000000000448,0.4230000000000267,-0.2970000000000006,0.32399999999999096,0.5790000000000362,0.045000000000001705,
-0.7921999999999993,-0.5761000000000003,-1.1463,-1.7576999999999998,-1.4913000000000007,-0.30400000000000027,0.753499999999999,0.3888999999999996,0.10899999999999999,1.023299999999999,-0.6030000000000069,-0.5879999999999885,-0.10200000000000209,-0.5130000000000035,-0.4799999999999738,0.8969999999999878,0.5820000000000292,0.3420000000000023,1.3169999999999682,0.768000000000022,
-0.8122999999999996,-0.5956999999999999,-1.1497000000000002,-1.7748,-1.5072999999999999,-0.2741000000000007,0.7728999999999999,0.40029999999999966,0.15289999999999893,1.0488999999999997,0.24599999999998623,-0.7049999999999823,0.6180000000000252,-1.3530000000000175,-0.3630000000000333,1.1820000000000164,-0.5159999999999698,0.08100000000002439,0.13800000000005141,0.834000000000028,
-0.8041,-0.6191999999999993,-1.1290999999999993,-1.8199000000000005,-1.519400000000001,-0.23470000000000013,0.7557000000000009,0.40300000000000047,0.15750000000000064,1.0767000000000007,-0.6810000000000116,-0.2610000000000312,-0.12300000000003308,-0.0840000000000174,-1.046999999999958,0.8460000000000001,-0.16500000000004178,0.4619999999999891,0.48299999999999343,1.0829999999999806,
-0.8268000000000004,-0.6279000000000003,-1.1332000000000004,-1.822700000000001,-1.7219999999999995,-0.20650000000000013,0.7501999999999995,0.4184000000000001,0.17360000000000042,0.7201000000000004,0.018000000000037986,-0.36299999999998,-0.2879999999999949,-0.9869999999999646,-0.29399999999998094,0.8760000000000367,-0.13499999999995183,0.10500000000002174,-0.1740000000000208,0.35399999999997434,
-0.8261999999999992,-0.6399999999999997,-1.1428000000000003,-1.8556,-1.731799999999999,-0.1772999999999989,0.7457000000000011,0.42190000000000083,0.16779999999999973,0.7318999999999996,-0.07200000000001872,0.09299999999996977,0.13199999999998546,-0.03300000000000303,0.11099999999998111,0.044999999999948415,0.36599999999994637,-0.03300000000002967,0.14999999999997016,0.3059999999999796,
-0.8285999999999998,-0.6369000000000007,-1.1384000000000007,-1.8567,-1.7280999999999995,-0.17580000000000062,0.7578999999999994,0.42079999999999984,0.17279999999999873,0.7420999999999989,-0.06599999999997941,0.054000000000007375,0.12000000000001343,-1.1789999999999967,-0.21000000000001684,0.9419999999999895,-0.329999999999977,0.20100000000001117,-0.026999999999990365,-0.13500000000000512,
-0.8307999999999991,-0.6351000000000004,-1.1344000000000003,-1.7351,-1.896,-0.14440000000000097,0.7469000000000001,0.4275000000000002,0.7375999999999987,0.17189999999999905,-0.30900000000005257,0.34800000000001496,0.414000000000021,0.21600000000000286,0.04199999999998205,0.819000000000063,0.45600000000000307,0.09900000000003573,0.831000000000035,1.0530000000000506,
-0.8411000000000008,-0.6234999999999999,-1.1205999999999996,-1.7279,-1.8946000000000005,-0.11709999999999887,0.7621000000000002,0.4308000000000014,0.7652999999999999,0.20700000000000074,-0.05999999999996675,0.18899999999998585,0.7049999999999557,0.23099999999999454,-0.5160000000000231,0.2579999999999316,-0.06600000000000605,-0.10200000000008203,-0.7500000000000107,1.1039999999999317,
-0.8430999999999997,-0.6172000000000004,-1.097100000000001,-1.7202000000000002,-1.9118000000000013,-0.10850000000000115,0.7599,0.42739999999999867,0.7402999999999995,0.24379999999999846,-1.172999999999984,0.2130000000000365,0.9330000000000105,-0.19800000000001816,-0.18599999999993955,0.5100000000000371,-0.2579999999999849,0.3870000000000573,-0.0839999999999641,0.3840000000000643,
-0.8821999999999992,-0.6100999999999992,-1.0660000000000007,-1.7268000000000008,-1.9179999999999993,-0.09149999999999991,0.7513000000000005,0.4403000000000006,0.7375000000000007,0.2566000000000006,-0.7920000000000194,0.2909999999999613,-0.2849999999999753,-0.5729999999999968,-0.9330000000000105,0.3510000000000346,0.09000000000000341,0.36899999999999267,0.18000000000000682,0.6120000000000125,
-0.9085999999999999,-0.6004000000000005,-1.0755,-1.7459000000000007,-1.9490999999999996,-0.07979999999999876,0.7543000000000006,0.45260000000000034,0.7435000000000009,0.277000000000001,-0.23700000000003385,-0.2910000000000146,0.18899999999998585,-0.22800000000000153,-0.24300000000001987,-0.7200000000000273,-0.5250000000000021,-0.41100000000000136,-0.6390000000000562,-0.6540000000000212,
-0.916500000000001,-0.610100000000001,-1.0692000000000004,-1.7535000000000007,-1.9572000000000003,-0.10379999999999967,0.7368000000000006,0.4389000000000003,0.7221999999999991,0.2552000000000003,-0.7949999999999591,0.8850000000000158,0.015000000000018332,-0.26999999999995694,0.10800000000001475,0.1680000000000348,-0.27000000000001023,0.5580000000000318,0.33300000000007657,1.0590000000000366,
-0.5806000000000004,-0.9429999999999996,-1.0686999999999998,-1.7624999999999993,-1.9535999999999998,0.7278000000000002,-0.09819999999999851,0.45750000000000135,0.7333000000000016,0.29050000000000153,0.3479999999999883,-0.5730000000000501,0.05099999999998772,-0.32700000000003726,0.2940000000000076,0.7200000000000273,0.4739999999999611,0.7319999999999993,0.44999999999996376,0.8549999999999791,
-0.5690000000000008,-0.9621000000000013,-1.0670000000000002,-1.7734000000000005,-1.9437999999999995,0.7518000000000011,-0.0823999999999998,0.4819000000000013,0.7483000000000004,0.31900000000000084,1.2990000000000101,-1.7039999999999722,-1.235999999999997,-1.6499999999999915,-0.3540000000000276,0.8339999999999748,1.490999999999989,1.7639999999999922,1.6019999999999968,2.732999999999972,
-0.5257000000000005,-1.0189000000000004,-1.1082,-1.8284000000000002,-1.9556000000000004,0.7796000000000003,-0.03270000000000017,0.5407000000000011,0.8017000000000003,0.4100999999999999,0.23399999999998755,0.11999999999998678,0.8609999999999651,0.31199999999996564,-0.20400000000000418,0.026999999999990365,0.030000000000036664,0.05099999999998772,0.9510000000000218,1.1790000000000234,
-0.5179000000000009,-1.0149000000000008,-1.0795000000000012,-1.8180000000000014,-1.9624000000000006,0.7805,-0.03169999999999895,0.5424000000000007,0.833400000000001,0.4494000000000007,0.4800000000000537,-1.029,-1.364999999999963,-0.6809999999999583,-0.3449999999999953,0.14700000000003044,0.8999999999999808,0.8279999999999887,0.14999999999997016,0.7319999999999993,
-0.5018999999999991,-1.0492000000000008,-1.125,-1.8407,-1.9739000000000004,0.785400000000001,-0.0016999999999995907,0.5700000000000003,0.8384,0.47380000000000067,0.20099999999995788,0.21000000000004349,1.0500000000000043,0.09000000000000341,0.31500000000001194,-0.18300000000005312,-0.18599999999999284,-0.44700000000002404,0.2999999999999936,-0.05100000000004101,
-0.49520000000000053,-1.0421999999999993,-1.0899999999999999,-1.9634,-1.8377,0.7792999999999992,-0.007899999999999352,0.5550999999999995,0.4720999999999993,0.8483999999999998,0.5370000000000275,-0.6390000000000029,-0.5879999999999619,-0.13499999999995183,-0.23699999999998056,0.1740000000000208,0.8759999999999835,0.7170000000000343,0.27600000000004954,0.35700000000002063,
-0.4772999999999996,-1.0634999999999994,-1.1095999999999986,-1.9678999999999984,-1.8455999999999992,0.7850999999999999,0.021300000000000097,0.5790000000000006,0.48130000000000095,0.8603000000000005,0.9029999999999738,-0.11700000000004707,0.11099999999995447,-0.5610000000000781,1.11899999999995,-0.7649999999999757,0.06000000000002004,-0.4710000000000214,0.4139999999999944,0.008999999999979025,
-0.4472000000000005,-1.067400000000001,-1.1059,-1.808300000000001,-1.3325000000000014,0.7596000000000007,0.023300000000000765,0.5632999999999999,0.8605999999999998,1.5295000000000005,1.410000000000018,-0.5369999999999742,-0.2519999999999989,0.6000000000000405,2.2890000000000477,0.6810000000000116,0.5250000000000021,0.7410000000000316,0.19200000000003214,-1.200000000000001,
-0.4001999999999999,-1.0853000000000002,-1.1143,-1.2561999999999998,-1.7882999999999996,0.7823000000000011,0.040800000000000836,0.588000000000001,1.4895000000000005,0.8670000000000009,0.7410000000000316,-0.026999999999990365,0.6780000000000186,1.2090000000000067,0.7500000000000107,0.41100000000000136,0.5549999999999855,0.335999999999963,-0.359999999999987,1.2929999999999708,
-0.37549999999999883,-1.0861999999999998,-1.0916999999999994,-1.2158999999999995,-1.7632999999999992,0.7960000000000012,0.05930000000000035,0.5991999999999997,1.477500000000001,0.9100999999999999,0.40199999999996905,-0.6780000000000186,0.4229999999999734,1.0049999999999493,0.722999999999967,0.026999999999937074,0.3449999999999953,0.12299999999997979,-0.4950000000000454,0.8220000000000027,
-0.36209999999999987,-1.1088000000000005,-1.0776000000000003,-1.1824000000000012,-1.7392000000000003,0.796899999999999,0.0708000000000002,0.6032999999999991,1.4609999999999994,0.9375,0.5880000000000152,0.09299999999999642,0.5220000000000091,0.07800000000003138,-0.6299999999999706,0.2610000000000312,-0.02100000000000435,-0.05399999999998073,0.07500000000001172,0.14099999999999113,
-0.34249999999999936,-1.1057000000000006,-1.0602,-1.1798000000000002,-1.9181000000000008,0.8056000000000001,0.07010000000000005,0.6014999999999997,1.4634999999999998,0.4880999999999993,0.5069999999999908,0.09299999999999642,0.7649999999999757,1.4580000000000126,0.8700000000000507,0.07499999999998508,0.22800000000000153,0.27000000000001023,-0.7170000000000076,0.0840000000000174,
-0.32559999999999967,-1.1026000000000007,-1.0347000000000008,-1.1311999999999998,-1.8890999999999991,0.8080999999999996,0.0777000000000001,0.6105,1.4395999999999995,0.4908999999999999,0.6120000000000125,-0.7079999999999487,0.5130000000000301,1.23899999999999,-0.11699999999999378,0.05400000000003402,-0.19800000000001816,-0.1259999999999728,-1.037999999999979,-0.7260000000000133,
-0.30519999999999925,-1.126199999999999,-1.0175999999999998,-1.0899,-1.892999999999999,0.8099000000000007,0.0710999999999995,0.606300000000001,1.4050000000000002,0.46669999999999945,2.45099999999999,1.2090000000000067,2.2680000000000433,3.4020000000000117,2.087999999999983,-0.13500000000000512,-0.3449999999999953,0.7769999999999477,-1.6050000000000164,0.1710000000000278,
-0.2234999999999996,-1.0858999999999988,-0.9419999999999984,-0.9764999999999997,-1.8233999999999995,0.8054000000000006,0.05959999999999965,0.6321999999999992,1.3514999999999997,0.4724000000000004,0.9330000000000105,0.5819999999999759,1.3319999999999865,1.1459999999999937,0.6750000000000256,-0.21000000000004349,-0.1649999999999885,0.14100000000004442,-0.9030000000000005,-0.2970000000000006,
-0.19239999999999924,-1.0664999999999996,-0.8975999999999988,-0.9382999999999999,-1.8008999999999986,0.7983999999999991,0.05410000000000004,0.6369000000000007,1.3213999999999997,0.46250000000000036,0.7260000000000133,-0.1320000000000121,1.0109999999999886,1.172999999999984,1.3349999999999795,-0.4229999999999734,0.2940000000000076,-0.1260000000000261,-1.112999999999964,0.0840000000000174,
-0.1681999999999988,-0.8638999999999992,-1.0709,-0.8992000000000004,-1.7563999999999993,0.7843,0.6326999999999998,0.06390000000000029,1.2843000000000009,0.46530000000000094,-0.2130000000000365,-0.13799999999999812,0.07800000000003138,-0.05699999999997374,-0.2610000000000312,0.03599999999996939,0.2549999999999919,-0.09900000000003573,0.13199999999995882,0.1259999999999728,
-0.1753,-1.068299999999999,-0.8684999999999992,-0.9010999999999996,-1.7651000000000003,0.785499999999999,0.0605999999999991,0.6411999999999995,1.2886999999999995,0.46950000000000003,1.2450000000000294,0.6840000000000046,1.554000000000002,1.4429999999999943,1.413000000000011,0.048000000000048004,0.753000000000057,0.4800000000000004,-0.19799999999996487,-0.10499999999996845,
-0.13379999999999903,-0.8166999999999991,-1.0454999999999988,-0.8529999999999998,-1.718,0.7871000000000006,0.6571999999999996,0.085700000000001,1.2821000000000007,0.4660000000000011,1.0769999999999946,0.9299999999999642,0.8999999999999808,1.0710000000000086,1.1130000000000173,-0.2099999999999902,0.710999999999995,0.7979999999999521,0.23999999999997357,1.7099999999999582,
-0.09789999999999921,-1.0154999999999994,-0.7857000000000003,-0.8172999999999995,-1.6808999999999994,0.7801000000000009,0.1122999999999994,0.6808999999999994,1.2900999999999998,0.5229999999999997,2.1119999999999806,1.5509999999999557,1.9890000000000008,1.9379999999999598,3.128999999999955,-0.12300000000003308,1.7460000000000342,0.6540000000000212,0.08100000000002439,0.6630000000000535,
-0.027499999999999858,-0.9638000000000009,-0.7194000000000003,-0.7527000000000008,-1.576600000000001,0.7759999999999998,0.17050000000000054,0.7027000000000001,1.2928000000000006,0.5451000000000015,1.034999999999986,1.212000000000053,1.1939999999999884,1.095000000000006,1.8060000000000542,0.7950000000000124,1.3829999999999742,0.6269999999999776,0.24599999999998623,1.0799999999999343,
0.006999999999999673,-0.9233999999999991,-0.6796000000000006,-0.7162000000000006,-1.516399999999999,0.8025000000000002,0.21659999999999968,0.7235999999999994,1.3010000000000002,0.5810999999999993,0.9300000000000175,0.9809999999999519,0.7440000000000246,0.8220000000000027,1.4129999999999576,0.2640000000000242,1.0560000000000436,0.5610000000000248,0.36000000000001364,0.3480000000000416,
0.038000000000000256,-0.8907000000000007,-0.6547999999999998,-0.6888000000000005,-1.4693000000000005,0.811300000000001,0.25180000000000113,0.7423000000000002,1.3130000000000006,0.5927000000000007,-0.11400000000000077,-0.09599999999998943,-0.16199999999999548,-0.1709999999999745,-0.4199999999999804,-0.23700000000003385,-0.08700000000006369,-0.0059999999999860165,0.020999999999977703,-0.009000000000032315,
0.03420000000000023,-0.8939000000000004,-0.6601999999999997,-0.6944999999999997,-1.4832999999999998,0.8033999999999999,0.248899999999999,0.7421000000000006,1.3136999999999999,0.5923999999999996,0.8399999999999608,1.112999999999964,0.9539999999999615,0.4559999999999498,1.9979999999999798,-0.06300000000001305,0.5220000000000091,-0.28800000000002157,-0.384000000000011,0.05999999999996675,
0.06219999999999892,-0.8568000000000016,-0.628400000000001,-0.6793000000000013,-1.4167000000000005,0.8012999999999995,0.2662999999999993,0.7324999999999999,1.3008999999999995,0.5943999999999985,0.828000000000042,1.3770000000000415,0.7080000000000553,0.7860000000000333,1.407000000000025,0.05099999999998772,0.7410000000000316,0.2639999999999709,-0.1529999999999898,0.4620000000000424,
0.08980000000000032,-0.8109000000000002,-0.6047999999999991,-0.6531000000000002,-1.3697999999999997,0.802999999999999,0.29100000000000037,0.741299999999999,1.2957999999999998,0.6097999999999999,1.5869999999999784,0.6330000000000169,0.3779999999999717,0.7230000000000203,2.079000000000004,0.5940000000000012,0.2849999999999753,-0.32399999999999096,-0.9719999999999995,0.8549999999999791,
0.1426999999999996,-0.7897999999999996,-0.5922000000000001,-0.6289999999999996,-1.3004999999999995,0.8227999999999991,0.30049999999999955,0.7304999999999993,1.2633999999999999,0.6382999999999992,0.9990000000000165,0.8939999999999948,0.6120000000000125,0.4229999999999734,1.0079999999999956,0.13800000000005141,0.384000000000011,-0.09599999999993614,-0.5099999999999838,-0.15299999999996317,
-0.7599999999999998,0.17600000000000016,-0.5717999999999996,-0.6149000000000004,-1.2668999999999997,0.3132999999999999,0.8274000000000008,0.7273000000000014,1.2464000000000004,0.6332000000000004,0.36000000000001364,0.9300000000000175,0.24900000000000588,0.09600000000004272,0.6390000000000029,-0.2970000000000006,0.2879999999999949,-0.2910000000000146,-0.6179999999999986,0.44700000000002404,
-0.7479999999999993,0.20700000000000074,-0.5634999999999994,-0.611699999999999,-1.2455999999999996,0.3033999999999999,0.8370000000000006,0.7176000000000009,1.2258000000000004,0.6481000000000012,0.5459999999999532,0.05099999999998772,0.1679999999999815,0.27299999999994995,0.3779999999999717,0.32399999999999096,0.07499999999995843,0.2909999999999613,0.4769999999999808,0.4199999999999271,
-0.7298000000000009,0.20870000000000033,-0.5579000000000001,-0.6026000000000007,-1.2330000000000005,0.3141999999999996,0.8394999999999992,0.7272999999999996,1.2416999999999998,0.6620999999999988,0.45600000000005636,0.8160000000000167,0.5670000000000108,0.435000000000052,1.0620000000000296,-0.06300000000001305,0.09600000000001607,-0.17399999999996751,-0.6569999999999876,0.07500000000003837,
-0.714599999999999,0.2359000000000009,-0.5389999999999997,-0.588099999999999,-1.1975999999999996,0.31209999999999916,0.8426999999999998,0.7215000000000007,1.2198000000000002,0.6646000000000001,0.6780000000000186,0.44099999999998474,0.43799999999999173,0.09899999999998244,0.9810000000000052,0.27900000000004255,-0.026999999999990365,-0.13799999999999812,-0.35700000000002063,0.36300000000000665,
-0.6919999999999984,0.2506000000000004,-0.5244,-0.5847999999999995,-1.1648999999999994,0.3214000000000006,0.8418000000000001,0.7169000000000008,1.2078999999999995,0.6767000000000003,0.6899999999999373,1.0619999999999763,0.9629999999999939,-0.23100000000004783,2.3819999999999375,0.13499999999995183,-0.024000000000024002,-0.2190000000000225,-0.6720000000000059,0.9359999999999769,
-0.6690000000000005,-0.4923000000000002,0.2859999999999996,-1.0855000000000015,-0.5925000000000011,0.32589999999999897,0.7096,0.8409999999999993,0.7078999999999995,1.1854999999999993,1.278000000000059,1.281000000000052,1.2030000000000207,1.8240000000000656,0.9750000000000725,-0.23999999999997357,-0.4349999999999987,-0.8489999999999664,0.12300000000003308,-0.338999999999956,
-0.6263999999999985,-0.44959999999999845,0.3261000000000003,-1.0246999999999993,-0.5599999999999987,0.31789999999999985,0.6951,0.8127000000000004,0.7120000000000006,1.1742000000000008,0.5609999999999715,0.6869999999999443,0.5460000000000065,1.6799999999999748,-0.16200000000004877,0.6209999999999916,0.2519999999999989,-0.05999999999999339,0.10200000000000209,-0.16800000000000814,
-0.6076999999999995,-0.4267000000000003,0.3443000000000005,-0.9687000000000001,-0.5654000000000003,0.33859999999999957,0.7035,0.8107000000000006,0.7154000000000007,1.1686000000000005,0.45000000000001705,0.32400000000004425,0.31200000000001893,-0.1649999999999885,0.36300000000000665,-0.2129999999999832,-0.05100000000001437,-0.14100000000001778,0.2159999999999762,0.04199999999998205,
-0.5926999999999989,-0.4158999999999988,0.3547000000000011,-0.9741999999999997,-0.5533000000000001,0.33150000000000013,0.7017999999999995,0.806,0.7225999999999999,1.17,0.6479999999999819,0.6989999999999696,0.27899999999998926,1.5210000000000257,0.03600000000002268,0.31199999999996564,0.2099999999999902,-0.057000000000000384,0.9209999999999852,0.2069999999999972,
-0.5710999999999995,-0.39259999999999984,0.36400000000000077,-0.9234999999999989,-0.5520999999999994,0.341899999999999,0.7087999999999992,0.8041,0.7532999999999994,1.1768999999999998,0.9959999999999702,1.364999999999963,1.0829999999999806,1.57199999999996,0.4649999999999821,0.8850000000000691,0.408000000000035,0.02100000000000435,0.6270000000000309,0.3090000000000259,
-0.5379000000000005,-0.3471000000000011,0.4001000000000001,-0.8711000000000002,-0.5366,0.3714000000000013,0.7224000000000004,0.8048000000000002,0.7742000000000004,1.1872000000000007,1.4459999999999873,1.6410000000000124,1.0799999999999876,2.0489999999999675,0.36899999999999267,0.5519999999999925,0.03000000000001002,-0.8639999999999848,0.7650000000000023,0.26100000000000456,
-0.4897000000000009,-0.29240000000000066,0.4360999999999997,-0.8028000000000013,-0.5243000000000002,0.38980000000000103,0.7234000000000007,0.7760000000000007,0.7997000000000005,1.1959000000000009,0.3480000000000416,0.8010000000000517,0.1260000000000261,1.8150000000000333,0.4589999999999961,-0.10800000000001475,-0.32099999999999795,-0.8969999999999878,-0.19799999999999152,-0.3270000000000106,
-0.4780999999999995,-0.26569999999999894,0.4403000000000006,-0.7423000000000002,-0.5090000000000003,0.38620000000000054,0.7127000000000008,0.7461000000000011,0.7931000000000008,1.1850000000000005,0.08100000000002439,0.7980000000000054,0.3029999999999866,0.8910000000000018,0.2940000000000076,0.45300000000001006,-0.1649999999999885,-0.2310000000000212,0.354000000000001,0.0840000000000174,
-0.4753999999999987,-0.23909999999999876,0.45040000000000013,-0.7126000000000001,-0.4992000000000001,0.4013000000000009,0.7072000000000012,0.7384000000000004,0.8049000000000008,1.187800000000001,0.13199999999995882,-0.10200000000002873,-0.1320000000000121,-0.06300000000001305,0.045000000000001705,-0.27600000000004954,-2.6645352591003757E-14,0.045000000000001705,-0.378000000000025,0.020999999999977703,
-0.4710000000000001,-0.24249999999999972,0.44599999999999973,-0.7147000000000006,-0.49770000000000003,0.3920999999999992,0.7072000000000003,0.7399000000000004,0.7923,1.1885000000000003,-0.20100000000001117,0.36899999999999267,0.12299999999997979,1.026000000000007,0.40799999999995507,-0.20400000000000418,-0.39000000000002366,-0.0870000000000104,0.1499999999999968,-0.16500000000001513,
-0.47770000000000046,-0.23019999999999996,0.45009999999999906,-0.6805000000000003,-0.48410000000000153,0.3852999999999991,0.6941999999999995,0.7370000000000001,0.7972999999999999,1.1829999999999998,0.01800000000001134,0.32099999999999795,0.015000000000018332,0.5129999999999768,-0.020999999999951058,-0.4289999999999594,-0.7259999999999867,-1.3680000000000092,-0.705000000000009,-0.7889999999999997,
-0.4771000000000001,-0.21950000000000003,0.45059999999999967,-0.6634000000000011,-0.4847999999999999,0.37100000000000044,0.6699999999999999,0.6913999999999998,0.7737999999999996,1.1566999999999998,0.6540000000000212,1.4699999999999847,0.5820000000000292,1.857000000000042,1.1909999999999954,0.30899999999997263,0.2309999999999679,0.48899999999997945,0.18299999999999983,0.5789999999999829,
-0.45529999999999937,-0.17050000000000054,0.47000000000000064,-0.6014999999999997,-0.44510000000000005,0.38129999999999953,0.6776999999999989,0.7076999999999991,0.7798999999999996,1.1759999999999993,-0.4770000000000074,0.02100000000005764,-0.1770000000000138,0.3540000000000276,0.09600000000004272,-0.5400000000000205,-0.5429999999999868,0.09900000000000908,-0.8190000000000097,-0.3960000000000097,
-0.4711999999999996,-0.16979999999999862,0.4641000000000002,-0.5896999999999988,-0.4418999999999986,0.36329999999999885,0.6595999999999993,0.7109999999999994,0.7525999999999993,1.162799999999999,0.40200000000002234,0.777000000000001,0.1320000000000121,1.1279999999999824,0.7409999999999783,0.7290000000000596,0.375000000000032,0.30000000000002025,0.5100000000000371,0.789000000000053,
-0.4577999999999989,-0.14389999999999858,0.4685000000000006,-0.5520999999999994,-0.9699999999999989,0.38760000000000083,0.6721000000000004,0.7210000000000001,0.7696000000000005,0.7933000000000003,-0.4650000000000354,-0.2160000000000295,0.18000000000000682,-0.49500000000001876,-0.4320000000000057,-0.5220000000000624,-0.37200000000003897,-0.19200000000003214,-0.5520000000000458,-0.5250000000000288,
-0.47330000000000005,-0.15109999999999957,0.4745000000000008,-0.5686,-0.4344999999999999,0.37019999999999875,0.6596999999999991,0.714599999999999,0.751199999999999,1.1716999999999995,0.28200000000003556,0.32700000000003726,-0.2190000000000225,0.6179999999999986,0.19200000000003214,-0.19799999999996487,-0.26999999999995694,0.1500000000000501,-0.344999999999942,-0.20399999999997753,
-0.46389999999999887,-0.14019999999999833,0.46720000000000006,-0.548,-0.9730999999999987,0.3635999999999999,0.6507000000000005,0.7196000000000007,0.7397000000000009,0.7626000000000008,0.8369999999999678,1.2149999999999395,0.5880000000000152,1.0769999999999946,1.3409999999999656,0.2879999999999683,0.06599999999997941,0.5939999999999745,0.26699999999996393,0.21299999999995656,
-0.43599999999999994,-0.09970000000000034,0.48680000000000057,-0.5121000000000002,-0.9283999999999999,0.37319999999999887,0.6528999999999998,0.7393999999999998,0.7485999999999997,0.7696999999999994,1.3349999999999795,1.1190000000000033,0.5459999999999532,1.5359999999999907,1.6259999999999941,-0.17399999999996751,-0.15899999999997583,0.771000000000015,-0.2579999999999849,-0.15599999999998282,
-0.3915000000000006,-0.06240000000000023,-0.46090000000000053,0.504999999999999,-0.8742000000000001,0.36739999999999995,0.6476000000000006,0.7400000000000002,0.7651000000000003,0.7645,0.5340000000000344,0.6840000000000046,1.1970000000000347,-0.11399999999994748,0.9390000000000498,0.8249999999999957,0.11099999999998111,0.20400000000000418,0.16199999999999548,0.2310000000000212,
-0.3736999999999995,-0.03960000000000008,-0.4209999999999994,0.5012000000000008,-0.8428999999999984,0.3948999999999998,0.6513,0.7468000000000004,0.7705000000000002,0.7722000000000007,0.32699999999998397,0.31199999999996564,0.3749999999999787,-0.5790000000000362,0.39599999999992974,-0.1949999999999985,-0.20099999999998452,-0.2820000000000089,0.09299999999999642,-0.381000000000018,
-0.3628,-0.029200000000001225,-0.4085000000000001,0.48189999999999955,-0.8297000000000008,0.38839999999999986,0.6446000000000005,0.7374,0.7736000000000001,0.7595000000000001,0.22500000000000853,0.07800000000008467,-0.13799999999999812,0.4770000000000607,-0.06899999999994577,-0.014999999999991687,0.07199999999999207,-0.035999999999996035,0.3720000000000123,-0.12300000000000644,
-0.3552999999999997,-0.026599999999998403,-0.4131,0.4978000000000016,-0.831999999999999,0.38790000000000013,0.6470000000000002,0.7362000000000002,0.7860000000000005,0.7553999999999998,0.6450000000000422,0.5669999999999575,1.1820000000000164,0.14699999999997715,0.8430000000000071,0.014999999999991687,-0.04800000000002136,0.0629999999999864,0.05699999999997374,0.008999999999979025,
-0.3337999999999983,-0.007699999999999818,-0.3736999999999995,0.5027000000000008,-0.8038999999999987,0.38839999999999986,0.6453999999999995,0.7382999999999997,0.7878999999999996,0.7556999999999992,-0.32400000000004425,-0.006000000000039307,-0.3960000000000363,-0.7200000000000273,-0.14700000000003044,-0.23099999999999454,-0.4199999999999804,-0.39899999999997604,-0.2609999999999779,-0.5939999999999745,
-0.3445999999999998,-0.007900000000001128,-0.3869000000000007,0.4786999999999999,-0.8087999999999997,0.38070000000000004,0.6314000000000002,0.7250000000000005,0.7792000000000003,0.7359,0.5999999999999872,0.9360000000000035,1.2030000000000207,-0.2999999999999936,1.0079999999999956,0.045000000000001705,0.41100000000000136,-0.7650000000000023,0.2820000000000089,-0.06899999999999906,
-0.3246000000000002,0.023299999999998988,-0.3468,0.4687000000000001,-0.7751999999999999,0.3822000000000001,0.6451000000000002,0.6995000000000005,0.7886000000000006,0.7336,-0.31499999999995865,0.5700000000000571,0.5969999999999942,0.4260000000000197,0.5039999999999978,-0.2549999999999919,-0.2099999999999902,-0.8550000000000058,0.0870000000000104,-0.7289999999999797,
-0.33509999999999884,0.04230000000000089,-0.3269000000000002,0.4829000000000008,-0.7584,0.37370000000000037,0.6381000000000006,0.6710000000000003,0.791500000000001,0.7093000000000007,0.0059999999999860165,0.1289999999999658,-0.2999999999999936,-1.0470000000000113,-0.32099999999999795,-0.06600000000000605,0.21899999999999586,0.03000000000001002,0.29999999999996696,-0.3420000000000023,
-0.3348999999999993,0.04659999999999975,-0.3369,0.4480000000000004,-0.7690999999999999,0.37150000000000016,0.6454000000000004,0.6720000000000006,0.8014999999999999,0.6979000000000006,0.2999999999999936,0.5369999999999742,0.4619999999999891,0.5399999999999672,0.4349999999999987,0.22199999999998887,0.2729999999999766,0.002999999999966363,0.2519999999999989,0.40199999999996905,
-0.3248999999999995,0.06449999999999889,-0.32150000000000034,0.4659999999999993,-0.7545999999999999,0.3788999999999998,0.6544999999999996,0.6720999999999995,0.8098999999999998,0.7112999999999996,0.01800000000001134,0.003000000000046299,-0.01799999999995805,-0.23099999999994125,0.3360000000000163,-0.05999999999999339,0.23399999999998755,-0.15900000000000247,0.8670000000000044,-0.2940000000000076,
-0.32429999999999914,0.06460000000000043,-0.32209999999999894,0.45830000000000126,-0.7433999999999994,0.3769,0.6622999999999992,0.6667999999999994,0.8388,0.7014999999999993,-0.6450000000000422,0.2609999999999779,-0.381000000000018,-0.1740000000000208,-0.32400000000004425,-0.27899999999998926,-0.1679999999999815,-0.9359999999999769,-0.24900000000000588,-0.779999999999994,
-0.34580000000000055,0.0732999999999997,-0.33479999999999954,0.45250000000000057,-0.7542000000000009,0.36760000000000037,0.6566999999999998,0.6356000000000002,0.8304999999999998,0.6754999999999995,-0.22199999999996223,0.3540000000000276,0.3059999999999796,0.07199999999999207,0.3360000000000696,-0.8310000000000084,-0.13500000000000512,-0.16199999999999548,0.10800000000001475,-0.8819999999999961,
-0.3531999999999993,0.08510000000000062,-0.3246000000000002,0.4549000000000003,-0.7429999999999986,0.3399000000000001,0.6521999999999997,0.6302000000000003,0.8341000000000003,0.6460999999999997,0.389999999999997,0.06600000000000605,-0.2970000000000006,-0.27000000000001023,-0.06900000000005235,-0.43799999999999173,0.24900000000003253,-0.0629999999999864,0.36000000000001364,-1.2809999999999722,
-0.3401999999999994,0.08730000000000082,-0.33450000000000024,0.44589999999999996,-0.7453000000000003,0.32530000000000037,0.6605000000000008,0.6281000000000008,0.8461000000000007,0.6034000000000006,-0.9090000000000131,0.15599999999995617,-0.39900000000002933,-0.23700000000003385,-0.387000000000004,-0.26399999999999757,0.19799999999999152,-0.39900000000002933,0.22499999999998188,-0.4830000000000201,
-0.37049999999999983,0.09249999999999936,-0.3478000000000012,-0.7582000000000004,0.43799999999999883,0.31650000000000045,0.6671000000000005,0.6147999999999998,0.5872999999999999,0.8536000000000001,-0.19499999999997186,-0.07499999999998508,0.1260000000000261,-0.11099999999995447,0.06600000000005934,-0.015000000000018332,-0.4230000000000267,0.07800000000000473,0.054000000000007375,-0.384000000000011,
-0.3769999999999989,0.08999999999999986,-0.34360000000000035,0.4402000000000008,-0.7618999999999989,0.31599999999999984,0.6529999999999996,0.6174,0.8407999999999998,0.5891000000000002,0.01800000000001134,0.6330000000000169,0.11100000000000776,-0.31800000000000495,0.0870000000000104,-0.17399999999999416,0.4830000000000201,-0.24900000000000588,0.4740000000000144,-0.47099999999999476,
-0.3763999999999985,0.11110000000000042,-0.3399000000000001,-0.7589999999999986,0.42960000000000065,0.31020000000000003,0.6691000000000003,0.6090999999999998,0.5734000000000004,0.8566000000000003,-0.4200000000000337,-0.14099999999999113,-0.32399999999999096,0.13199999999995882,0.4169999999999874,-0.6720000000000059,0.42899999999998606,-0.6779999999999919,-1.1970000000000347,0.09899999999998244,
-0.39039999999999964,-0.3506999999999998,0.10640000000000072,-0.7545999999999999,0.4435000000000002,0.28779999999999983,0.5865,0.6833999999999998,0.5334999999999992,0.8598999999999997,-0.44400000000003104,0.047999999999994714,0.16199999999999548,0.22800000000000153,-0.0029999999999930083,0.10499999999996845,-0.49500000000001876,1.004999999999976,-0.011999999999998678,0.9179999999999922,
-0.40520000000000067,-0.34909999999999997,0.11180000000000057,-0.7469999999999999,0.44340000000000046,0.2912999999999988,0.5699999999999994,0.716899999999999,0.5330999999999992,0.8904999999999994,-0.0839999999999641,-0.1649999999999885,0.11400000000000077,-0.07199999999999207,0.07800000000003138,-0.09599999999996278,-0.8969999999999612,0.21000000000004349,-0.335999999999963,-0.19499999999997186,
-0.4079999999999995,-0.3545999999999996,0.11560000000000059,-0.7493999999999996,0.4460000000000015,0.2881,0.5401000000000007,0.7239000000000004,0.5219000000000005,0.8840000000000003,0.3749999999999787,-0.07199999999999207,-0.20100000000001117,-0.2910000000000146,0.10799999999996146,0.03899999999998904,0.05099999999998772,0.329999999999977,-0.0030000000000196536,0.18599999999999284,
-0.3955000000000002,-0.3569999999999993,0.10890000000000022,-0.7591000000000001,0.4496000000000002,0.28939999999999966,0.5418000000000003,0.7348999999999997,0.5217999999999998,0.8902000000000001,-0.1709999999999745,-0.3420000000000023,0.2549999999999919,0.3480000000000416,0.14099999999999113,0.18000000000000682,0.13199999999998546,0.4919999999999991,0.2970000000000006,0.3149999999999853,
-0.40119999999999933,-0.3683999999999994,0.11739999999999995,-0.7474999999999987,0.4542999999999999,0.2953999999999999,0.5461999999999998,0.7512999999999996,0.5316999999999998,0.9006999999999996,0.09599999999998943,-0.2849999999999753,-0.39599999999998303,-0.27000000000001023,-0.15599999999995617,-0.7980000000000054,-0.8309999999999818,-0.779999999999994,-0.8309999999999818,-0.38399999999998435,
-0.3979999999999997,-0.37789999999999857,0.10420000000000051,-0.7564999999999991,0.4491000000000014,0.2687999999999997,0.5185000000000004,0.7252999999999998,0.5040000000000004,0.8879000000000001,1.1400000000000077,-0.8160000000000167,-0.8670000000000044,-0.27599999999999625,0.22199999999996223,0.07499999999998508,-0.08100000000002439,0.2999999999999936,0.17699999999996052,0.2129999999999832,
-0.35999999999999943,-0.4050999999999991,0.07530000000000037,-0.7656999999999989,0.45650000000000013,0.2712999999999992,0.5157999999999996,0.7352999999999996,0.5098999999999991,0.8949999999999996,-1.3410000000000188,-0.8489999999999931,-0.387000000000004,-1.2660000000000338,-0.4199999999999804,-0.782999999999987,-0.22199999999998887,-0.7319999999999993,-0.26399999999999757,-0.11699999999999378,
-0.40470000000000006,-0.4333999999999989,0.06240000000000023,-0.8079000000000001,0.4425000000000008,0.24519999999999964,0.5084,0.7108999999999996,0.5010999999999992,0.8910999999999998,0.5160000000000231,-0.5460000000000598,-0.7260000000000133,-0.5999999999999872,0.22499999999995524,-0.1320000000000121,-0.3990000000000027,-0.16500000000001513,-0.11699999999999378,-0.46500000000000874,
-0.3874999999999993,-0.4516000000000009,0.03819999999999979,-0.8278999999999996,0.4499999999999993,0.24079999999999924,0.4950999999999999,0.7053999999999991,0.4971999999999994,0.8755999999999995,0.18899999999998585,0.06300000000006634,-0.3839999999999577,-0.45300000000001006,-0.39299999999993673,-0.5969999999999942,-0.46200000000001573,-0.5669999999999842,-0.42599999999999305,-0.6179999999999986,
-0.38119999999999976,-0.4494999999999987,0.0254000000000012,0.4369000000000014,-0.843,0.22089999999999943,0.47969999999999935,0.6864999999999997,0.8549999999999995,0.48299999999999965,-0.7889999999999731,-0.22500000000000853,0.32099999999999795,0.07199999999999207,0.023999999999997357,-0.17999999999998018,-0.08999999999997677,-0.11999999999998678,-0.22499999999998188,-0.11999999999998678,
-0.40749999999999886,-0.45699999999999896,0.03610000000000113,0.43930000000000113,-0.8422000000000001,0.2149000000000001,0.4767000000000001,0.6825000000000001,0.8475000000000001,0.4790000000000001,0.36299999999995336,-0.5640000000000178,-0.8100000000000307,-0.36900000000004596,-0.8339999999999748,-0.29099999999998793,-0.7589999999999897,-0.6569999999999876,-0.4139999999999944,-0.389999999999997,
-0.3954000000000004,-0.47579999999999956,0.009100000000000108,0.4269999999999996,-0.8699999999999992,0.2052000000000005,0.45140000000000047,0.6606000000000005,0.8337000000000003,0.4660000000000002,1.0050000000000026,-0.18600000000004613,-0.3060000000000329,-0.45000000000001705,-0.36000000000001364,-0.2370000000000072,-0.011999999999998678,-0.34800000000001496,-0.5609999999999982,-0.38099999999999135,
-0.36190000000000033,-0.001100000000000989,-0.4820000000000011,0.41199999999999903,-0.8819999999999997,0.19730000000000025,0.649,0.4510000000000005,0.8150000000000004,0.4533000000000005,0.36599999999999966,-0.6269999999999776,-0.6119999999999592,-0.16199999999999548,-0.8130000000000237,-0.14100000000001778,-0.4740000000000144,-1.3140000000000285,-1.3800000000000079,-0.5910000000000082,
-0.34970000000000034,-0.02200000000000024,-0.5023999999999997,0.4065999999999992,-0.08089999999999975,0.19259999999999966,0.6331999999999995,0.40719999999999956,0.7690000000000001,0.9955999999999996,0.23399999999998755,-0.7200000000000273,-0.5580000000000318,-0.2579999999999849,-0.19500000000002515,-0.43199999999997907,-0.4679999999999751,-1.136999999999988,-0.9330000000000105,-0.42899999999998606,
-0.34190000000000076,-0.04600000000000115,-0.5210000000000008,0.3979999999999997,-0.08740000000000059,0.17820000000000036,0.6176000000000004,0.36929999999999996,0.7378999999999998,0.9813000000000001,-0.384000000000011,-0.5700000000000038,-0.1679999999999815,-0.2970000000000006,-0.40800000000000836,-0.07500000000001172,-0.6270000000000309,-0.21000000000001684,-0.4800000000000004,-0.2970000000000006,
-0.3547000000000011,-0.06500000000000128,-0.5266000000000002,0.38809999999999967,-0.10100000000000087,0.17569999999999997,0.5966999999999993,0.3622999999999994,0.7218999999999998,0.9714,-0.06899999999999906,0.023999999999997357,-0.24600000000001288,-0.1290000000000191,0.11999999999998678,-0.11100000000000776,0.12000000000001343,-0.5309999999999881,0.07800000000000473,0.017999999999984695,
-0.3570000000000011,-0.06420000000000137,-0.5348000000000006,0.38379999999999903,-0.09700000000000131,0.1719999999999997,0.6006999999999998,0.3445999999999998,0.7244999999999999,0.9719999999999995,0.5670000000000641,-0.041999999999955406,0.07200000000004536,-0.21899999999996922,0.015000000000071623,-0.11399999999997412,-0.12899999999999245,-0.22800000000000153,-0.5999999999999872,0.10500000000002174,
-0.33809999999999896,-0.06559999999999988,-0.5323999999999991,0.37650000000000006,-0.09649999999999892,0.16820000000000057,0.5964,0.33699999999999974,0.7045000000000003,0.9755000000000003,0.1289999999999658,-0.31800000000000495,-0.6210000000000448,-0.5370000000000275,-0.7470000000000176,-0.03600000000002268,-0.5609999999999982,-0.807000000000011,-0.6150000000000322,0.5729999999999702,
-0.3338000000000001,-0.07620000000000005,-0.5531000000000006,0.35859999999999914,-0.6281999999999996,0.16699999999999982,0.5777000000000001,0.3100999999999994,0.6839999999999993,0.7710999999999997,0.5850000000000222,-0.389999999999997,-0.9899999999999842,-0.014999999999965041,-1.4549999999999663,0.09000000000000341,-0.029999999999983373,-0.722999999999967,-0.6749999999999723,-0.7439999999999714,
-0.31429999999999936,-0.08919999999999995,-0.5861000000000001,0.3581000000000003,-0.13179999999999836,0.16999999999999993,0.5767000000000007,0.2860000000000005,0.6615000000000002,0.9869000000000003,-0.23700000000003385,-0.5100000000000371,-1.0410000000000252,-0.3360000000000163,-0.1350000000000584,-0.24899999999997924,-0.5730000000000235,-1.1520000000000064,-0.9149999999999991,-0.2549999999999919,
-0.3222000000000005,-0.10620000000000118,-0.6208000000000009,0.34689999999999976,-0.1363000000000003,0.16170000000000062,0.5575999999999999,0.24760000000000026,0.6310000000000002,0.9784000000000006,-0.10500000000002174,0.06899999999999906,-0.09000000000000341,-0.22200000000001552,-0.06000000000002004,-0.012000000000025324,-0.6239999999999846,-0.708000000000002,-0.42599999999999305,-0.4860000000000131,
-0.3257000000000012,-0.10390000000000121,-0.623800000000001,0.33949999999999925,-0.13830000000000098,0.16129999999999978,0.5368000000000004,0.2240000000000002,0.6168000000000005,0.9622000000000002,-0.13499999999995183,0.19800000000001816,-0.23399999999998755,-0.23099999999999454,-0.23999999999997357,0.05099999999998772,0.05999999999999339,-0.054000000000007375,-0.10800000000001475,0.029999999999983373,
-0.3301999999999996,-0.09730000000000061,-0.6316000000000006,0.33179999999999943,-0.1463000000000001,0.16299999999999937,0.5388000000000002,0.22219999999999995,0.6132,0.9631999999999996,-0.11100000000000776,0.44099999999998474,-0.28800000000002157,0.6479999999999819,0.5910000000000082,-0.11099999999998111,-0.21000000000001684,-0.057000000000000384,-0.2069999999999972,-0.5010000000000048,
-0.33389999999999986,-0.08260000000000112,-0.6412000000000013,0.3533999999999988,-0.12659999999999982,0.1593,0.5317999999999996,0.22029999999999994,0.6063000000000001,0.9464999999999995,-0.0840000000000174,-0.9149999999999991,-0.9779999999999589,-0.4770000000000074,-0.5340000000000344,0.06600000000000605,-0.26100000000000456,-0.6089999999999929,-0.6540000000000212,-0.4049999999999887,
-0.33670000000000044,-0.11310000000000109,0.3374999999999986,-0.6738,-0.14440000000000097,0.1615000000000002,0.5230999999999995,0.5844999999999994,0.20000000000000018,0.9329999999999998,-0.5579999999999785,0.5100000000000371,0.27600000000004954,-0.01799999999995805,-0.8549999999999258,-0.026999999999990365,-0.6779999999999653,-0.7409999999999783,-0.7589999999999897,-2.0789999999999775,
-0.3552999999999997,-0.09609999999999985,0.34670000000000023,-0.6743999999999986,-0.1728999999999985,0.16060000000000052,0.5005000000000006,0.5598000000000001,0.17470000000000052,0.8637000000000006,-0.09899999999998244,0.4710000000000214,0.23099999999999454,-0.13800000000005141,0.17399999999996751,0.13799999999999812,-0.4860000000000131,-0.1949999999999985,-0.34800000000001496,-0.34500000000002196,
-0.35859999999999914,-0.08039999999999914,0.35440000000000005,-0.6790000000000003,-0.16709999999999958,0.16520000000000046,0.4843000000000002,0.5533000000000001,0.16310000000000002,0.8521999999999998,-0.24300000000001987,-0.05400000000003402,0.008999999999979025,-1.3169999999999682,-0.2610000000000312,-0.10500000000002174,-0.6000000000000139,-0.9450000000000092,-0.8190000000000097,-0.5639999999999912,
-0.3666999999999998,-0.08220000000000027,0.35469999999999935,-0.7228999999999992,-0.17580000000000062,0.16169999999999973,0.4642999999999997,0.5217999999999998,0.1357999999999997,0.8334000000000001,-0.4260000000000197,-0.8070000000000377,-0.24000000000002686,0.041999999999955406,-0.2099999999999902,-0.035999999999996035,-0.2129999999999832,-0.06899999999997242,0.024000000000024002,0.1499999999999968,
-0.38090000000000046,-0.10910000000000153,0.34669999999999845,-0.7215000000000007,-0.1828000000000003,0.16049999999999986,0.4572000000000003,0.5195000000000007,0.1366000000000005,0.8384,-0.6780000000000186,0.6660000000000466,0.23700000000003385,-0.7200000000000273,0.14999999999997016,-0.417000000000014,-0.03900000000001569,-0.39000000000002366,-0.4740000000000144,-0.5430000000000135,
-0.4035000000000011,-0.08689999999999998,0.3545999999999996,-0.7455000000000016,-0.1778000000000013,0.1465999999999994,0.45589999999999975,0.5065,0.12080000000000002,0.8202999999999996,-0.3420000000000023,-0.24300000000001987,-0.23999999999997357,-0.8369999999999678,-0.6209999999999916,-0.21899999999996922,-0.6629999999999736,-0.8129999999999971,-0.708000000000002,-0.7979999999999787,
-0.41490000000000116,-0.09500000000000064,0.34660000000000046,-0.7734000000000005,-0.198500000000001,0.13930000000000042,0.43380000000000063,0.47940000000000005,0.09719999999999995,0.7937000000000003,-1.0799999999999343,0.44700000000002404,0.5640000000000178,-0.0809999999999711,0.5130000000000301,-0.8790000000000031,-1.4910000000000156,-1.48200000000001,-1.6589999999999971,-1.5420000000000034,
-0.08009999999999984,-0.45089999999999897,0.36540000000000106,-0.1814,-0.7760999999999996,0.3841000000000001,0.11000000000000032,0.4299999999999997,0.7423000000000002,0.04190000000000005,0.6029999999999802,-0.36300000000000665,0.8729999999999905,0.5099999999999838,0.710999999999995,-0.17399999999999416,-0.4349999999999987,-0.8340000000000014,-0.5940000000000012,-0.6209999999999916,
-0.0600000000000005,-0.4629999999999992,0.39450000000000074,-0.16440000000000055,-0.7523999999999997,0.3783000000000003,0.09550000000000036,0.40219999999999967,0.7225000000000001,0.02120000000000033,0.429000000000066,-0.22800000000000153,0.5820000000000292,0.35700000000002063,3.942000000000032,-0.4169999999999874,0.12599999999999945,-0.6569999999999876,-0.12899999999999245,1.3079999999999892,
-0.0456999999999983,-0.47059999999999924,0.4139000000000017,-0.6209999999999987,-0.15249999999999986,0.3644000000000007,0.09970000000000034,0.3803000000000001,0.06479999999999997,0.7182000000000004,-0.3900000000000503,-0.0870000000000104,-0.1320000000000654,3.584999999999958,-0.1770000000000138,0.05399999999998073,0.017999999999984695,0.045000000000001705,0.5580000000000052,0.029999999999983373,
-0.058699999999999974,-0.4734999999999996,-0.5015000000000001,0.40949999999999953,-0.15840000000000032,0.3662000000000001,0.10029999999999983,0.08340000000000014,0.38180000000000014,0.7191999999999998,0.40800000000000836,-0.8370000000000211,-0.2940000000000076,0.13500000000000512,-0.5489999999999995,-0.6360000000000099,0.12599999999999945,-0.06000000000002004,-0.7800000000000207,-0.8640000000000114,
-0.045099999999999696,-0.5014000000000003,-0.5113000000000003,0.4139999999999997,-0.1767000000000003,0.34499999999999975,0.10449999999999982,0.08139999999999947,0.35579999999999945,0.6903999999999995,0.28199999999998226,-0.03900000000001569,-0.13799999999999812,0.5189999999999628,-0.10200000000002873,-0.1529999999999898,0.14400000000001079,0.2370000000000072,-0.6359999999999832,-0.5249999999999755,
-0.03570000000000029,-0.5027000000000008,-0.5159000000000002,0.43129999999999846,-0.18010000000000126,0.3399000000000001,0.10930000000000017,0.08929999999999971,0.3346,0.6729000000000003,0.6270000000000309,-0.5279999999999418,-0.779999999999994,0.8820000000000761,0.5940000000000545,-0.7319999999999993,0.6360000000000099,0.8760000000000101,-1.6560000000000041,-0.8610000000000184,
-0.014799999999999258,-0.5202999999999989,0.460700000000001,-0.5419,-0.16029999999999944,0.3155000000000001,0.1305000000000005,0.27939999999999987,0.11850000000000005,0.6441999999999997,0.39899999999997604,0.14999999999997016,0.5010000000000048,0.23700000000003385,0.5999999999999872,-0.6059999999999999,0.38099999999999135,-1.2629999999999875,0.4469999999999974,-0.36599999999999966,
-0.0015000000000000568,0.47740000000000116,-0.5152999999999999,-0.5339999999999989,-0.14029999999999987,0.2953000000000001,0.2373000000000003,0.14320000000000022,0.13339999999999996,0.6319999999999997,0.2069999999999972,0.2489999999999526,-0.2940000000000076,-0.03300000000002967,-0.24900000000000588,0.05100000000001437,-0.03300000000000303,0.8939999999999948,0.8250000000000224,-0.5279999999999685,
0.005399999999999849,0.4856999999999996,-0.5251000000000001,-0.5350999999999999,-0.14860000000000007,0.2970000000000006,0.2362000000000002,0.17300000000000004,0.1609000000000007,0.6144000000000007,0.012000000000025324,-0.07199999999999207,0.24300000000001987,-0.26699999999996393,0.28200000000003556,-0.1080000000000414,-0.07200000000001872,-0.02700000000001701,0.2909999999999613,0.2729999999999766,
0.0058000000000006935,0.48329999999999984,-0.5169999999999995,-0.5439999999999987,-0.13919999999999888,0.2933999999999992,0.23379999999999956,0.17209999999999948,0.17059999999999942,0.6234999999999999,-0.3000000000000469,0.14399999999998414,-1.4220000000000432,-1.275000000000066,-0.432000000000059,0.2790000000000159,-0.6149999999999789,0.9690000000000065,0.1740000000000208,0.24299999999999322,
-0.00420000000000087,0.4880999999999993,-0.5644000000000009,-0.5865000000000009,-0.15360000000000085,0.30269999999999975,0.21330000000000027,0.2043999999999997,0.1764000000000001,0.6315999999999997,0.5820000000000292,0.5969999999999942,0.0420000000000087,0.27300000000000324,0.24600000000001288,-0.4139999999999944,-0.8760000000000101,-0.029999999999983373,0.4529999999999834,-0.6899999999999906,
0.015200000000000102,0.5079999999999991,-0.5630000000000006,-0.5774000000000008,-0.14540000000000042,0.28889999999999993,0.18409999999999993,0.20340000000000025,0.19149999999999956,0.6086,1.7879999999999896,1.6259999999999941,-0.32399999999999096,-0.0870000000000104,0.8430000000000071,-0.42300000000000004,-1.4009999999999856,0.36899999999999267,0.2310000000000212,-0.12899999999999245,
0.07479999999999976,0.5621999999999989,-0.5738000000000003,-0.5803000000000011,-0.11730000000000018,0.27479999999999993,0.1374000000000004,0.2157,0.19920000000000027,0.6043000000000003,0.6449999999999889,0.5279999999999951,-0.1649999999999885,0.19800000000001816,0.9629999999999939,0.4440000000000044,-0.5670000000000108,-0.047999999999994714,-0.3210000000000246,0.1049999999999951,
0.09629999999999939,0.5797999999999988,-0.5737000000000005,-0.08520000000000039,-0.5792999999999999,0.2896000000000001,0.11850000000000005,0.18849999999999945,0.6078000000000001,0.21410000000000018,0.07500000000003837,-0.08699999999995711,0.23400000000004084,-0.04799999999994142,0.13799999999999812,-0.46800000000000175,-0.9839999999999982,-0.23399999999998755,-0.1499999999999968,-0.2669999999999906,
0.09880000000000067,0.5769000000000002,-0.5658999999999992,-0.08679999999999843,-0.5747,0.274,0.08570000000000011,0.18069999999999986,0.6028000000000002,0.2052000000000005,0.4229999999999734,0.44099999999998474,-2.6999999999999957,0.06899999999994577,0.14399999999998414,-0.08399999999999075,-0.3300000000000036,-1.7999999999999883,-0.22500000000000853,-0.011999999999998678,
0.11289999999999978,0.5915999999999997,-0.08450000000000024,-0.5699000000000005,-0.655899999999999,0.27120000000000033,0.07469999999999999,0.5952999999999999,0.20480000000000054,0.12070000000000025,0.4739999999999611,0.5609999999999715,0.716999999999981,-0.39299999999999,1.7399999999999416,0.04199999999998205,-0.8430000000000071,-0.014999999999991687,-0.10500000000002174,0.9299999999999908,
0.12869999999999848,-0.060600000000000875,0.6102999999999987,-0.5830000000000002,-0.597900000000001,0.27259999999999973,0.5948000000000002,0.04659999999999975,0.2012999999999998,0.15169999999999995,0.13500000000000512,-0.18899999999998585,-0.09000000000000341,-0.45600000000000307,-0.3390000000000093,-0.5039999999999978,-0.34800000000001496,-0.5670000000000108,-0.6329999999999902,-0.4349999999999987,
0.13319999999999865,-0.0669000000000004,0.6072999999999986,-0.6092000000000013,-0.5982000000000003,0.2557999999999998,0.5831999999999997,0.027699999999999392,0.1372,0.18020000000000014,0.12300000000003308,-0.8789999999999765,-0.07499999999998508,-0.6179999999999453,-0.9750000000000192,-0.015000000000018332,-0.17399999999999416,-1.7669999999999852,-0.5070000000000174,-0.6930000000000103,
0.13729999999999976,-0.09619999999999962,0.6047999999999991,-0.6297999999999995,-0.6307000000000009,0.2552999999999992,0.5773999999999999,-0.031200000000000117,0.12029999999999941,0.1570999999999998,0.2940000000000076,0.23699999999998056,0.5460000000000598,-0.3420000000000023,-0.6419999999999426,0.06300000000003969,-0.8910000000000018,-0.3420000000000023,-0.14999999999997016,-0.08699999999998376,
0.1471,-0.08830000000000027,0.6230000000000011,-0.6411999999999995,-0.652099999999999,0.2574000000000005,0.5476999999999999,-0.04260000000000019,0.1153000000000004,0.15420000000000034,0.05700000000002703,-0.5159999999999698,-0.4740000000000144,-1.3799999999999812,-1.166999999999998,0.3179999999999783,-0.22800000000000153,-0.2579999999999849,0.23999999999997357,0.21899999999999586,
0.1490000000000009,-0.10549999999999926,0.6072000000000006,-0.6871999999999989,-0.690999999999999,0.2679999999999998,0.5400999999999998,-0.05119999999999969,0.12329999999999952,0.1615000000000002,0.08699999999995711,0.19199999999997885,-0.003000000000046299,0.13799999999994483,0.05699999999997374,-0.16800000000000814,0.27599999999999625,-0.02100000000000435,-0.2850000000000019,-0.03000000000001002,
0.15189999999999948,-0.09909999999999997,0.6070999999999991,-0.6826000000000008,-0.6890999999999998,0.2623999999999995,0.5492999999999997,-0.051899999999999835,0.11379999999999946,0.16049999999999986,0.4139999999999944,-0.11400000000000077,0.44100000000003803,-0.5279999999999951,-0.4649999999999821,-0.09000000000000341,-0.4349999999999987,-0.4860000000000131,-0.1049999999999951,-0.6510000000000016,
0.1656999999999993,-0.10289999999999999,0.6218000000000004,-0.7002000000000006,-0.7045999999999992,0.2593999999999994,0.5347999999999997,-0.06810000000000027,0.11029999999999962,0.1387999999999998,0.6120000000000125,0.047999999999994714,0.2039999999999509,-0.6570000000000142,-0.1710000000000278,0.24600000000001288,-0.0029999999999930083,0.12899999999999245,0.07200000000001872,0.16800000000000814,
0.1860999999999997,-0.10130000000000017,0.6285999999999987,-0.7103000000000002,-0.7221000000000011,0.26759999999999984,0.5347,-0.06380000000000052,0.14440000000000008,0.11270000000000024,0.9870000000000445,-0.31199999999996564,0.6300000000000772,-0.8609999999999651,-0.9089999999999598,0.16200000000002213,0.00900000000000567,0.06300000000001305,0.21300000000000985,-0.0420000000000087,
0.2190000000000012,-0.11169999999999902,0.6496000000000013,-0.738999999999999,-0.7523999999999997,0.2730000000000006,0.5350000000000001,-0.06170000000000009,0.1515000000000004,0.11129999999999995,-0.438000000000045,-0.10500000000002174,-0.21000000000004349,-0.774000000000008,-1.3620000000000232,-0.7860000000000333,-0.8249999999999957,-0.384000000000011,-0.24900000000000588,-0.3960000000000097,
0.2043999999999997,-0.11519999999999975,0.6425999999999998,0.4328000000000003,-0.7647999999999993,0.24679999999999946,0.5075000000000003,-0.07450000000000045,0.6265999999999998,0.14320000000000022,0.06300000000001305,-0.027000000000043656,0.0839999999999641,0.40799999999995507,-1.0530000000000506,0.1680000000000348,0.2069999999999972,0.798000000000032,0.9690000000000065,0.6179999999999986,
0.20650000000000013,-0.1161000000000012,0.6453999999999986,0.4463999999999988,-0.8073000000000015,0.2524000000000006,0.5144000000000002,-0.04789999999999939,0.6589,0.09200000000000053,0.3059999999999796,-0.023999999999944066,-0.2999999999999403,0.15000000000002345,-0.8999999999999275,-0.49800000000001177,-0.39299999999999,-0.4139999999999944,-0.7319999999999993,0.3149999999999853,
0.21669999999999945,-0.11689999999999934,0.6354000000000006,0.4513999999999996,-0.8041,0.23580000000000023,0.5013000000000005,-0.0616999999999992,0.6345000000000001,0.1543000000000001,0.31200000000001893,0.35699999999996734,0.44699999999997075,0.705000000000009,-0.5759999999999899,0.15600000000000946,0.21899999999999586,0.17999999999998018,0.1499999999999968,-0.5159999999999965,
0.22710000000000008,-0.10500000000000043,0.6502999999999997,0.4748999999999999,-0.8232999999999997,0.24100000000000055,0.5086000000000004,-0.05569999999999986,0.6395,0.13710000000000022,0.14399999999998414,0.13799999999999812,0.11100000000000776,0.48599999999998644,0.24299999999996658,-0.25500000000001855,-0.07800000000000473,0.2999999999999936,-0.22500000000000853,-0.4919999999999991,
0.23189999999999955,-0.10040000000000049,0.6539999999999999,0.4910999999999994,-0.8152000000000008,0.23249999999999993,0.5060000000000002,-0.045700000000000074,0.6319999999999997,0.12070000000000025,-0.0389999999999624,-0.3509999999999813,0.36300000000000665,0.8460000000000534,-1.57199999999996,-0.026999999999990365,0.32699999999998397,1.1549999999999994,-0.026999999999990365,0.19199999999997885,
0.2306000000000008,-0.11209999999999987,0.6661000000000001,0.5193000000000012,0.15860000000000163,0.23160000000000025,0.5168999999999997,-0.007200000000000095,0.6311,0.8045999999999998,-0.5790000000000362,-1.1790000000000234,0.045000000000001705,-0.33000000000003027,-1.0170000000000812,-0.3089999999999993,-0.32099999999999795,-0.04199999999998205,0.09600000000001607,-0.8009999999999984,
0.2112999999999996,-0.15140000000000065,0.6676000000000002,0.12469999999999892,0.5083000000000002,0.22130000000000027,0.5061999999999998,-0.008599999999999497,0.7778999999999998,0.6343000000000005,0.008999999999979025,-0.5489999999999995,-0.4230000000000267,0.2519999999999989,0.4709999999999681,-1.2060000000000137,-0.8639999999999848,-0.6600000000000072,-0.8969999999999878,-0.5730000000000235,
0.2115999999999989,-0.16970000000000063,0.6534999999999993,0.13309999999999889,0.5239999999999991,0.18109999999999982,0.47740000000000027,-0.03059999999999974,0.7480000000000002,0.6151999999999997,0.40800000000000836,0.378000000000025,0.36599999999999966,0.3450000000000486,0.19500000000002515,0.5250000000000021,0.17399999999999416,-0.07800000000000473,0.1499999999999968,0.00900000000000567,
0.22519999999999918,-0.1570999999999998,0.6656999999999993,0.1446000000000005,0.5305,0.1985999999999999,0.4832000000000001,-0.033199999999999896,0.7530000000000001,0.6154999999999999,-0.23399999999998755,-0.6000000000000405,-0.18000000000000682,-0.28500000000002856,-0.24600000000001288,0.035999999999996035,0.0059999999999860165,0.5159999999999965,-0.4410000000000114,0.5430000000000135,
0.2173999999999996,-0.17710000000000115,0.6596999999999991,0.13509999999999955,0.5222999999999995,0.19979999999999976,0.4833999999999996,-0.016000000000000014,0.7382999999999997,0.6336000000000004,-0.6480000000000352,-0.5399999999999672,0.4320000000000057,-0.09599999999998943,0.27000000000001023,-0.5909999999999815,-0.6899999999999906,-0.16800000000000814,-0.23399999999998755,-0.9180000000000188,
0.19579999999999842,-0.19510000000000005,0.6740999999999993,0.1318999999999999,0.5312999999999999,0.18010000000000037,0.4603999999999999,-0.021600000000000286,0.7305000000000001,0.6029999999999998,-0.32399999999999096,-1.0410000000000252,-0.43799999999999173,-0.2580000000000382,0.2159999999999762,0.24600000000001288,0.0870000000000104,0.2820000000000089,-0.42899999999998606,0.29700000000002724,
0.18499999999999872,-0.2298000000000009,0.6594999999999995,0.12329999999999863,0.5384999999999991,0.1883000000000008,0.46330000000000027,-0.012199999999999989,0.7162000000000006,0.6129000000000007,-0.7980000000000054,-1.4550000000000196,-0.710999999999995,-0.6179999999999986,0.10500000000002174,0.06599999999997941,-0.18899999999998585,-0.1049999999999951,-0.4440000000000044,-0.705000000000009,
0.15839999999999854,-0.27830000000000155,0.6357999999999997,0.10269999999999868,0.5419999999999998,0.1905000000000001,0.45700000000000074,-0.015699999999999825,0.7014000000000005,0.5894000000000004,-0.8489999999999398,-1.1039999999999317,-0.15299999999996317,-0.5879999999999619,-0.0809999999999711,0.6630000000000003,0.356999999999994,0.5220000000000091,0.4079999999999817,-0.057000000000000384,
0.13010000000000055,-0.31509999999999927,0.6307000000000009,0.08309999999999995,0.5393000000000008,0.21260000000000012,0.46890000000000054,0.001700000000000479,0.7149999999999999,0.5875000000000004,0.3090000000000259,0.1290000000000191,0.32099999999999795,0.3449999999999953,0.48299999999999343,-0.3089999999999993,-0.32099999999999795,-0.4740000000000144,-0.2069999999999972,-0.5039999999999978,
0.1404000000000014,-0.31079999999999863,0.6414000000000009,0.0945999999999998,0.5554000000000006,0.20230000000000015,0.4582000000000006,-0.014100000000000001,0.7081,0.5707000000000004,-0.5730000000000501,-0.759000000000043,-0.3930000000000433,0.0059999999999860165,-0.05100000000004101,0.2579999999999849,0.24599999999998623,0.0059999999999860165,-0.09299999999999642,-0.3390000000000093,
0.12129999999999974,-0.33610000000000007,0.6282999999999994,0.09479999999999933,0.5536999999999992,0.21089999999999964,0.46640000000000015,-0.013900000000000468,0.7050000000000001,0.5594000000000001,-0.2579999999999849,-0.8130000000000237,-0.18599999999999284,0.05700000000002703,0.11999999999998678,0.7170000000000076,0.3990000000000027,0.09600000000001607,-0.11400000000000077,0.07499999999998508,
0.11270000000000024,-0.36320000000000086,0.6220999999999997,0.09670000000000023,0.5576999999999988,0.2347999999999999,0.47970000000000024,-0.010699999999999932,0.7012,0.5618999999999996,-0.9810000000000052,-2.336999999999989,-1.4069999999999716,-0.9869999999999912,-1.1429999999999474,1.029,0.4019999999999957,-0.1320000000000121,-0.10200000000000209,-0.3449999999999953,
0.08000000000000007,0.5752000000000006,-0.4411000000000005,0.06380000000000052,0.5196000000000005,0.2690999999999999,-0.015100000000000335,0.4931000000000001,0.6978,0.5503999999999998,-0.2069999999999972,0.5789999999999829,-0.36299999999995336,0.31200000000001893,0.8759999999999835,-0.03899999999998904,-0.4499999999999904,-0.22500000000000853,-0.3420000000000023,-0.9629999999999939,
0.07310000000000016,0.5945,-0.45319999999999894,0.07420000000000115,0.5488,0.26780000000000026,-0.030100000000000016,0.4855999999999998,0.6863999999999999,0.5183,-0.5489999999999995,-0.39599999999998303,-0.5370000000000275,0.18299999999999983,-0.3059999999999796,0.3149999999999853,-0.6720000000000059,0.1499999999999968,0.057000000000000384,-0.39599999999998303,
0.05480000000000018,0.5813000000000006,-0.47109999999999985,0.08030000000000115,0.5386000000000006,0.27829999999999977,-0.05250000000000021,0.4905999999999997,0.6882999999999999,0.5051000000000005,0.4709999999999681,0.008999999999979025,0.17399999999996751,0.18599999999993955,0.44699999999997075,-0.3149999999999853,-0.0059999999999860165,-0.359999999999987,-0.20099999999998452,-0.06899999999999906,
0.07049999999999912,0.5815999999999999,-0.46530000000000094,0.08649999999999913,0.5534999999999997,0.26780000000000026,-0.05269999999999975,0.47860000000000014,0.6816000000000004,0.5028000000000006,-0.5039999999999978,-0.24600000000001288,-1.1249999999999893,-0.06300000000001305,-0.45600000000000307,0.359999999999987,-0.381000000000018,0.6419999999999959,0.19499999999997186,-0.48000000000002707,
0.05369999999999919,0.5733999999999995,0.0843999999999987,-0.5028000000000006,0.5382999999999996,0.2797999999999998,-0.06540000000000035,0.6880999999999995,0.5,0.4867999999999997,-0.6149999999999523,-0.11099999999995447,-0.0839999999999641,-0.31799999999995165,0.49800000000001177,0.2730000000000299,-0.713999999999988,-0.23699999999998056,0.07200000000001872,-0.39599999999998303,
0.033200000000000784,0.569700000000001,0.0815999999999999,-0.513399999999999,0.5549,0.2889000000000008,-0.08919999999999995,0.6802000000000001,0.5024000000000006,0.47360000000000024,-1.0740000000000016,-0.6480000000000352,0.36900000000004596,-1.9019999999999904,-0.5309999999999881,0.04199999999998205,-0.9839999999999982,-0.2400000000000002,0.9629999999999939,-0.6210000000000182,
-0.0025999999999992696,0.5480999999999998,0.09390000000000143,0.5372000000000003,-0.5767999999999986,0.2903000000000002,-0.12199999999999989,0.6722000000000001,0.45289999999999964,0.5345000000000004,-0.6360000000000099,-0.27300000000000324,0.5939999999999479,0.27000000000001023,-0.7950000000000124,0.17999999999998018,-0.40500000000001535,0.27899999999998926,0.07200000000001872,0.28199999999998226,
-0.0237999999999996,0.5389999999999997,0.11369999999999969,0.5462000000000007,-0.6032999999999991,0.29629999999999956,-0.1355000000000004,0.6814999999999998,0.45530000000000026,0.5438999999999998,-0.39299999999999,0.45600000000005636,0.5880000000000152,0.18000000000000682,-0.5820000000000292,0.03600000000002268,-0.4559999999999764,2.6645352591003757E-14,-0.14099999999999113,0.16500000000001513,
-0.03689999999999927,0.5542000000000016,0.1333000000000002,0.5522000000000009,-0.6227,0.2975000000000003,-0.1506999999999996,0.6815000000000007,0.45060000000000056,0.5494000000000003,-0.03900000000001569,0.20099999999995788,0.11100000000000776,-0.06300000000001305,0.28500000000002856,-0.09299999999999642,-0.17399999999999416,-0.07500000000001172,-0.21600000000000286,0.2669999999999906,
-0.03819999999999979,0.5609000000000002,0.13700000000000045,0.5501000000000005,-0.6131999999999991,0.29440000000000044,-0.15649999999999942,0.6790000000000003,0.44340000000000046,0.5583,0.2879999999999683,0.041999999999955406,0.6779999999999653,0.3749999999999787,-0.4260000000000197,-0.07800000000003138,0.029999999999983373,0.05999999999999339,0.19199999999997885,0.11400000000000077,
-0.028600000000000847,0.5622999999999987,0.1595999999999993,0.5625999999999998,-0.6273999999999997,0.2917999999999994,-0.15549999999999997,0.681,0.44979999999999976,0.5621,-0.28199999999998226,0.23400000000004084,0.8790000000000298,0.2670000000000172,-0.5159999999999698,0.11400000000002741,-0.13499999999997847,-0.0059999999999860165,0.11400000000002741,1.128000000000009,
-0.038000000000000256,0.5701,0.1889000000000003,0.5715000000000003,-0.6445999999999987,0.2956000000000003,-0.15999999999999925,0.6808000000000005,0.45360000000000067,0.5997000000000003,-0.05099999999998772,0.19200000000003214,1.2030000000000207,0.49199999999997246,-0.7980000000000054,-0.15000000000002345,0.18299999999997318,0.34499999999996867,-0.03300000000002967,0.6659999999999933,
-0.039699999999999847,0.5765000000000011,0.22900000000000098,0.5878999999999994,-0.6711999999999989,0.2905999999999995,-0.15390000000000015,0.6922999999999995,0.4524999999999997,0.6219000000000001,-0.6209999999999916,0.23099999999999454,0.1289999999999658,-0.18599999999993955,-0.6179999999999986,0.006000000000012662,-0.11100000000000776,0.16500000000001513,0.3390000000000093,0.9659999999999869,
-0.060399999999999565,0.5842000000000009,0.23329999999999984,0.5817000000000014,-0.6917999999999989,0.29079999999999995,-0.1576000000000004,0.6978,0.4638,0.6540999999999997,-0.22500000000000853,0.44399999999992446,0.6239999999999846,0.35999999999996035,-0.22500000000006182,-0.09299999999999642,0.46800000000000175,0.0420000000000087,-0.30600000000000627,0.6059999999999999,
-0.06789999999999985,0.5989999999999984,0.2540999999999993,0.5937000000000001,-0.6993000000000009,0.28770000000000007,-0.14200000000000035,0.6992000000000003,0.4535999999999998,0.6742999999999997,0.36300000000000665,0.41400000000004766,0.2550000000000452,0.3090000000000259,0.14100000000004442,-0.2519999999999989,-0.32399999999999096,-0.1470000000000038,-0.23099999999999454,-0.10200000000000209,
-0.05579999999999963,0.6128,0.26260000000000083,0.604000000000001,-0.6945999999999994,0.2793000000000001,-0.15280000000000005,0.6943000000000001,0.44589999999999996,0.6708999999999996,-0.18299999999999983,-0.11999999999998678,-0.06600000000000605,-0.28500000000002856,-0.8580000000000254,-0.11999999999998678,0.27300000000000324,0.035999999999996035,0.2940000000000076,0.7260000000000133,
-0.06189999999999962,0.6088000000000005,0.26040000000000063,0.5945,-0.7232000000000003,0.27530000000000054,-0.14369999999999994,0.6955,0.4557000000000002,0.6951,-0.4230000000000267,0.5399999999999672,0.5399999999999672,0.44999999999996376,0.1649999999999885,0.13499999999997847,-0.22800000000000153,0.2519999999999989,-0.5550000000000122,1.0470000000000113,
-0.07600000000000051,0.6267999999999994,0.6094999999999988,0.27839999999999954,1.0526999999999997,0.2797999999999998,-0.1513,0.4371999999999998,0.7039,-0.05659999999999954,-0.24600000000001288,-0.023999999999997357,0.3360000000000163,0.2099999999999902,0.5789999999999829,-0.7619999999999827,0.6690000000000129,-0.11400000000000077,0.09299999999999642,0.1529999999999898,
-0.08420000000000094,0.6259999999999994,0.6206999999999994,0.2853999999999992,1.0719999999999992,0.2544000000000004,-0.12899999999999956,0.4333999999999998,0.7069999999999999,-0.05149999999999988,-0.6239999999999846,0.5460000000000065,0.7110000000000483,0.6600000000000605,0.7740000000000613,-0.07800000000000473,0.33599999999998964,-0.3420000000000023,0.06600000000000605,0.1049999999999951,
-0.10500000000000043,0.6441999999999997,0.644400000000001,0.30740000000000123,1.0978000000000012,0.25180000000000025,-0.1177999999999999,0.4219999999999997,0.7092,-0.04800000000000004,0.15900000000000247,0.7500000000000107,0.4619999999999358,0.20099999999995788,0.35399999999997434,0.11399999999997412,0.4799999999999738,-0.37500000000000533,-0.18600000000001948,-0.15300000000001646,
-0.09970000000000034,0.6692,0.3140999999999998,0.6597999999999988,1.1096000000000004,0.2555999999999994,-0.10180000000000078,0.7029999999999994,0.40949999999999953,-0.05310000000000059,0.375000000000032,0.5100000000000371,0.4200000000000337,0.5970000000000475,0.5580000000000318,0.375000000000032,0.03300000000002967,0.20400000000003082,0.1680000000000348,0.39000000000002366,
-0.08719999999999928,0.6862000000000013,0.32810000000000095,0.6797000000000004,1.1282000000000014,0.26810000000000045,-0.10069999999999979,0.7098000000000004,0.4151000000000007,-0.0400999999999998,-0.18300000000005312,0.2879999999999683,0.11399999999994748,-0.14700000000003044,0.15899999999994918,-0.4019999999999957,0.6299999999999972,-0.22200000000001552,-0.42000000000000703,-0.09000000000000341,
-0.09330000000000105,0.6958000000000002,0.3318999999999992,0.6747999999999994,1.1334999999999997,0.2547000000000006,-0.07969999999999988,0.7023999999999999,0.40110000000000046,-0.043099999999999916,0.06600000000000605,1.0079999999999956,0.7230000000000203,0.8640000000000114,0.8699999999999974,-0.28800000000002157,0.3420000000000023,-0.057000000000000384,-0.45300000000001006,0.19199999999997885,
-0.09110000000000085,0.7294,0.35599999999999987,0.7035999999999998,1.1624999999999996,0.24509999999999987,-0.0682999999999998,0.7004999999999999,0.3860000000000001,-0.03670000000000062,-0.4320000000000057,1.0679999999999623,1.2239999999999718,1.4549999999999663,1.161000000000012,0.054000000000007375,0.7860000000000067,0.07500000000001172,-0.5639999999999912,0.3060000000000329,
-0.10550000000000104,0.7649999999999988,0.39679999999999893,0.7520999999999987,1.2012,0.24690000000000012,-0.04209999999999958,0.7030000000000003,0.3672000000000004,-0.026499999999999524,-0.8399999999999608,-0.17999999999995353,0.20400000000000418,0.10500000000002174,0.3719999999999857,0.4320000000000057,0.6480000000000086,0.1529999999999898,0.2069999999999972,0.9299999999999908,
-0.13349999999999973,0.7590000000000003,0.40359999999999907,0.7555999999999994,1.2135999999999996,0.2613000000000003,-0.020499999999999297,0.7081,0.3741000000000003,0.0045000000000001705,0.32399999999999096,1.1310000000000286,0.7290000000000596,0.9840000000000515,1.2870000000000381,0.20400000000000418,0.8879999999999821,0.5130000000000035,0.011999999999998678,0.4469999999999974,
-0.12270000000000003,0.7967000000000013,0.42790000000000106,0.7884000000000011,1.2565000000000008,0.26810000000000045,0.009100000000000108,0.7252000000000001,0.3745000000000003,0.019400000000000084,-0.15600000000000946,-0.08100000000002439,-0.3000000000000469,-0.13800000000005141,-0.28800000000002157,-0.30600000000000627,0.1470000000000038,-0.2549999999999919,-0.07500000000001172,-0.09900000000000908,
-0.12790000000000035,0.7940000000000005,0.4178999999999995,0.7837999999999994,1.2469000000000001,0.25790000000000024,0.014000000000000234,0.7167000000000003,0.3719999999999999,0.01609999999999978,-0.6929999999999836,0.02100000000000435,0.1260000000000261,0.37200000000003897,0.5820000000000292,0.4769999999999808,0.5609999999999715,0.368999999999966,0.8999999999999808,1.0229999999999873,
-0.1509999999999998,0.7947000000000006,0.42210000000000036,0.7962000000000007,1.266300000000001,0.2737999999999996,0.032699999999999285,0.7289999999999992,0.40199999999999925,0.050199999999999356,-1.2600000000000477,-0.2160000000000295,-0.03900000000001569,-0.10200000000002873,0.14099999999993784,-0.24599999999998623,0.07200000000001872,0.015000000000018332,-0.2309999999999679,-0.5999999999999872,
-0.1930000000000014,0.7874999999999996,0.42079999999999984,0.7927999999999997,1.270999999999999,0.26560000000000006,0.03509999999999991,0.7294999999999998,0.3943000000000003,0.030199999999999783,-0.8699999999999442,0.23100000000004783,-0.05699999999997374,1.1130000000000173,0.44100000000003803,0.11699999999999378,1.097999999999999,0.2400000000000002,0.5519999999999925,0.4440000000000044,
-0.22199999999999953,0.7952000000000012,0.4189000000000007,0.8299000000000003,1.2857000000000003,0.26949999999999985,0.07169999999999987,0.7374999999999998,0.41270000000000007,0.04499999999999993,-0.7559999999999967,-0.03300000000002967,-0.1320000000000121,0.11400000000000077,0.5519999999999925,0.36000000000001364,0.8640000000000114,0.5820000000000292,0.5310000000000148,0.44700000000002404,
-0.24719999999999942,0.7941000000000003,0.4145000000000003,0.8337000000000003,1.3041,0.2815000000000003,0.10050000000000026,0.7569000000000008,0.43040000000000056,0.05990000000000073,-1.0829999999999806,-0.015000000000018332,-0.9330000000000105,0.3390000000000093,-0.18000000000000682,-0.09299999999999642,0.32699999999998397,-0.01800000000001134,0.6059999999999732,0.3209999999999713,
-0.2832999999999988,0.7935999999999996,0.38339999999999996,0.8450000000000006,1.2980999999999998,0.2784000000000004,0.11139999999999972,0.7563000000000004,0.45059999999999967,0.07059999999999977,-0.7830000000000403,-0.5519999999999925,-0.047999999999994714,-0.8580000000000254,-0.011999999999972033,-0.27000000000001023,-0.36599999999999966,0.03599999999996939,-0.07199999999999207,-0.11699999999999378,
-0.3094000000000001,0.7751999999999999,0.38180000000000014,0.8163999999999998,1.2977000000000007,0.2694000000000001,0.09919999999999973,0.7574999999999994,0.44819999999999993,0.06669999999999998,0.13199999999995882,0.72599999999996,-0.20400000000000418,0.9120000000000061,0.0809999999999711,-0.3300000000000036,0.5670000000000108,0.015000000000018332,0.26100000000000456,-0.08999999999997677,
-0.3050000000000015,0.7993999999999986,0.375,0.8468,1.3003999999999998,0.25839999999999996,0.1181000000000001,0.758,0.4569000000000001,0.06370000000000076,-0.8879999999999555,-0.06299999999995975,-0.375000000000032,-0.2999999999999936,-0.28500000000002856,-1.0860000000000003,-0.5400000000000205,0.014999999999991687,0.43799999999999173,-0.14400000000003743,
-0.3346,0.7972999999999999,0.36249999999999893,0.8368000000000002,1.2908999999999988,0.22219999999999995,0.10009999999999941,0.7584999999999997,0.4714999999999998,0.05889999999999951,-2.640000000000029,-0.8550000000000324,-1.6469999999999985,-0.4230000000000267,-0.722999999999967,-2.1450000000000102,0.36000000000001364,-0.2699999999999836,0.15600000000000946,-0.39299999999999,
0.7687999999999988,0.307599999999999,0.8226999999999993,1.2668,1.1353999999999989,0.11209999999999987,0.7495000000000003,0.4767000000000001,0.04579999999999984,0.9843000000000002,0.36900000000004596,-0.11699999999994048,-0.338999999999956,-0.3420000000000023,0.6030000000000335,0.03900000000001569,0.011999999999998678,0.9659999999999869,-0.32099999999999795,0.06899999999999906,
0.7811000000000003,0.30370000000000097,0.8114000000000008,1.2553999999999998,1.1555,0.11340000000000039,0.7499000000000002,0.5088999999999997,0.03509999999999991,0.9866000000000001,-0.438000000000045,-0.6840000000000579,-0.09600000000004272,0.2519999999999989,-0.45000000000001705,-0.045000000000001705,-0.08099999999999774,-0.0029999999999930083,-0.2999999999999936,-0.5969999999999942,
0.7664999999999988,0.28089999999999904,0.8081999999999994,1.2637999999999998,1.1404999999999994,0.11190000000000033,0.7472000000000003,0.5087999999999999,0.025100000000000122,0.9667000000000003,0.7470000000000176,0.006000000000039307,-0.008999999999979025,0.0870000000000104,-0.05999999999996675,-0.024000000000024002,0.0,0.011999999999998678,0.02100000000000435,-0.03600000000002268,
0.28110000000000035,0.7913999999999994,0.8079000000000001,1.2667000000000002,1.1385000000000005,0.7472000000000003,0.11109999999999953,0.5091999999999999,0.025800000000000267,0.9654999999999996,-0.6540000000000212,-0.4619999999999891,-0.49800000000001177,-0.047999999999994714,0.23099999999999454,0.0,0.6000000000000139,0.30600000000000627,0.10199999999997544,0.1470000000000038,
0.7759999999999998,0.25929999999999964,0.7912999999999997,1.2651000000000003,1.1462000000000003,0.1311,0.7472000000000003,0.5194000000000001,0.02919999999999945,0.9703999999999997,0.43799999999999173,-0.09299999999999642,0.1259999999999728,0.0389999999999624,0.18299999999994654,0.1949999999999985,0.5820000000000025,0.20100000000001117,0.11400000000002741,0.16500000000001513,
0.7905999999999995,0.25619999999999976,0.7954999999999988,1.266399999999999,1.1522999999999985,0.13759999999999994,0.7666000000000004,0.5261000000000005,0.03300000000000036,0.9759000000000002,1.0560000000000436,-0.9179999999999922,-0.17099999999992122,0.49200000000002575,1.1940000000000417,0.9900000000000109,0.39299999999999,0.21899999999999586,0.2850000000000019,0.20100000000001117,
0.22560000000000002,0.825800000000001,0.7898000000000014,1.2828,1.1921,0.7797000000000001,0.1706000000000003,0.5334000000000003,0.042500000000000426,0.9826000000000006,0.20400000000000418,1.11899999999995,-0.1320000000000654,0.8099999999999774,0.9600000000000009,0.5489999999999995,1.0199999999999942,0.5669999999999842,0.710999999999995,-0.5430000000000135,
0.23240000000000016,0.8630999999999993,0.7853999999999992,1.3097999999999992,1.2241,0.798,0.20460000000000012,0.5522999999999998,0.06620000000000026,0.9645000000000001,0.17699999999996052,0.4800000000000004,-0.6120000000000125,0.2940000000000076,0.2970000000000006,0.810000000000004,0.4919999999999991,0.2670000000000172,0.5519999999999925,0.31500000000001194,
0.23829999999999885,0.8790999999999993,0.7649999999999988,1.3195999999999994,1.234,0.8250000000000002,0.22100000000000009,0.5612000000000004,0.08460000000000001,0.9750000000000005,-0.18299999999994654,0.3420000000000556,0.06900000000005235,0.21000000000004349,0.06000000000002004,0.22199999999998887,0.2400000000000002,0.36599999999999966,0.22800000000000153,0.5459999999999798,
