7.524,5.0515,0.354000000000001,-0.1470000000000038
7.5358,5.0466,0.14400000000001079,-0.08099999999999774
7.5406,5.0439,-0.03900000000001569,-0.18599999999999284
7.5393,5.0377,0.1890000000000125,-0.006000000000012662
7.5456,5.0375,0.14099999999999113,-0.17999999999998018
7.5503,5.0315,0.2669999999999906,-0.2790000000000159
7.5592,5.0222,0.5220000000000091,-0.0629999999999864
7.5766,5.0201,-0.2400000000000002,0.06899999999999906
7.5686,5.0224,0.5580000000000052,-0.42000000000000703
7.5872,5.0084,0.014999999999991687,-0.15600000000000946
7.5877,5.0032,0.30300000000001326,0.21300000000000985
7.5978,5.0103,0.5250000000000021,0.014999999999991687
7.6153,5.0108,0.8129999999999971,-0.09299999999999642
7.6424,5.0077,0.5999999999999872,0.22800000000000153
7.6624,5.0153,0.5220000000000091,0.14099999999999113
7.6798,5.02,0.05999999999999339,-0.026999999999990365
7.6818,5.0191,0.9000000000000075,-0.08099999999999774
7.7118,5.0164,0.9209999999999852,0.13799999999999812
7.7425,5.021,2.012999999999998,-0.09000000000000341
7.8096,5.018,0.9540000000000148,-0.15900000000000247
7.8414,5.0127,1.2210000000000054,-0.23399999999998755
7.8821,5.0049,-0.12300000000000644,0.017999999999984695
7.878,5.0055,1.2479999999999958,-0.1949999999999985
7.9196,4.999,1.3409999999999922,-0.14099999999999113
7.9643,4.9943,3.1890000000000285,0.27599999999999625
8.0706,5.0035,1.6859999999999609,0.12599999999999945
8.1268,5.0077,1.6530000000000378,0.49800000000001177
8.1819,5.0243,0.16199999999999548,0.11099999999998111
8.1873,5.028,2.135999999999978,1.1460000000000203
8.2585,5.0662,1.5990000000000038,0.9360000000000035
8.3118,5.0974,3.7950000000000017,1.3949999999999996
8.4383,5.1439,2.079000000000004,0.9719999999999995
8.5076,5.1763,1.5359999999999907,0.8549999999999791
8.5588,5.2048,0.27899999999998926,-0.36599999999999966
8.5681,5.1926,1.8420000000000236,0.6420000000000226
8.6295,5.214,1.742999999999988,0.3149999999999853
8.6876,5.2245,3.027000000000033,1.0439999999999916
8.7885,5.2593,1.8689999999999607,1.2540000000000084
8.8508,5.3011,1.152000000000033,0.7919999999999927
8.8892,5.3275,0.13500000000000512,-0.057000000000000384
8.8937,5.3256,1.3319999999999865,0.5100000000000104
8.9381,5.3426,1.2899999999999778,0.48599999999998644
8.9811,5.3588,3.0750000000000277,1.1430000000000007
9.0836,5.3969,2.072999999999965,0.8250000000000224
9.1527,5.4244,1.218000000000039,0.48899999999997945
9.1933,5.4407,0.1289999999999658,-0.11400000000000077
9.1976,5.4369,1.2720000000000198,0.49500000000001876
9.24,5.4534,1.7189999999999905,0.5069999999999908
9.2973,5.4703,2.8740000000000165,0.9570000000000078
9.3931,5.5022,1.745999999999981,0.5789999999999829
9.4513,5.5215,1.224000000000025,0.4380000000000184
9.4921,5.5361,-0.0029999999999930083,0.3990000000000027
9.492,5.5494,1.7309999999999626,0.2099999999999902
9.5497,5.5564,1.7250000000000298,0.5670000000000108
9.6072,5.5753,2.7059999999999818,1.23899999999999
9.6974,5.6166,1.9860000000000078,0.4919999999999991
9.7636,5.633,1.0500000000000043,0.5849999999999955
9.7986,5.6525,-0.11699999999999378,0.14400000000001079
9.7947,5.6573,1.4400000000000013,0.8429999999999804
9.8427,5.6854,1.1190000000000033,0.7470000000000176
9.88,5.7103,2.3159999999999847,1.3350000000000062
9.9572,5.7548,0.8850000000000158,0.6869999999999976
9.9867,5.7777,1.2089999999999534,1.2690000000000001
10.027,5.82,0.009000000000032315,-0.18000000000000682
10.0273,5.814,1.4610000000000056,0.5159999999999965
10.076,5.8312,0.6150000000000055,0.771000000000015
10.0965,5.8569,2.2379999999999534,0.6479999999999819
10.1711,5.8785,1.413000000000011,0.777000000000001
10.2182,5.9044,0.5580000000000318,0.8220000000000027
10.2368,5.9318,0.09000000000000341,0.11699999999999378
10.2398,5.9357,1.2570000000000014,1.0320000000000196
10.2817,5.9701,0.6689999999999863,0.4589999999999961
10.304,5.9854,2.2409999999999997,1.2419999999999831
10.3787,6.0268,1.3410000000000188,0.8430000000000071
10.4234,6.0549,1.2119999999999997,0.6749999999999989
10.4638,6.0774,-0.41100000000000136,0.22500000000000853
10.4501,6.0849,1.2149999999999928,0.7019999999999893
10.4906,6.1083,1.100999999999992,0.6600000000000072
10.5273,6.1303,2.7390000000000114,1.205999999999987
10.6186,6.1705,1.565999999999974,0.36000000000001364
10.6708,6.1825,0.9360000000000035,0.8310000000000084
10.702,6.2102,-0.0059999999999860165,0.39899999999997604
10.7018,6.2235,1.1579999999999657,0.5370000000000008
10.7404,6.2414,1.2809999999999988,0.9210000000000118
10.7831,6.2721,2.385000000000037,1.6080000000000094
10.8626,6.3257,1.0020000000000095,0.9749999999999925
10.896,6.3582,1.175999999999977,1.230000000000011
10.9352,6.3992,-0.045000000000001705,0.008999999999979025
10.9337,6.3995,1.1880000000000024,0.7260000000000133
10.9733,6.4237,1.1130000000000173,0.5189999999999895
11.0104,6.441,1.8989999999999974,1.6469999999999985
11.0737,6.4959,0.72599999999996,0.30600000000000627
11.0979,6.5061,0.9690000000000332,0.2940000000000076
11.1302,6.5159,-0.11400000000000077,0.359999999999987
11.1264,6.5279,0.8309999999999818,0.22500000000000853
11.1541,6.5354,0.7230000000000203,1.1549999999999994
11.1782,6.5739,1.4699999999999847,1.4999999999999947
11.2272,6.6239,0.48299999999999343,0.2879999999999949
11.2433,6.6335,0.705000000000009,0.5220000000000091
11.2668,6.6509,0.012000000000025324,0.1049999999999951
11.2672,6.6544,0.659999999999954,0.710999999999995
11.2892,6.6781,0.5729999999999968,0.8490000000000197
11.3083,6.7064,1.2450000000000294,0.7559999999999967
11.3498,6.7316,0.5339999999999812,0.27300000000000324
11.3676,6.7407,0.4680000000000284,0.6510000000000016
11.3832,6.7624,-0.015000000000018332,-0.13800000000002477
11.3827,6.7578,0.4649999999999821,0.4590000000000227
11.3982,6.7731,0.8820000000000228,-0.3240000000000176
11.4276,6.7623,0.771000000000015,0.7590000000000163
11.4533,6.7876,0.8430000000000071,0.5219999999999825
11.4814,6.805,0.4169999999999874,0.21600000000000286
11.4953,6.8122,-0.23700000000003385,0.12599999999999945
11.4874,6.8164,0.45600000000000307,-0.12599999999999945
11.5026,6.8122,0.5670000000000108,0.5580000000000052
11.5215,6.8308,0.8850000000000158,0.8579999999999988
11.551,6.8594,-0.27000000000001023,-0.09900000000000908
11.542,6.8561,0.8790000000000298,0.24600000000001288
11.5713,6.8643,0.0,-0.045000000000001705
11.5713,6.8628,0.0809999999999711,0.23099999999999454
11.574,6.8705,0.39900000000002933,0.3300000000000036
11.5873,6.8815,0.5729999999999968,-0.047999999999994714
11.6064,6.8799,0.1649999999999885,0.026999999999990365
11.6119,6.8808,0.24299999999996658,-0.02100000000000435
11.62,6.8801,0.3060000000000329,0.045000000000001705
11.6302,6.8816,-0.05700000000002703,-0.2669999999999906
11.6283,6.8727,-0.10499999999996845,0.47099999999999476
11.6248,6.8884,0.5129999999999768,-0.3719999999999857
11.6419,6.876,-0.4619999999999891,-0.09000000000000341
11.6265,6.873,0.6390000000000029,0.42300000000000004
11.6478,6.8871,-0.1710000000000278,-0.1770000000000138
11.6421,6.8812,0.22800000000000153,-0.06899999999999906
11.6497,6.8789,0.10500000000002174,0.10200000000000209
11.6532,6.8823,-0.1290000000000191,-0.4169999999999874
11.6489,6.8684,0.2670000000000172,-0.31800000000000495
11.6578,6.8578,0.4770000000000074,-0.2910000000000146
11.6737,6.8481,-0.1679999999999815,0.0030000000000196536
11.6681,6.8482,0.24599999999995958,-0.49800000000001177
11.6763,6.8316,0.5279999999999951,-0.8069999999999844
11.6939,6.8047,0.8939999999999948,-0.16500000000001513
11.7237,6.7992,-0.27899999999998926,-0.4770000000000074
11.7144,6.7833,0.44400000000003104,0.16800000000000814
11.7292,6.7889,0.14399999999998414,-0.05999999999999339
11.734,6.7869,-0.012000000000025324,0.11100000000000776
11.7336,6.7906,0.28200000000003556,0.13199999999998546
11.743,6.795,1.4099999999999646,1.0079999999999956
11.79,6.8286,0.24000000000002686,0.10800000000001475
11.798,6.8322,0.28800000000002157,-0.2820000000000089
11.8076,6.8228,-0.030000000000036664,-0.38099999999999135
11.8066,6.8101,-0.1259999999999728,0.12899999999999245
11.8024,6.8144,0.8430000000000071,0.26399999999999757
11.8305,6.8232,0.0,0.0
11.8305,6.8232,0.0,0.0
11.8305,6.8232,0.0,0.0
11.8305,6.8232,0.0,0.0
11.8305,6.8232,0.8729999999999905,0.3390000000000093
11.8596,6.8345,0.45600000000000307,0.29399999999998094
11.8748,6.8443,0.2609999999999779,0.378000000000025
11.8835,6.8569,-0.11999999999998678,0.047999999999994714
11.8795,6.8585,0.3719999999999857,0.5339999999999812
11.8919,6.8763,-0.384000000000011,-0.2400000000000002
11.8791,6.8683,0.6720000000000326,0.2670000000000172
11.9015,6.8772,0.2519999999999989,0.3479999999999883
11.9099,6.8888,0.6989999999999696,-0.014999999999991687
11.9332,6.8883,-0.32699999999998397,0.09599999999998943
11.9223,6.8915,0.28199999999998226,-0.08399999999999075
11.9317,6.8887,0.19200000000003214,-0.03899999999998904
11.9381,6.8874,-0.20400000000000418,-0.2640000000000242
11.9313,6.8786,0.3029999999999866,-0.1649999999999885
11.9414,6.8731,1.1939999999999884,-0.0420000000000087
11.9812,6.8717,0.3960000000000363,0.6090000000000195
11.9944,6.892,0.39599999999998303,0.2549999999999919
12.0076,6.9005,-0.06300000000001305,-0.2519999999999989
12.0055,6.8921,0.40800000000000836,0.18299999999999983
12.0191,6.8982,0.5519999999999925,-0.06600000000000605
12.0375,6.896,1.1459999999999937,-0.17399999999999416
12.0757,6.8902,0.2670000000000172,0.2579999999999849
12.0846,6.8988,0.2910000000000146,-0.24599999999998623
12.0943,6.8906,-0.05700000000002703,0.2999999999999936
12.0924,6.9006,0.2940000000000076,-0.354000000000001
12.1022,6.8888,0.31500000000001194,0.057000000000000384
12.1127,6.8907,1.023000000000014,-0.0059999999999860165
12.1468,6.8905,1.2659999999999805,-0.2069999999999972
12.189,6.8836,0.4800000000000004,0.28199999999998226
12.205,6.893,0.026999999999990365,-0.13500000000000512
12.2059,6.8885,0.6990000000000229,0.09300000000002306
12.2292,6.8916,0.5189999999999628,0.356999999999994
12.2465,6.9035,1.4970000000000283,0.011999999999998678
12.2964,6.9039,1.2960000000000171,0.14399999999998414
12.3396,6.9087,0.9989999999999633,0.0
12.3729,6.9087,0.14099999999999113,0.0
12.3776,6.9087,0.8400000000000141,-0.17399999999999416
12.4056,6.9029,1.0680000000000156,-0.13500000000000512
12.4412,6.8984,1.3680000000000092,-0.46800000000000175
12.4868,6.8828,1.17899999999997,-0.0629999999999864
12.5261,6.8807,0.7410000000000316,-0.4049999999999887
12.5508,6.8672,0.2579999999999849,-0.07500000000001172
12.5594,6.8647,0.9389999999999965,-0.4770000000000074
12.5907,6.8488,0.782999999999987,-0.2400000000000002
12.6168,6.8408,2.3129999999999917,-1.0380000000000056
12.6939,6.8062,0.8939999999999948,-0.4979999999999851
12.7237,6.7896,1.1670000000000513,-0.2400000000000002
12.7626,6.7816,-0.3060000000000329,-0.18599999999999284
12.7524,6.7754,1.1489999999999867,0.008999999999979025
12.7907,6.7757,1.235999999999997,-1.034999999999986
12.8319,6.7412,2.1720000000000006,-0.24600000000001288
12.9043,6.733,1.1160000000000103,-0.680999999999985
12.9415,6.7103,0.9750000000000192,-0.26399999999999757
12.974,6.7015,0.09299999999999642,-0.035999999999996035
12.9771,6.7003,1.2990000000000101,-0.8340000000000014
13.0204,6.6725,0.8249999999999957,-0.5520000000000191
