-0.4306000000000001,-0.21150000000000002,0.05769999999999964,0.41500000000000004,0.04129999999999967,0.14250000000000007,-0.4402999999999997,0.5122999999999998,-0.3956999999999997,-0.9537000000000004,0.01800000000001134,0.014999999999991687,0.5850000000000222,0.08399999999999075,0.25500000000001855,-0.24300000000001987,-0.30600000000000627,-0.1049999999999951,-0.5880000000000152,-0.3089999999999993,
-0.4299999999999997,-0.2110000000000003,0.07720000000000038,0.4177999999999997,0.04980000000000029,0.1343999999999994,-0.4504999999999999,0.5087999999999999,-0.4153000000000002,-0.9640000000000004,-0.24299999999999322,-0.18899999999998585,-0.05099999999998772,-0.05999999999996675,-0.26100000000000456,-0.23099999999999454,-0.2820000000000089,0.035999999999996035,-0.1949999999999985,0.1320000000000121,
-0.4380999999999995,-0.21729999999999983,0.07550000000000079,0.41580000000000084,0.041100000000000136,0.1266999999999996,-0.4599000000000002,0.5099999999999998,-0.4218000000000002,-0.9596,-0.30300000000001326,-0.5340000000000078,0.020999999999977703,-0.3960000000000363,-0.02700000000001701,-0.2549999999999919,-0.11699999999999378,-0.045000000000001705,-0.5309999999999881,-0.356999999999994,
-0.44819999999999993,0.07620000000000005,-0.2351000000000001,0.4025999999999996,0.04019999999999957,0.11819999999999986,0.5084999999999997,-0.4638,-0.4394999999999998,-0.9714999999999998,-0.2879999999999683,0.27000000000001023,0.2190000000000225,0.44400000000003104,0.03000000000001002,-0.1320000000000121,-0.2069999999999972,-0.07500000000001172,-0.14700000000003044,-0.012000000000025324,
-0.4577999999999989,0.08520000000000039,-0.22779999999999934,0.41740000000000066,0.0411999999999999,0.11379999999999946,0.5015999999999998,-0.4663000000000004,-0.4444000000000008,-0.9719000000000007,-0.16200000000004877,0.15599999999998282,-0.5490000000000261,-0.411000000000028,0.10200000000000209,-0.45899999999996943,-0.5069999999999908,-0.48599999999998644,-0.29699999999997395,-0.14699999999997715,
-0.4632000000000005,0.09039999999999981,-0.2461000000000002,0.4036999999999997,0.04459999999999997,0.09850000000000048,0.48470000000000013,-0.48249999999999993,-0.4542999999999999,-0.9767999999999999,-0.14400000000001079,-0.06300000000001305,0.057000000000000384,0.11999999999998678,0.19799999999999152,-0.2640000000000242,-0.09000000000000341,-0.34800000000001496,-0.5520000000000191,-0.12599999999999945,
-0.46800000000000086,0.08829999999999938,-0.2442000000000002,0.4076999999999993,0.05119999999999969,0.08969999999999967,0.4817,-0.4941000000000004,-0.47270000000000056,-0.9809999999999999,-0.8519999999999861,1.1340000000000217,-1.1609999999999854,-0.3209999999999713,0.31800000000000495,-0.6929999999999836,-0.04199999999998205,-0.5369999999999742,-0.25499999999996525,0.22200000000001552,
0.1261000000000001,-0.4964000000000004,-0.2828999999999997,0.39700000000000024,0.061799999999999855,0.4803000000000006,0.06660000000000021,-0.5119999999999996,-0.4811999999999994,-0.9735999999999994,-0.6000000000000139,-0.8219999999999761,-1.4700000000000113,-0.9060000000000201,-0.777000000000001,0.5009999999999781,-0.2519999999999989,-0.5340000000000078,0.047999999999994714,0.20399999999997753,
0.10609999999999964,-0.5237999999999996,0.36679999999999957,-0.3319000000000001,0.03589999999999982,0.4969999999999999,0.05820000000000025,-0.4795999999999996,-0.5297999999999998,-0.9668000000000001,0.6210000000000182,-0.417000000000014,0.021000000000030994,-0.2400000000000002,0.18600000000001948,-0.6659999999999933,-0.4440000000000044,-0.7560000000000233,-0.5760000000000165,-0.22199999999998887,
0.12680000000000025,-0.5377000000000001,0.3675000000000006,-0.3399000000000001,0.04210000000000047,0.4748000000000001,0.043400000000000105,-0.5048000000000004,-0.5490000000000004,-0.9741999999999997,-0.0030000000000196536,0.07500000000001172,0.14399999999998414,-0.15600000000000946,0.14399999999998414,-0.06900000000002571,-0.09600000000001607,-0.054000000000007375,-0.5039999999999978,-0.4770000000000074,
0.1266999999999996,-0.5351999999999997,0.3723000000000001,-0.3451000000000004,0.04689999999999994,0.47249999999999925,0.04019999999999957,-0.5066000000000006,-0.5658000000000003,-0.9901,0.21300000000000985,-0.6930000000000103,0.19800000000001816,-0.9449999999999825,0.02100000000000435,0.1290000000000191,-0.12899999999999245,0.24000000000002686,0.09000000000000341,0.6689999999999863,
0.13379999999999992,-0.5583,0.3789000000000007,-0.3765999999999998,0.04760000000000009,0.4767999999999999,0.03589999999999982,-0.4985999999999997,-0.5628000000000002,-0.9678000000000004,0.5130000000000035,-0.5940000000000012,-0.5520000000000191,-0.5100000000000104,0.18299999999999983,0.13500000000000512,-0.37799999999999834,0.0059999999999860165,-0.2940000000000076,-0.05099999999998772,
0.15090000000000003,-0.5781000000000001,0.36050000000000004,-0.39360000000000017,0.05370000000000008,0.48130000000000006,0.023299999999999876,-0.4984000000000002,-0.5726000000000004,-0.9695,0.8009999999999984,-1.39199999999998,-0.5429999999999868,-2.759999999999989,0.006000000000012662,-0.00900000000000567,-1.100999999999992,0.4860000000000131,-0.5909999999999815,0.09899999999998244,
0.17759999999999998,0.3424000000000005,-0.6244999999999994,-0.4855999999999998,0.0539000000000005,0.48099999999999987,-0.48219999999999974,-0.013399999999999856,-0.5922999999999998,-0.9662000000000006,0.5910000000000082,-0.6030000000000069,-1.0620000000000296,-1.031999999999993,0.20399999999997753,-0.11100000000000776,0.14099999999999113,-0.49500000000001876,-0.035999999999996035,0.4830000000000201,
0.19730000000000025,0.32230000000000025,-0.6599000000000004,-0.5199999999999996,0.060699999999999754,0.4772999999999996,-0.47750000000000004,-0.029900000000000482,-0.5934999999999997,-0.9501,0.3479999999999883,-0.10800000000001475,-0.9959999999999702,-1.6320000000000334,-0.22499999999998188,0.5159999999999965,0.4469999999999974,-0.3390000000000093,-0.0660000000000327,0.3059999999999796,
0.20889999999999986,0.31869999999999976,-0.6930999999999994,-0.5744000000000007,0.05320000000000036,0.4944999999999995,-0.4626000000000001,-0.04120000000000079,-0.5957000000000008,-0.9399000000000006,0.5580000000000052,0.22800000000000153,0.33899999999998265,0.08099999999999774,0.2609999999999779,-0.17100000000000115,-0.08099999999999774,0.0840000000000174,0.12300000000003308,0.4230000000000267,
0.22750000000000004,0.3262999999999998,-0.6818,-0.5717000000000008,0.06189999999999962,0.48879999999999946,-0.46530000000000005,-0.03840000000000021,-0.5915999999999997,-0.9257999999999997,0.27000000000001023,-0.7379999999999853,-0.8219999999999761,-1.3169999999999948,0.4830000000000201,0.03600000000002268,0.21899999999999586,-0.8550000000000058,-0.0870000000000104,-0.0030000000000196536,
0.23650000000000038,0.3017000000000003,-0.7091999999999992,-0.6156000000000006,0.07800000000000029,0.4900000000000002,-0.4580000000000002,-0.0669000000000004,-0.5945,-0.9259000000000004,0.28199999999998226,-0.6600000000000072,-0.3000000000000469,-0.9810000000000052,0.23099999999999454,0.14099999999999113,0.48299999999999343,-0.5219999999999825,0.047999999999994714,0.33299999999999663,
0.27970000000000006,0.24589999999999979,-0.7192000000000007,-0.6483000000000008,0.08570000000000011,-0.4419000000000004,0.4946999999999999,-0.08429999999999982,-0.5929000000000002,-0.9148000000000005,-0.2190000000000225,1.4129999999999843,-0.8220000000000027,-2.1149999999999736,0.6359999999999832,0.24299999999999322,-0.36599999999999966,-1.8210000000000193,-0.31800000000000495,0.414000000000021,
0.2723999999999993,0.29299999999999926,-0.7466000000000008,0.10689999999999955,-0.7187999999999999,-0.43380000000000063,0.48249999999999993,-0.14500000000000046,-0.9009999999999998,-0.6035000000000004,-0.7439999999999714,0.5700000000000305,-0.9329999999999572,0.09300000000002306,-1.2809999999999988,-0.48299999999999343,-0.5010000000000048,-0.05099999999998772,0.05099999999998772,-0.39299999999999,
0.24760000000000026,0.3120000000000003,-0.7776999999999994,0.11000000000000032,-0.30630000000000024,-0.4499000000000004,0.46579999999999977,-0.14670000000000005,-0.8993000000000002,0.8563000000000001,0.10800000000001475,0.6989999999999963,-0.4529999999999834,0.5340000000000078,-1.001999999999983,0.5220000000000091,-0.08399999999999075,-1.031999999999993,-0.008999999999979025,-2.1209999999999862,
0.25120000000000076,0.33530000000000015,-0.7927999999999988,-0.33969999999999967,0.12780000000000058,-0.4325000000000001,0.4630000000000001,-0.18109999999999982,0.7856000000000005,-0.8995999999999995,-0.34800000000001496,-0.1649999999999885,0.053999999999954085,-0.21300000000000985,-0.18600000000001948,-0.0030000000000196536,-0.45600000000000307,0.48299999999999343,0.17399999999996751,-0.16500000000001513,
0.23960000000000026,0.32980000000000054,-0.7910000000000004,-0.3468,0.12159999999999993,-0.43260000000000076,0.4478,-0.16500000000000004,0.7913999999999994,-0.9051,-0.6000000000000139,0.752999999999977,-0.29699999999997395,-0.06900000000002571,0.5519999999999925,0.045000000000001705,0.029999999999983373,-1.235999999999997,-2.091000000000003,0.15900000000000247,
0.2195999999999998,0.35489999999999977,-0.34910000000000085,-0.8008999999999995,0.13999999999999968,-0.4311000000000007,0.4487999999999994,0.7216999999999993,-0.20619999999999994,-0.8997999999999999,-0.026999999999990365,0.356999999999994,-0.4139999999999677,-0.5670000000000375,0.3960000000000097,-0.4769999999999808,-0.5369999999999742,-2.5109999999999832,0.11100000000000776,0.07499999999998508,
0.21870000000000012,0.36679999999999957,-0.3628999999999998,-0.8198000000000008,0.1532,-0.44700000000000006,0.4309000000000003,0.6379999999999999,-0.20249999999999968,-0.8973000000000004,0.05100000000001437,2.0580000000000265,-0.4589999999999961,-0.1259999999999728,1.0140000000000082,0.21899999999999586,0.29399999999998094,-3.327,-0.36300000000000665,0.2940000000000076,
0.2204000000000006,0.43540000000000045,-0.37819999999999965,-0.8239999999999998,0.18700000000000028,-0.4397000000000002,0.44069999999999965,0.5270999999999999,-0.2145999999999999,-0.8875000000000002,-0.006000000000039307,0.6029999999999802,-0.8820000000000228,0.44099999999998474,0.7019999999999627,0.41100000000000136,-0.43799999999999173,-1.2780000000000058,0.19799999999999152,0.3960000000000097,
0.22019999999999929,0.4554999999999998,-0.4076000000000004,-0.8093000000000004,0.21039999999999903,-0.42600000000000016,0.4260999999999999,0.4844999999999997,-0.20800000000000018,-0.8742999999999999,0.18600000000004613,0.5970000000000208,-0.15899999999994918,-0.06899999999994577,0.4830000000000467,0.8490000000000197,-0.0059999999999860165,-1.0859999999999737,0.705000000000009,0.5100000000000104,
0.22640000000000082,-0.4128999999999987,0.4754000000000005,-0.8115999999999985,0.2265000000000006,-0.3976999999999995,0.4483000000000006,0.4259000000000004,-0.1844999999999999,-0.8572999999999995,0.2519999999999989,0.041999999999955406,0.46500000000000874,0.6839999999999513,0.20400000000000418,0.005999999999959371,0.30299999999995997,0.20999999999996355,-0.3210000000000246,-0.10200000000002873,
0.23480000000000079,-0.4115000000000002,0.4909000000000008,-0.7888000000000002,0.23330000000000073,-0.39750000000000085,0.45839999999999925,0.4328999999999992,-0.1952000000000007,-0.8607000000000005,0.7139999999999613,-0.3479999999999883,1.046999999999958,0.40800000000000836,0.78599999999998,1.1640000000000317,-0.008999999999979025,0.5820000000000292,1.260000000000021,1.3110000000000088,
0.2585999999999995,-0.4230999999999998,0.5257999999999994,-0.7751999999999999,0.25950000000000006,-0.3586999999999998,0.45809999999999995,0.45230000000000015,-0.1532,-0.8170000000000002,0.43799999999999173,-0.2069999999999972,0.5370000000000275,0.4770000000000074,0.5820000000000025,1.5030000000000143,-0.3119999999999923,0.5489999999999995,1.122000000000023,0.9750000000000192,
0.2731999999999992,-0.4299999999999997,0.5437000000000003,-0.7592999999999996,0.27890000000000015,-0.3085999999999993,0.4477000000000002,0.47060000000000013,-0.11579999999999924,-0.7844999999999995,0.759000000000043,0.03299999999997638,1.6649999999999832,0.6719999999999793,1.7550000000000132,1.9559999999999977,-0.11699999999999378,0.20100000000001117,0.6059999999999999,2.018999999999984,
0.29850000000000065,-0.4289000000000005,-0.7369000000000003,0.5991999999999997,0.3374000000000006,-0.2433999999999994,0.4438000000000004,-0.09559999999999924,0.4773000000000005,-0.7172000000000001,0.8309999999999818,-1.0859999999999737,0.5400000000000205,0.807000000000011,1.0109999999999886,1.7339999999999822,0.047999999999994714,0.9569999999999812,0.5669999999999842,1.023000000000014,
0.32620000000000005,-0.4650999999999996,-0.7188999999999997,0.3711000000000002,0.6261000000000001,-0.1856,0.44540000000000024,-0.06369999999999987,-0.6830999999999996,0.4962,0.4619999999999891,-0.23700000000003385,-0.07500000000003837,0.389999999999997,0.43799999999999173,1.205999999999987,0.15599999999998282,0.09899999999998244,1.388999999999987,0.32099999999999795,
0.3415999999999997,-0.47300000000000075,-0.7214000000000009,0.3841000000000001,-0.3285,-0.14540000000000042,0.45059999999999967,-0.06040000000000045,-0.6368,-0.7406000000000006,0.2129999999999832,-0.07799999999997809,0.4619999999999891,0.3449999999999953,0.2879999999999683,-0.41100000000000136,-0.03899999999998904,-0.26100000000000456,-0.6330000000000169,-0.38399999999998435,
0.3486999999999991,-0.4756,-0.7060000000000013,0.39559999999999995,0.6476999999999995,-0.15910000000000046,0.44930000000000003,-0.0691000000000006,-0.6579000000000006,0.4950999999999999,0.7470000000000176,-0.015000000000018332,0.1320000000000654,0.5969999999999942,0.4710000000000214,0.7800000000000207,-0.47399999999998776,0.18600000000001948,1.0440000000000182,0.20400000000000418,
0.3735999999999997,-0.47610000000000063,-0.7015999999999991,0.41549999999999976,-0.3244000000000007,-0.13309999999999977,0.43350000000000044,-0.06289999999999996,-0.6231,-0.7205999999999992,1.095000000000006,-0.5430000000000135,0.27299999999994995,0.6419999999999959,0.1649999999999885,0.22199999999998887,0.1049999999999951,0.054000000000007375,0.13500000000000512,0.8339999999999748,
0.4100999999999999,-0.4942000000000011,-0.6925000000000008,0.4368999999999996,-0.31890000000000107,-0.12570000000000014,0.4370000000000003,-0.06109999999999971,-0.6185999999999998,-0.6928000000000001,0.5700000000000038,0.32700000000003726,0.27900000000004255,1.074000000000055,-0.1619999999999422,1.490999999999989,-0.6330000000000169,0.24299999999999322,1.748999999999974,2.685000000000004,
0.42910000000000004,-0.48329999999999984,-0.32429999999999914,-0.6831999999999994,0.47270000000000145,-0.07600000000000051,0.4158999999999997,-0.6033,-0.052999999999999936,-0.5603000000000007,0.8460000000000001,0.6600000000000072,0.09599999999993614,0.40499999999996206,0.6509999999999216,1.2090000000000067,0.3240000000000176,1.778999999999984,1.0710000000000086,1.5630000000000077,
0.45730000000000004,-0.4612999999999996,-0.3211000000000013,-0.6697000000000006,0.49439999999999884,-0.03570000000000029,0.4267000000000003,-0.5440000000000005,-0.01729999999999965,-0.5082000000000004,-0.45600000000000307,0.1679999999999815,-0.3749999999999254,-0.2039999999999509,0.18300000000005312,0.807000000000011,-0.351000000000008,1.6949999999999932,0.4709999999999681,0.8489999999999931,
0.44209999999999994,-0.3335999999999988,-0.4557000000000002,-0.676499999999999,0.5005000000000006,-0.008799999999999919,-0.4875000000000007,0.41500000000000004,-0.001600000000000712,-0.47990000000000066,0.24900000000000588,0.31199999999996564,-0.05699999999997374,-0.015000000000018332,0.20400000000000418,-0.3360000000000163,-0.27599999999999625,0.15899999999997583,0.10500000000002174,0.0870000000000104,
0.45040000000000013,-0.32319999999999993,-0.45759999999999934,-0.6769999999999996,0.5073000000000008,-0.020000000000000462,-0.4967000000000006,0.42029999999999923,0.0019000000000000128,-0.4770000000000003,-0.40199999999996905,-0.5460000000000065,0.3719999999999857,-0.3479999999999883,0.4290000000000127,0.9450000000000092,1.197000000000008,-0.3749999999999787,0.1949999999999985,0.46500000000000874,
0.43700000000000117,-0.34140000000000015,-0.4451999999999998,-0.6885999999999992,0.5216000000000012,0.011499999999999844,-0.4568000000000003,0.40779999999999994,0.008399999999999963,-0.4615,0.36599999999994637,-0.32699999999998397,0.6059999999999732,-0.27300000000005653,0.4139999999999411,0.47399999999998776,1.202999999999994,-0.054000000000007375,0.36299999999998,0.7259999999999867,
0.4491999999999994,-0.3522999999999996,-0.4250000000000007,0.5353999999999992,-0.6977000000000011,0.027299999999999436,-0.4167000000000005,0.4059999999999997,-0.43730000000000047,0.020499999999999297,0.28500000000002856,-0.387000000000004,-0.2129999999999832,0.768000000000022,-0.34799999999993503,1.452,1.9530000000000047,0.15900000000000247,1.169999999999991,0.7140000000000146,
0.45870000000000033,-0.36519999999999975,-0.43210000000000015,0.5609999999999999,-0.7092999999999989,0.07569999999999943,-0.35160000000000036,0.4112999999999998,-0.39830000000000076,0.044299999999999784,0.5039999999999978,0.27899999999998926,0.5519999999999925,0.5940000000000012,0.4559999999999498,1.0020000000000362,0.7470000000000176,0.015000000000018332,0.6060000000000265,0.3090000000000259,
-0.3559000000000001,0.47550000000000026,-0.4137000000000004,0.5808,-0.6941000000000006,-0.32669999999999977,0.10910000000000064,0.4118000000000004,-0.3780999999999999,0.05460000000000065,-0.3509999999999813,0.09900000000003573,0.009000000000032315,0.12000000000004007,-0.48299999999994014,0.1679999999999815,0.75599999999997,0.09899999999998244,0.1259999999999728,0.6959999999999766,
-0.3675999999999995,0.47880000000000145,-0.4133999999999993,0.5848000000000013,-0.7101999999999986,-0.3211000000000004,0.13429999999999964,0.4150999999999998,-0.3739000000000008,0.07779999999999987,0.020999999999951058,-0.438000000000045,0.1619999999999422,0.06299999999995975,0.09299999999994313,-0.1049999999999951,0.02100000000000435,-0.11100000000000776,-0.09299999999999642,-0.35700000000002063,
0.46419999999999995,-0.3669000000000011,-0.40800000000000125,0.5869,-0.7071000000000005,0.1349999999999998,-0.3246000000000002,0.41139999999999954,-0.37700000000000067,0.06589999999999918,0.0870000000000104,-0.26999999999995694,0.05400000000003402,0.2069999999999972,-0.2519999999999989,0.804000000000018,0.20100000000001117,0.1290000000000191,0.41700000000004067,0.20700000000002383,
-0.3758999999999997,0.4671000000000003,-0.4062000000000001,0.5937999999999999,-0.7155000000000005,-0.31789999999999985,0.1618000000000004,0.4157000000000002,-0.3630999999999993,0.07279999999999998,0.014999999999965041,0.4259999999999664,0.4230000000000267,0.2999999999999936,-0.14999999999997016,0.11999999999998678,1.1189999999999767,-0.0030000000000196536,0.9449999999999825,0.5639999999999912,
-0.37540000000000084,0.4812999999999992,-0.3920999999999992,0.6037999999999997,-0.7204999999999995,-0.3139000000000003,0.1990999999999996,0.4155999999999995,-0.3315999999999999,0.09159999999999968,-0.5279999999999418,0.2160000000000295,0.6689999999999863,0.22500000000000853,-0.4740000000000144,-0.12299999999997979,1.4340000000000153,-0.7319999999999727,0.4800000000000004,2.6645352591003757E-14,
-0.3929999999999989,-0.3697999999999997,0.48850000000000016,0.6113,-0.7363,-0.3179999999999996,0.39120000000000044,0.24690000000000012,-0.3155999999999999,0.09160000000000057,0.14699999999997715,0.6989999999999696,0.008999999999979025,0.40200000000002234,0.09599999999998943,0.2669999999999906,-0.18000000000003347,0.7019999999999893,0.8549999999999791,-0.08700000000003705,
-0.38809999999999967,-0.3465000000000007,0.48879999999999946,0.6247000000000007,-0.7331000000000003,-0.30909999999999993,0.3851999999999993,0.27029999999999976,-0.2871000000000006,0.08869999999999933,-0.24900000000000588,1.2390000000000434,0.11100000000006105,0.18000000000000682,-0.27599999999999625,0.18000000000000682,-0.5879999999999619,1.260000000000021,0.31200000000001893,-0.1679999999999815,
-0.30519999999999925,-0.39639999999999986,0.4925000000000015,0.6307000000000009,-0.7423000000000002,0.3656000000000006,-0.3030999999999997,0.31230000000000047,-0.27669999999999995,0.08309999999999995,-0.1259999999999728,-0.05099999999998772,-0.2160000000000295,0.1770000000000138,0.030000000000036664,0.32099999999999795,0.39299999999999,0.44099999999998474,0.33299999999999663,0.5700000000000038,
-0.30939999999999834,-0.39809999999999945,0.4853000000000005,0.6366000000000014,-0.741299999999999,0.3763000000000005,-0.29000000000000004,0.32699999999999996,-0.26560000000000006,0.10210000000000008,0.668999999999933,0.32099999999999795,0.6630000000000003,0.17099999999992122,0.34799999999993503,-0.31200000000001893,0.06300000000001305,0.2970000000000006,0.6720000000000059,-0.3119999999999923,
-0.2871000000000006,-0.3873999999999995,0.5074000000000005,0.6422999999999988,-0.7297000000000011,0.3658999999999999,-0.2878999999999996,0.3369,-0.24319999999999986,0.09170000000000034,1.0590000000000366,0.2129999999999832,-0.12299999999997979,0.7080000000000553,0.015000000000071623,-0.6179999999999986,0.3990000000000027,0.5880000000000152,0.5279999999999951,-0.32399999999999096,
-0.25179999999999936,-0.3803000000000001,0.5033000000000012,0.6659000000000006,-0.7291999999999987,0.34529999999999994,-0.2745999999999995,0.3565000000000005,-0.22560000000000002,0.08090000000000064,0.8999999999999808,-0.15600000000000946,0.05999999999996675,0.4679999999999751,-0.12000000000004007,-0.7919999999999927,0.5579999999999785,0.713999999999988,1.2780000000000058,0.2759999999999696,
-0.2218,-0.3855000000000004,0.5053000000000001,0.6814999999999998,-0.7332000000000001,0.3189000000000002,-0.2560000000000002,0.3803000000000001,-0.18299999999999983,0.09009999999999962,1.0140000000000349,0.06300000000001305,0.029999999999983373,0.5940000000000012,0.18599999999999284,-0.8550000000000058,-0.1679999999999815,0.2579999999999849,0.6449999999999889,-0.5159999999999965,
-0.18799999999999883,-0.38339999999999996,0.5062999999999995,0.7012999999999998,-0.7270000000000003,0.2904,-0.2615999999999996,0.3888999999999996,-0.1615000000000002,0.07289999999999974,-0.32700000000003726,-0.4229999999999734,0.14400000000003743,0.05400000000003402,-0.32399999999999096,0.4979999999999851,-0.15900000000002912,0.2310000000000212,0.7290000000000063,-0.023999999999997357,
-0.19890000000000008,-0.3974999999999991,0.5111000000000008,0.703100000000001,-0.7378,0.3069999999999995,-0.2669000000000006,0.3966000000000003,-0.1372,0.07209999999999983,-0.12299999999997979,-0.10800000000001475,-0.10500000000002174,0.05099999999998772,-0.18299999999999983,0.11400000000002741,0.1740000000000208,0.21300000000000985,0.3449999999999953,0.3960000000000097,
-0.2029999999999994,-0.40109999999999957,0.5076,0.7048000000000005,-0.7439,0.3108000000000004,-0.2610999999999999,0.4037000000000006,-0.12570000000000014,0.08530000000000015,0.5460000000000065,-0.24600000000001288,-0.14399999999998414,0.13500000000000512,0.1770000000000138,0.16199999999996884,-0.054000000000007375,0.9449999999999559,1.1760000000000037,0.03299999999997638,
-0.1847999999999992,-0.4093,0.5028000000000006,0.7093000000000007,-0.7379999999999995,0.31619999999999937,-0.26290000000000013,0.43519999999999914,-0.08650000000000002,0.08639999999999937,-0.16199999999999548,-0.22800000000000153,-0.008999999999979025,-0.06000000000002004,-0.5129999999999768,0.16200000000002213,0.00900000000000567,0.39900000000002933,0.9149999999999991,0.13500000000003176,
-0.19019999999999904,-0.41690000000000005,0.5025000000000013,0.7073,-0.7550999999999988,0.3216000000000001,-0.26259999999999994,0.4485000000000001,-0.05600000000000005,0.09090000000000042,-0.1740000000000208,-0.32399999999999096,-0.4620000000000424,0.0870000000000104,-0.5550000000000388,0.6810000000000116,-0.29399999999998094,0.735000000000019,1.4250000000000096,0.27300000000000324,
-0.19599999999999973,-0.42769999999999975,0.48709999999999987,0.7102000000000004,0.5662000000000003,0.3443000000000005,-0.2723999999999993,0.47300000000000075,-0.00849999999999973,-0.5185999999999993,-0.8309999999999818,-0.5039999999999978,-0.5039999999999978,0.18599999999999284,-0.5099999999999838,0.713999999999988,-0.1740000000000208,0.1049999999999951,0.6360000000000099,0.37799999999999834,
-0.22369999999999912,-0.4444999999999997,0.47029999999999994,0.7164000000000001,0.5492000000000008,0.3681000000000001,-0.2782,0.4765000000000006,0.0127000000000006,-0.5059999999999993,0.32399999999993767,-0.05100000000004101,-0.027000000000043656,-0.22200000000001552,0.08999999999995012,1.1190000000000033,0.42300000000000004,0.8790000000000031,1.0199999999999942,1.0619999999999763,
-0.2129000000000012,-0.44620000000000104,0.4693999999999985,0.7089999999999996,0.5521999999999991,0.4054000000000002,-0.2641,0.5058000000000007,0.04670000000000041,-0.47060000000000013,-0.5729999999999436,-0.1649999999999352,0.20400000000005747,0.006000000000039307,0.5010000000000581,-0.19799999999999152,-0.3449999999999953,-0.3660000000000263,0.05399999999998073,-0.2699999999999836,
-0.23199999999999932,-0.4516999999999989,0.4762000000000004,0.7092000000000009,0.5689000000000011,0.3988000000000005,-0.27559999999999985,0.4935999999999998,0.048499999999999766,-0.4795999999999996,0.5519999999999925,0.39299999999999,-0.28800000000002157,0.23699999999998056,0.05399999999998073,0.7439999999999714,-0.27000000000001023,0.7590000000000163,0.5279999999999951,0.27599999999999625,
-0.21359999999999957,-0.4385999999999992,0.4665999999999997,0.7171000000000003,0.5707000000000004,0.42359999999999953,-0.2846000000000002,0.5189000000000004,0.0660999999999996,-0.4703999999999997,-0.6059999999999732,-1.0710000000000086,-1.109999999999971,-0.3479999999999883,-0.7260000000000133,0.3360000000000163,-0.4499999999999904,0.6630000000000003,0.5730000000000235,0.4589999999999961,
-0.23379999999999868,-0.4742999999999995,0.42960000000000065,0.7055000000000007,0.5465,0.4348000000000001,-0.29959999999999987,0.5410000000000004,0.08520000000000039,-0.45509999999999984,-0.5010000000000581,-0.9180000000000454,-0.3930000000000433,0.03299999999997638,-0.4800000000000004,-0.36599999999999966,-1.4040000000000052,-0.6450000000000156,0.5339999999999812,0.12599999999999945,
-0.2505000000000006,-0.504900000000001,0.4164999999999992,0.5305,0.7065999999999999,0.4226000000000001,-0.34640000000000004,0.5194999999999999,-0.45089999999999986,0.10299999999999976,0.6899999999999906,-0.27599999999999625,-0.1649999999999885,-0.1740000000000208,0.39299999999999,0.17699999999998717,-0.2549999999999919,0.5309999999999881,1.2479999999999958,1.023000000000014,
-0.22750000000000092,-0.5141000000000009,0.5246999999999993,0.4109999999999996,0.7196999999999996,0.42849999999999966,-0.35489999999999977,-0.4093,0.5371999999999995,0.13710000000000022,-0.6329999999999636,-1.2089999999999534,-0.2489999999999526,-0.6989999999999696,-0.6989999999999696,-0.24599999999998623,-0.2400000000000002,0.49800000000001177,-0.08399999999999075,0.3119999999999923,
-0.2485999999999997,0.5164000000000009,0.3877000000000006,-0.5543999999999993,0.6964000000000006,0.4203000000000001,-0.3926999999999996,0.5343999999999998,-0.3628999999999998,0.14749999999999996,-0.2579999999999849,-0.4230000000000267,0.14399999999998414,0.06899999999999906,0.40500000000001535,0.354000000000001,0.36299999999998,0.12300000000000644,0.1649999999999885,0.1920000000000055,
-0.2571999999999992,0.5023,-0.5520999999999994,0.39250000000000007,0.7099000000000011,0.43210000000000015,-0.38060000000000027,-0.35740000000000016,0.5385,0.15390000000000015,0.5339999999999812,0.2580000000000382,-0.329999999999977,0.003000000000046299,0.14999999999997016,0.24300000000001987,1.152000000000033,0.31200000000001893,0.6480000000000086,1.0680000000000156,
-0.23939999999999984,0.5109000000000012,-0.5630999999999986,0.3926000000000016,0.7149000000000001,0.4402000000000008,-0.34219999999999917,-0.34699999999999953,0.5601000000000003,0.18950000000000067,-0.10800000000001475,-0.20100000000001117,-0.5550000000000388,-0.6750000000000256,0.026999999999990365,0.11999999999998678,0.5219999999999825,-0.05999999999999339,-0.5309999999999881,0.9359999999999769,
-0.24300000000000033,0.5042000000000009,0.37010000000000076,-0.5815999999999999,0.7157999999999998,0.4442000000000004,-0.32479999999999976,0.5424000000000007,-0.3489999999999993,0.2206999999999999,-0.008999999999979025,-0.10500000000002174,-0.24600000000001288,-0.43799999999999173,0.44400000000003104,-0.4560000000000297,0.9899999999999842,0.44099999999998474,-0.12000000000004007,1.2539999999999818,
-0.24329999999999963,0.5007000000000001,0.36190000000000033,-0.5961999999999996,0.7306000000000008,0.4289999999999994,-0.2918000000000003,0.5571000000000002,-0.35300000000000065,0.2624999999999993,0.01800000000001134,0.06600000000000605,0.2549999999999919,0.03300000000002967,0.32699999999998397,-0.39899999999997604,0.5820000000000025,0.07499999999998508,-0.05099999999998772,0.411000000000028,
-0.24269999999999925,0.5029000000000003,0.37040000000000006,-0.5950999999999986,0.7415000000000003,0.4157000000000002,-0.2724000000000002,0.5595999999999997,-0.35470000000000024,0.2762000000000002,0.40200000000002234,0.22800000000000153,-0.1679999999999815,-0.5250000000000021,0.4349999999999987,0.1470000000000038,0.7980000000000054,-0.14399999999998414,0.3449999999999953,0.9119999999999795,
-0.2292999999999985,0.5105000000000004,0.3648000000000007,-0.6125999999999987,0.7560000000000002,0.4206000000000003,-0.24580000000000002,0.5548000000000002,-0.3432000000000004,0.30659999999999954,-0.4200000000000337,-0.14099999999999113,-0.5460000000000065,-0.40800000000000836,-0.4739999999999611,0.014999999999991687,0.17399999999999416,0.12000000000001343,0.2760000000000229,0.09300000000002306,
-0.24329999999999963,0.5058000000000007,0.34660000000000046,-0.626199999999999,0.7402000000000015,0.42110000000000003,-0.2400000000000002,0.5588000000000006,-0.33399999999999963,0.3097000000000003,0.44700000000002404,-0.06600000000000605,0.3390000000000093,-0.4260000000000197,0.48599999999998644,-0.48299999999999343,0.9330000000000105,0.32699999999998397,-0.0420000000000087,1.0769999999999946,
-0.22839999999999883,0.5036000000000005,0.3579000000000008,-0.6403999999999996,-0.8247999999999998,0.40500000000000025,-0.20889999999999986,0.5697000000000001,-0.3353999999999999,0.04830000000000023,-0.11400000000000077,0.3360000000000163,-0.2580000000000382,-0.1740000000000208,0.1740000000000208,-0.21899999999999586,0.7709999999999884,0.21600000000000286,-0.09599999999998943,-0.0420000000000087,
-0.23219999999999885,0.514800000000001,0.3492999999999995,-0.6462000000000003,-0.8189999999999991,0.3977000000000004,-0.18320000000000025,0.5769000000000002,-0.33859999999999957,0.04689999999999994,0.32099999999999795,0.8400000000000141,0.4740000000000144,0.2910000000000146,0.5729999999999968,-0.417000000000014,1.3230000000000075,-0.24300000000001987,-0.40200000000002234,-0.49500000000001876,
-0.22149999999999892,0.5428000000000015,0.3651,-0.6364999999999998,-0.7998999999999992,0.3837999999999999,-0.1391,0.5687999999999995,-0.3520000000000003,0.030399999999999316,0.6119999999999592,0.9239999999999249,0.4619999999999891,0.6239999999999846,0.731999999999946,-0.04199999999998205,0.6570000000000142,-0.28199999999998226,0.14400000000001079,0.03600000000002268,
-0.20110000000000028,0.573599999999999,0.3804999999999996,-0.6157000000000004,-0.775500000000001,0.3824000000000005,-0.11719999999999953,0.5594000000000001,-0.34719999999999995,0.03160000000000007,-0.3029999999999866,-0.11999999999998678,-0.719999999999974,0.026999999999990365,0.5640000000000178,0.2400000000000002,0.45600000000000307,0.5130000000000035,0.6720000000000059,0.4890000000000061,
-0.21119999999999983,0.5695999999999994,0.3565000000000005,-0.6148000000000007,-0.7567000000000004,0.3904000000000005,-0.10199999999999942,0.5765000000000002,-0.32479999999999976,0.047900000000000276,0.09899999999998244,0.22800000000005483,0.026999999999990365,0.24000000000002686,-0.11400000000000077,0.1889999999999592,0.6299999999999706,0.0059999999999860165,0.22499999999998188,0.0809999999999711,
-0.20790000000000042,0.5772000000000013,0.35740000000000016,-0.6067999999999998,-0.7605000000000004,0.39669999999999916,-0.0810000000000004,0.5766999999999998,-0.31730000000000036,0.05059999999999931,0.2159999999999762,-0.03300000000008296,0.31799999999995165,0.3479999999999883,0.2970000000000006,0.20700000000002383,0.1949999999999985,0.09299999999999642,0.6749999999999989,0.02700000000001701,
-0.2007000000000012,0.5760999999999985,-0.5952000000000002,0.36799999999999855,-0.7506000000000004,0.40359999999999996,-0.07450000000000045,-0.2948000000000004,0.5797999999999996,0.05149999999999988,0.378000000000025,0.36000000000001364,0.3749999999999787,-0.18599999999999284,0.7589999999999897,0.18599999999999284,0.6840000000000046,0.8820000000000228,0.35700000000002063,0.17100000000000115,
-0.18810000000000038,0.588099999999999,-0.5827000000000009,0.3617999999999988,-0.7253000000000007,0.4097999999999997,-0.0517000000000003,-0.26539999999999964,0.5917000000000003,0.05719999999999992,0.11400000000000077,0.9510000000000218,0.1260000000000261,0.2160000000000295,1.2600000000000477,1.056000000000017,1.2330000000000307,1.385999999999994,1.3140000000000018,0.5610000000000248,
-0.18430000000000035,-0.5785,0.6197999999999997,-0.6832999999999991,0.3689999999999998,0.4450000000000003,-0.21919999999999984,-0.010599999999999277,0.07590000000000074,0.6355000000000004,-0.1649999999999885,-0.2909999999999613,-0.08699999999995711,0.4710000000000214,-0.32399999999999096,0.29099999999998793,0.27899999999998926,0.5369999999999742,0.42899999999998606,-0.006000000000012662,
-0.18979999999999997,0.6169000000000011,-0.5881999999999987,-0.6675999999999984,0.3582000000000001,0.4546999999999999,0.007299999999999862,-0.2099000000000002,0.09020000000000028,0.6353,0.09299999999999642,0.3749999999999787,0.13799999999994483,0.5759999999999366,-0.02100000000000435,0.8370000000000211,0.8550000000000058,0.9000000000000075,0.708000000000002,0.7260000000000133,
-0.1867000000000001,-0.5836000000000006,0.6294000000000004,-0.6484000000000005,0.35749999999999993,0.4826000000000006,-0.17989999999999995,0.035800000000000054,0.11380000000000035,0.6595000000000004,-0.2579999999999849,-0.045000000000001705,-0.5190000000000161,0.06899999999999906,-0.16199999999999548,-0.31500000000001194,-0.015000000000018332,0.2609999999999779,0.03299999999997638,0.07199999999999207,
-0.19529999999999959,-0.5851000000000006,0.6120999999999999,-0.6461000000000006,0.3521000000000001,0.4721000000000002,-0.18040000000000056,0.04449999999999932,0.11489999999999956,0.6619000000000002,0.6869999999999976,0.44400000000003104,0.9030000000000271,0.8699999999999974,0.6330000000000169,0.26100000000000456,0.6660000000000199,0.09600000000001607,0.49200000000002575,0.08399999999999075,
-0.17239999999999966,-0.5702999999999996,-0.6171000000000006,0.6422000000000008,0.37320000000000064,0.48080000000000034,-0.1581999999999999,0.13130000000000042,0.047699999999999854,0.6646999999999998,0.777000000000001,0.4680000000000284,0.6420000000000492,-0.27899999999998926,-0.2849999999999753,0.38399999999998435,0.6239999999999846,0.07199999999999207,0.5309999999999881,0.24900000000000588,
-0.14649999999999963,-0.5546999999999986,-0.595699999999999,0.6329000000000011,0.36370000000000147,0.4935999999999998,-0.1374000000000004,0.13370000000000015,0.06539999999999946,0.673,0.43799999999999173,0.18899999999998585,1.1369999999999614,0.2609999999999779,0.3869999999999507,-0.11100000000000776,1.2750000000000128,0.9719999999999995,0.8610000000000184,-0.24600000000001288,
-0.1318999999999999,-0.5483999999999991,-0.5578000000000003,0.6416000000000004,-0.4155999999999995,0.48989999999999956,-0.09489999999999998,0.16610000000000014,0.09410000000000007,-0.5735000000000001,0.6989999999999696,-0.21000000000004349,0.5639999999999645,-5.3290705182007514E-14,-0.6150000000000588,-0.48599999999998644,0.20400000000000418,0.4349999999999987,0.1529999999999898,1.0740000000000016,
-0.10860000000000092,-0.5554000000000006,-0.5390000000000015,0.6415999999999986,-0.4361000000000015,0.4737,-0.08809999999999985,0.1806000000000001,0.09919999999999973,-0.5377000000000001,0.28200000000003556,-0.16199999999999548,0.2700000000000635,-0.0839999999999641,-0.740999999999925,-0.4440000000000044,0.2999999999999936,-0.1499999999999968,-0.2159999999999762,0.12599999999999945,
-0.09919999999999973,-0.5299999999999994,-0.5608000000000004,0.6387999999999998,-0.460799999999999,0.45889999999999986,0.1756000000000002,-0.07810000000000006,0.09200000000000053,-0.5335000000000001,-0.045000000000001705,0.0,-0.2159999999999762,-0.11100000000000776,0.09000000000000341,0.6059999999999999,0.39599999999998303,0.389999999999997,0.4679999999999751,0.9209999999999852,
-0.10069999999999979,-0.5299999999999994,-0.5679999999999996,0.6350999999999996,-0.4577999999999989,0.47909999999999986,0.18879999999999963,-0.06510000000000016,0.1075999999999997,-0.5028000000000006,0.7349999999999923,0.5549999999999855,0.047999999999994714,0.15300000000001646,-0.6690000000000396,-0.5370000000000008,0.20100000000001117,0.4919999999999991,0.11700000000002042,0.03900000000001569,
-0.07620000000000005,-0.5114999999999998,-0.5663999999999998,0.6402000000000001,-0.4801000000000002,0.46119999999999983,0.1955,-0.04870000000000019,0.11150000000000038,-0.5015000000000001,-0.11699999999999378,0.4169999999999874,-0.6419999999999959,-0.27300000000000324,-0.705000000000009,0.5159999999999965,0.9299999999999908,1.1490000000000133,0.9600000000000009,1.48200000000001,
-0.08009999999999984,-0.49760000000000026,-0.5877999999999997,0.6311,-0.5036000000000005,0.4783999999999997,0.2264999999999997,-0.010399999999999743,0.1435000000000004,-0.4520999999999997,0.8699999999999974,1.0410000000000252,-0.1680000000000348,0.44699999999997075,-0.7950000000000124,0.07500000000001172,1.4610000000000056,1.6319999999999801,0.9149999999999725,1.7549999999999866,
-0.05109999999999992,-0.4628999999999994,-0.5934000000000008,-0.5301000000000009,0.645999999999999,0.4809000000000001,0.2751999999999999,0.043999999999999595,-0.39360000000000017,0.1739999999999995,-0.009000000000032315,0.27299999999994995,0.14400000000003743,-0.7409999999999783,0.20400000000000418,0.2129999999999832,-0.16199999999999548,0.8369999999999944,0.37799999999999834,-0.05399999999998073,
-0.051400000000001,-0.4538000000000011,-0.5885999999999996,-0.5548000000000002,0.6527999999999992,0.48799999999999955,0.26980000000000004,0.07189999999999941,-0.3810000000000002,0.17220000000000013,-0.23999999999997357,0.5100000000000371,0.18000000000000682,-0.2549999999999919,0.08100000000002439,0.0870000000000104,0.6329999999999902,0.6930000000000103,0.5489999999999995,0.6600000000000072,
-0.05940000000000012,-0.43679999999999986,-0.5825999999999993,-0.15850000000000009,-0.5632999999999999,0.4908999999999999,0.2908999999999997,0.09499999999999975,-0.6270999999999995,-0.36270000000000024,0.39900000000002933,-0.5579999999999785,-0.13799999999999812,-0.14099999999999113,0.07800000000003138,0.26100000000000456,0.16500000000001513,0.2940000000000076,0.0029999999999930083,0.37799999999999834,
-0.04609999999999914,-0.45539999999999914,-0.5871999999999993,-0.1631999999999998,-0.5606999999999989,0.49960000000000004,0.2964000000000002,0.1048,-0.6269999999999998,-0.3501000000000003,0.0779999999999248,0.7049999999999557,-0.11700000000004707,-0.19800000000001816,-0.8040000000000447,0.11400000000000077,0.4109999999999747,0.6989999999999963,1.142999999999974,1.1549999999999994,
-0.04350000000000165,-0.4319000000000006,-0.5911000000000008,-0.1698000000000004,-0.5875000000000004,0.5034000000000001,0.3100999999999994,0.12809999999999988,-0.5889000000000006,-0.3116000000000003,0.2519999999999989,0.2940000000000076,0.18000000000000682,-0.0870000000000104,-0.7980000000000054,1.2660000000000071,0.9990000000000165,0.9510000000000218,1.4250000000000362,1.3170000000000215,
-0.42210000000000036,-0.035100000000001685,-0.17270000000000074,-0.5851000000000006,-0.6141000000000005,0.3433999999999999,0.5456000000000003,-0.5413999999999994,0.1598000000000006,-0.2676999999999996,1.2149999999999928,0.29100000000006787,-0.8609999999999651,0.6210000000000448,-0.8519999999999861,0.4860000000000131,0.3420000000000023,0.5339999999999812,0.6959999999999766,1.4099999999999913,
-0.3816000000000006,-0.025399999999999423,-0.20139999999999958,-0.5643999999999991,-0.6425000000000001,0.35960000000000036,0.5570000000000004,-0.5236000000000001,0.18299999999999983,-0.2206999999999999,0.389999999999997,0.1619999999999422,-0.15900000000000247,0.5909999999999549,-0.27599999999999625,0.11400000000000077,0.17699999999998717,1.0440000000000182,0.3690000000000193,0.8850000000000158,
-0.3686000000000007,-0.20669999999999966,-0.02000000000000135,-0.5447000000000006,-0.6517,0.3634000000000004,-0.48879999999999946,0.5629,0.19530000000000047,-0.19119999999999937,0.6930000000000369,-0.8579999999999721,-0.19199999999992556,0.6390000000000562,-0.07799999999997809,0.9360000000000035,0.777000000000001,0.771000000000015,0.710999999999995,1.3439999999999852,
-0.23529999999999873,-0.3454999999999995,-0.5233999999999988,-0.02639999999999887,-0.6542999999999992,-0.4628999999999994,0.3946000000000005,0.2190000000000003,0.5886000000000005,-0.14639999999999986,0.07499999999993179,-0.07800000000003138,-0.3330000000000233,-0.15000000000002345,-0.0840000000000174,0.21899999999996922,-0.05100000000001437,0.14999999999997016,-0.19200000000003214,-0.14100000000001778,
-0.232800000000001,-0.3481000000000005,-0.5344999999999995,-0.03139999999999965,-0.6570999999999998,-0.45560000000000045,0.3929,0.2239999999999993,0.5821999999999994,-0.15110000000000046,-0.27599999999999625,0.7409999999999783,0.8009999999999451,-0.09300000000004971,-0.6570000000000142,0.5970000000000208,0.5430000000000135,0.19500000000002515,0.3210000000000246,0.7950000000000124,
-0.24200000000000088,-0.32340000000000124,-0.5078000000000014,-0.03450000000000131,-0.6790000000000003,-0.43569999999999975,0.4110000000000005,0.23050000000000015,0.5929000000000002,-0.12460000000000004,-0.329999999999977,0.6600000000000605,0.7050000000000622,0.3930000000000433,0.49200000000002575,-0.19500000000002515,-0.15900000000002912,-0.15900000000000247,-0.6270000000000042,0.3479999999999883,
-0.3013999999999992,-0.2530000000000001,-0.4842999999999993,-0.021399999999999864,-0.6625999999999994,0.4056999999999995,-0.4422000000000006,0.22520000000000007,0.5720000000000001,-0.11300000000000043,0.7559999999999967,-0.713999999999988,1.0649999999999693,1.23899999999999,-0.07499999999998508,1.1070000000000313,0.834000000000028,0.5670000000000108,0.2790000000000159,1.899000000000024,
-0.2767999999999997,-0.4488000000000003,-0.27619999999999933,0.019899999999999807,-0.6650999999999989,-0.41439999999999966,0.24410000000000043,0.44260000000000055,0.5813000000000006,-0.04969999999999963,-0.18899999999998585,0.9090000000000131,1.1820000000000164,0.10500000000002174,0.13500000000000512,1.0829999999999806,0.29399999999998094,0.6149999999999789,0.14699999999997715,1.1879999999999757,
-0.28309999999999924,-0.41849999999999987,-0.2367999999999988,0.02340000000000053,-0.6605999999999987,-0.3783000000000003,0.2538999999999998,0.46309999999999985,0.5861999999999998,-0.010100000000000442,-0.09000000000000341,0.44099999999998474,0.2129999999999832,0.6719999999999793,-0.4650000000000354,0.6810000000000116,0.22800000000000153,-0.08399999999999075,0.12300000000000644,0.4890000000000061,
-0.28609999999999935,-0.4038000000000004,-0.22969999999999935,0.04579999999999984,-0.6760999999999999,-0.3555999999999999,0.26149999999999984,0.46030000000000015,0.5903,0.006199999999999761,-0.1680000000000348,-0.3420000000000023,0.1709999999999745,-0.4230000000000267,-0.10800000000001475,0.3059999999999796,0.29099999999998793,0.011999999999998678,0.057000000000000384,0.1890000000000125,
-0.2917000000000005,-0.41520000000000046,-0.2240000000000002,0.03169999999999895,-0.6797000000000004,-0.3454000000000006,0.27119999999999944,0.4607000000000001,0.5922000000000001,0.012500000000000178,-0.1260000000000261,0.7439999999999714,0.32099999999999795,0.6300000000000239,-0.06300000000001305,0.08100000000002439,-0.41100000000000136,0.17399999999999416,-0.1949999999999985,0.13799999999999812,
-0.2959000000000014,-0.3904000000000014,-0.21330000000000027,0.05269999999999975,-0.6818000000000008,-0.3426999999999998,0.2574999999999994,0.4664999999999999,0.5857000000000001,0.017100000000000115,0.07800000000003138,0.6780000000000186,0.8249999999999957,0.702000000000016,-0.23099999999999454,1.2149999999999928,0.14700000000003044,0.3270000000000106,0.3089999999999993,1.1459999999999937,
-0.29330000000000034,-0.3678000000000008,-0.1858000000000004,0.07610000000000028,-0.6895000000000007,-0.3022,0.2624000000000004,0.47740000000000027,0.5960000000000001,0.055299999999999905,-0.9360000000000035,0.8760000000000367,0.8370000000000211,0.8699999999999974,-0.4589999999999961,1.0710000000000086,0.05699999999997374,0.8220000000000027,0.5189999999999895,1.7999999999999883,
-0.32450000000000045,-0.33859999999999957,-0.1578999999999997,0.1051000000000002,0.2179000000000002,-0.26649999999999974,0.26429999999999954,0.5048000000000004,0.6132999999999997,-0.6713000000000005,-0.384000000000011,-0.1710000000000278,-0.2670000000000172,-0.27000000000001023,-0.36599999999999966,0.44699999999997075,-0.4919999999999991,-0.24300000000001987,-0.09900000000000908,0.8910000000000018,
-0.3373000000000008,-0.3443000000000005,-0.16680000000000028,0.09609999999999985,0.20570000000000022,-0.2516000000000007,0.24789999999999957,0.4966999999999997,0.6099999999999994,-0.6416000000000004,0.31800000000005824,0.828000000000042,0.9120000000000061,2.394000000000016,0.6810000000000116,0.40200000000002234,-0.22199999999998887,0.03900000000001569,-2.804999999999991,1.0770000000000213,
-0.3166999999999991,-0.3266999999999989,-0.13640000000000008,0.1759000000000004,0.2284000000000006,0.24049999999999994,-0.23819999999999997,0.4980000000000002,0.5164999999999997,-0.6056999999999997,0.029999999999983373,0.014999999999965041,0.003000000000046299,3.288000000000011,-0.06300000000001305,-0.06600000000000605,0.2820000000000089,0.0029999999999930083,3.0480000000000107,-0.5190000000000161,
-0.31569999999999965,-0.32620000000000005,-0.13629999999999853,0.22630000000000017,0.28550000000000075,0.23829999999999973,-0.22879999999999967,0.4981,-0.6230000000000002,0.6181000000000001,0.11999999999998678,-0.2129999999999832,-0.012000000000025324,0.4199999999999804,2.078999999999951,-0.3029999999999866,0.4769999999999808,0.3300000000000036,1.128000000000009,-0.6240000000000112,
-0.3117000000000001,-0.3332999999999995,-0.13669999999999938,0.24029999999999951,0.3839000000000006,0.22820000000000018,-0.2129000000000003,0.5091000000000001,-0.5853999999999999,0.5568,0.375000000000032,-0.5639999999999645,0.4619999999999891,-0.3689999999999394,-0.13500000000000512,-0.13500000000000512,0.40800000000000836,0.09299999999999642,1.554000000000002,-0.9210000000000118,
-0.299199999999999,-0.3520999999999983,-0.12129999999999974,0.22800000000000153,0.3794000000000004,0.2237,-0.19930000000000003,0.5122,-0.5335999999999999,0.5260999999999996,0.40800000000000836,-0.18600000000004613,0.5580000000000318,-0.18000000000000682,0.36300000000000665,-0.4440000000000044,0.34800000000001496,-0.36300000000000665,1.454999999999993,-1.6829999999999945,
-0.28559999999999874,-0.35829999999999984,-0.10269999999999868,0.2220000000000013,0.3915000000000006,0.20889999999999986,-0.18769999999999953,0.5000999999999998,-0.4851000000000001,0.46999999999999975,-0.09600000000004272,0.047999999999994714,0.18599999999999284,-0.07800000000003138,-0.3479999999999883,-0.18599999999999284,0.5579999999999785,-0.09599999999998943,0.8460000000000001,-0.9209999999999852,
-0.28880000000000017,-0.3567,-0.09649999999999892,0.21940000000000026,0.379900000000001,0.2027000000000001,-0.16910000000000025,0.4969000000000001,-0.4569000000000001,0.43930000000000025,-0.2970000000000006,-0.16500000000004178,-0.003000000000046299,-0.27900000000004255,-0.5010000000000581,0.14399999999998414,0.1470000000000038,-0.25800000000001155,0.5339999999999812,-0.8820000000000228,
-0.2987000000000002,-0.3622000000000014,0.21009999999999884,-0.09660000000000046,0.3631999999999991,0.20749999999999957,-0.16420000000000012,-0.4391000000000007,0.48829999999999973,0.4098999999999995,0.33000000000003027,0.33300000000007657,0.3330000000000233,0.3090000000000259,0.23700000000003385,0.09900000000000908,-0.26100000000000456,0.1470000000000038,-0.1079999999999881,0.13799999999999812,
-0.2876999999999992,-0.35109999999999886,0.22119999999999962,-0.0862999999999996,0.3711000000000002,0.21079999999999988,-0.17290000000000028,-0.4342000000000006,0.48470000000000013,0.4144999999999994,-0.5820000000000292,-0.4740000000000677,-0.5430000000000135,-0.1260000000000261,-0.09300000000004971,0.02700000000001701,0.09000000000000341,0.25800000000001155,-0.31800000000000495,-0.8939999999999948,
-0.30710000000000015,-0.3669000000000011,0.20309999999999917,-0.09050000000000047,0.36799999999999855,0.21170000000000044,-0.16990000000000016,-0.4256000000000002,0.47409999999999997,0.3846999999999996,-0.9149999999999991,-0.8939999999999415,-1.5239999999999654,-0.17999999999995353,-0.1229999999999265,0.4349999999999721,0.9179999999999922,0.807000000000011,-0.15900000000000247,0.045000000000001705,
-0.3376000000000001,-0.39669999999999916,0.15230000000000032,-0.09649999999999892,0.363900000000001,0.2261999999999995,-0.13930000000000042,-0.39869999999999983,0.4687999999999999,0.38619999999999965,-0.834000000000028,-0.4680000000000284,0.17399999999996751,0.19799999999996487,0.044999999999948415,-0.11699999999996713,-0.5249999999999755,-0.18599999999999284,-0.1679999999999815,-1.1999999999999744,
-0.36540000000000106,0.15809999999999924,-0.4123000000000001,-0.08990000000000009,0.3653999999999993,0.2223000000000006,-0.4048999999999996,-0.1567999999999996,0.4632000000000005,0.3462000000000005,-1.1489999999999867,-1.2209999999999788,-0.4349999999999987,-0.1290000000000191,-0.5639999999999645,0.2159999999999762,0.4079999999999817,0.4890000000000061,-0.25800000000001155,-0.42300000000000004,
0.11739999999999995,-0.42680000000000007,-0.09420000000000073,-0.4037000000000006,0.34660000000000046,-0.3913000000000002,-0.1404999999999994,0.4546000000000001,0.22949999999999982,0.3321000000000005,0.0840000000000174,0.44700000000002404,-0.19199999999997885,0.027000000000043656,0.4290000000000127,0.4290000000000127,0.6659999999999933,0.08099999999999774,0.5640000000000178,0.18299999999999983,
0.12020000000000053,-0.41189999999999927,-0.10060000000000002,-0.40279999999999916,0.3609000000000009,-0.3769999999999998,-0.11829999999999963,0.45730000000000004,0.2483000000000004,0.3382000000000005,0.10199999999997544,-0.12000000000004007,-0.045000000000001705,-0.2700000000000635,-0.045000000000054996,-0.20100000000001117,-0.7470000000000176,-0.21899999999999586,-0.16800000000000814,0.19799999999996487,
0.12359999999999971,-0.4159000000000006,-0.10210000000000008,-0.4118000000000013,0.35939999999999905,-0.38370000000000015,-0.14320000000000022,0.4500000000000002,0.24270000000000014,0.34479999999999933,-0.381000000000018,0.2129999999999832,-0.07800000000003138,-0.3509999999999813,0.3060000000000329,0.21600000000000286,0.18299999999999983,-0.3089999999999993,0.44099999999998474,-0.04199999999998205,
0.11089999999999911,-0.40880000000000116,-0.10470000000000113,-0.42350000000000065,0.36960000000000015,-0.37650000000000006,-0.13710000000000022,0.4397000000000002,0.25739999999999963,0.3433999999999999,-0.4589999999999961,-0.713999999999988,-0.0059999999999860165,-0.708000000000002,-0.22200000000001552,0.1649999999999885,0.32399999999999096,-0.00900000000000567,0.36000000000001364,0.023999999999997357,
0.09559999999999924,-0.43260000000000076,-0.10490000000000066,0.36219999999999963,-0.4471000000000007,-0.37100000000000044,-0.12630000000000052,0.4394,0.34419999999999984,0.2694000000000001,-1.100999999999992,-0.9419999999999895,-0.8610000000000184,-0.23099999999999454,-1.2449999999999761,0.25800000000001155,-0.4799999999999738,-0.777000000000001,-0.43199999999997907,-0.057000000000000384,
0.05889999999999951,-0.13360000000000127,0.3544999999999998,-0.4640000000000004,0.48749999999999893,-0.36240000000000006,0.4135,0.32980000000000054,-0.14229999999999965,-0.22659999999999947,-0.5250000000000021,0.2190000000000225,0.10800000000001475,-0.23999999999997357,-0.06299999999995975,-0.03899999999998904,-0.1949999999999985,-0.13500000000000512,-0.7170000000000076,-0.5040000000000244,
0.04139999999999944,-0.12630000000000052,0.3581000000000003,-0.47199999999999953,0.4854000000000003,-0.3636999999999997,0.40700000000000003,0.32530000000000037,-0.1661999999999999,-0.24340000000000028,-0.16199999999999548,-0.18599999999999284,0.8370000000000211,-0.03300000000002967,0.11100000000000776,-0.33000000000003027,-0.49500000000001876,-0.6270000000000309,-0.2850000000000019,-0.18299999999999983,
0.03599999999999959,-0.13250000000000028,0.386000000000001,-0.4731000000000005,0.48910000000000053,-0.3747000000000007,0.3904999999999994,0.30439999999999934,-0.17569999999999997,-0.24950000000000028,-0.09599999999998943,0.012000000000025324,-0.1649999999999885,-0.2609999999999779,-0.24900000000000588,0.10200000000002873,-0.24299999999996658,0.18000000000003347,0.12599999999999945,0.06000000000002004,
0.03279999999999994,-0.13209999999999944,0.3805000000000014,-0.4817999999999998,0.48080000000000034,-0.37129999999999974,0.3824000000000005,0.31040000000000045,-0.17149999999999999,-0.2474999999999996,-0.05700000000002703,0.19799999999996487,0.1649999999999352,-0.6690000000000396,-0.23400000000004084,-0.2340000000000142,-0.33000000000003027,-0.6720000000000059,-0.4770000000000074,-0.705000000000009,
0.03089999999999904,-0.1255000000000006,0.38599999999999923,-0.5041000000000011,0.472999999999999,-0.3791000000000002,0.3713999999999995,0.28800000000000026,-0.18740000000000023,-0.2709999999999999,0.4290000000000127,0.5640000000000178,0.2940000000000076,-0.0809999999999711,0.2099999999999902,-1.1339999999999684,-1.2569999999999748,-1.1909999999999954,-1.0829999999999806,-1.1880000000000024,
-0.10670000000000002,0.04519999999999946,0.3957999999999995,-0.5068000000000001,-0.48550000000000004,0.32950000000000035,-0.41689999999999916,0.2483000000000004,-0.2234999999999996,0.27530000000000054,0.40199999999996905,-0.07800000000003138,0.9929999999999772,-1.1430000000000007,-0.7440000000000246,0.1649999999999885,0.20099999999998452,-0.25200000000002554,-0.5130000000000035,0.2729999999999766,
-0.09330000000000105,0.04259999999999842,0.4288999999999987,-0.5103000000000009,0.48989999999999867,0.33499999999999996,-0.4101999999999997,0.23989999999999956,0.28439999999999976,-0.32540000000000013,-0.335999999999963,-0.3749999999999787,-0.4319999999999524,-0.44999999999996376,-0.20099999999995788,-0.45600000000000307,-0.3180000000000316,-1.1939999999999884,0.026999999999990365,-0.6600000000000072,
-0.10449999999999982,0.030099999999999127,0.4145000000000003,0.20260000000000034,0.4832000000000001,0.31979999999999986,-0.42080000000000073,0.20009999999999994,0.5511999999999997,-0.3474000000000004,0.32099999999999795,0.1290000000000191,0.03900000000001569,0.6899999999999906,-0.16199999999999548,0.014999999999991687,-0.13799999999997148,-0.21600000000000286,0.22800000000000153,0.06000000000002004,
-0.09379999999999988,0.034399999999999764,0.41580000000000084,0.4778000000000002,0.22560000000000002,0.3202999999999996,-0.4253999999999998,0.19289999999999985,-0.3453999999999997,0.5587999999999997,0.23999999999997357,0.43799999999999173,-0.16500000000004178,0.008999999999979025,-0.7559999999999967,-0.07499999999998508,0.03000000000001002,0.40200000000002234,-0.13799999999999812,-0.09899999999998244,
-0.08580000000000076,0.04899999999999949,0.41029999999999944,0.20040000000000013,0.4780999999999995,0.3178000000000001,-0.42439999999999944,0.2063000000000006,0.5555000000000003,-0.34999999999999964,-0.15900000000000247,-0.15000000000002345,0.710999999999995,0.2549999999999919,0.05699999999997374,0.054000000000007375,0.29099999999998793,-0.48299999999999343,0.10200000000000209,0.2940000000000076,
-0.09110000000000085,0.04399999999999871,0.4339999999999993,0.47999999999999865,0.20889999999999986,0.31960000000000033,-0.41469999999999985,0.1902000000000008,-0.3401999999999994,0.5589000000000004,0.5490000000000528,-0.3809999999999647,-0.3839999999999577,0.05700000000002703,0.4139999999999944,0.4199999999999804,0.14399999999998414,-0.4650000000000354,-0.24900000000003253,-0.06900000000002571,
-0.07279999999999909,0.031299999999999883,0.4212000000000007,0.48189999999999955,0.22269999999999968,0.3335999999999997,-0.4099000000000004,0.17469999999999963,-0.3485000000000005,0.5565999999999995,1.3259999999999472,1.364999999999963,1.6889999999999539,1.1309999999999754,0.6029999999999802,1.062000000000003,1.4010000000000122,0.08099999999999774,1.3379999999999992,1.0020000000000095,
-0.028600000000000847,0.07679999999999865,0.47749999999999915,0.5195999999999987,-0.49870000000000125,0.3689999999999998,-0.36319999999999997,0.17739999999999956,-0.3039000000000005,0.3639999999999999,0.15600000000000946,0.2970000000000539,-0.6749999999999723,0.05700000000002703,0.15600000000006276,-0.13199999999998546,-0.14099999999999113,-0.11099999999998111,0.15000000000002345,0.16200000000002213,
-0.02340000000000053,0.08670000000000044,0.45500000000000007,0.5214999999999996,-0.49349999999999916,0.36460000000000026,-0.36789999999999967,0.1737000000000002,-0.2988999999999997,0.3694000000000006,0.5100000000000371,0.2069999999999972,0.15300000000001646,0.27000000000001023,0.10800000000001475,-0.04800000000002136,-0.03600000000002268,-0.4380000000000184,-0.381000000000018,-0.30000000000002025,
-0.006399999999999295,0.09360000000000035,0.4601000000000006,-0.48989999999999867,0.5305,0.36299999999999955,-0.3691000000000004,0.15909999999999958,0.35939999999999994,-0.3116000000000003,-0.045000000000054996,-0.5970000000000475,0.24299999999996658,0.008999999999925734,-0.030000000000036664,-0.14099999999999113,-0.36299999999998,-0.782999999999987,-0.4649999999999821,-0.21899999999996922,
-0.007900000000001128,0.07369999999999877,0.4681999999999995,-0.48960000000000115,0.5294999999999987,0.35829999999999984,-0.38119999999999976,0.133,0.34390000000000054,-0.3188999999999993,0.2610000000000312,0.5160000000000764,-0.1679999999999815,0.012000000000025324,0.08700000000006369,0.1949999999999985,0.5039999999999978,-0.36300000000000665,0.07499999999998508,0.1529999999999898,
7.999999999999119E-4,0.09090000000000131,0.4626000000000001,-0.4892000000000003,0.5324000000000009,0.3647999999999998,-0.36439999999999984,0.12089999999999979,0.34640000000000004,-0.31379999999999963,0.5489999999999995,0.3779999999999717,0.777000000000001,0.5940000000000545,0.381000000000018,0.0840000000000174,0.13500000000000512,-0.5729999999999968,0.014999999999991687,-0.015000000000018332,
0.019099999999999895,0.10350000000000037,0.48850000000000016,-0.4693999999999985,0.5451000000000015,0.36760000000000037,-0.35989999999999966,0.10179999999999989,0.34689999999999976,-0.31430000000000025,0.36900000000004596,-0.06600000000000605,-0.40800000000000836,0.3509999999999813,0.05099999999998772,0.06599999999997941,0.05099999999998772,-0.8519999999999861,-0.5489999999999995,0.05999999999999339,
0.03140000000000143,0.10130000000000017,0.4748999999999999,-0.4576999999999991,0.5468000000000011,0.3697999999999997,-0.3582000000000001,0.07340000000000035,0.3285999999999998,-0.31230000000000047,0.23699999999998056,0.09299999999999642,-0.03299999999997638,-0.012000000000025324,0.36300000000000665,-0.13199999999998546,0.42000000000000703,-0.2370000000000072,-0.37500000000000533,-0.2400000000000002,
0.10440000000000005,0.03930000000000078,0.47380000000000067,-0.45809999999999995,0.24510000000000076,-0.34419999999999984,0.36540000000000017,0.06550000000000011,0.3160999999999996,0.5892,0.07200000000004536,0.19800000000001816,0.09000000000000341,0.05700000000002703,0.5129999999999768,-0.2879999999999949,-0.18000000000000682,-0.2910000000000146,-0.32399999999999096,0.42300000000000004,
0.045900000000001384,0.10680000000000156,0.4768000000000008,-0.45619999999999905,0.2622,0.35939999999999994,-0.35379999999999967,0.05579999999999963,0.3052999999999999,0.6033,-0.03300000000002967,-0.2130000000000365,0.0029999999999930083,0.0029999999999930083,0.045000000000001705,0.11699999999999378,0.023999999999997357,-0.1949999999999985,0.014999999999991687,-0.3089999999999993,
0.044800000000000395,0.09970000000000034,0.47690000000000055,-0.4560999999999993,0.26370000000000005,0.36329999999999973,-0.35299999999999976,0.04929999999999968,0.3057999999999996,0.593,0.774000000000008,0.9570000000000078,0.5969999999999942,0.6269999999999776,0.7290000000000063,0.31800000000000495,0.22800000000000153,0.3270000000000106,0.1740000000000208,0.37500000000000533,
0.1316000000000006,0.07060000000000066,0.49680000000000035,-0.43520000000000003,-0.3247,-0.3453999999999997,0.3738999999999999,0.06020000000000003,0.3116000000000003,-0.5858999999999996,0.384000000000011,0.8969999999999878,0.5789999999999829,0.40800000000000836,0.06300000000001305,0.3719999999999857,0.28199999999998226,0.5789999999999829,-0.19500000000002515,0.6689999999999863,
0.14440000000000097,0.10050000000000026,-0.42159999999999975,0.5160999999999998,-0.32259999999999955,-0.3330000000000002,0.3832999999999993,0.3050999999999995,0.07949999999999946,-0.5636000000000001,0.03299999999997638,0.2940000000000076,-0.24000000000002686,-0.2579999999999849,-1.1219999999999963,0.1290000000000191,0.3330000000000233,-0.5369999999999742,0.2760000000000229,1.4970000000000283,
0.14550000000000018,0.11030000000000051,0.5075000000000003,-0.42960000000000065,-0.35999999999999943,-0.32869999999999955,0.3944000000000001,0.08870000000000022,0.28720000000000034,-0.5136999999999992,-0.20100000000001117,0.1709999999999745,-0.2579999999999849,-0.35699999999996734,-0.45000000000001705,-0.2400000000000002,0.05999999999999339,0.36599999999999966,-0.5189999999999895,0.746999999999991,
0.1387999999999998,0.11599999999999966,0.4989000000000008,-0.44149999999999956,-0.375,-0.33669999999999956,0.39639999999999986,0.10090000000000021,0.2699000000000007,-0.48879999999999946,0.45600000000000307,0.27000000000001023,0.07799999999997809,0.014999999999965041,-0.045000000000001705,0.5789999999999829,0.5339999999999812,0.5099999999999838,0.2789999999999626,1.4219999999999633,
0.15399999999999991,0.125,0.5015000000000001,-0.4410000000000007,-0.37650000000000006,-0.3174000000000001,0.41419999999999924,0.11789999999999967,0.27919999999999945,-0.4414000000000007,-0.27000000000001023,-0.23099999999999454,-0.6930000000000369,-0.4290000000000127,-0.03900000000001569,-0.381000000000018,-0.13799999999999812,-0.43799999999999173,-0.387000000000004,-0.2999999999999936,
0.14499999999999957,0.11730000000000018,0.4783999999999988,-0.45530000000000115,-0.3778000000000006,-0.3301000000000007,0.4095999999999993,0.10329999999999995,0.2662999999999993,-0.45140000000000047,0.1320000000000121,0.6390000000000029,0.1740000000000741,0.4650000000000354,-0.9899999999999842,0.03600000000002268,-0.008999999999979025,0.3690000000000193,-0.39899999999997604,0.7260000000000133,
0.14939999999999998,0.13860000000000028,0.4842000000000013,-0.43979999999999997,-0.41080000000000005,-0.32889999999999997,0.4093,0.11560000000000059,0.2530000000000001,-0.4272,0.3360000000000163,0.23699999999998056,0.20099999999995788,-0.4259999999999664,-0.20400000000000418,0.27599999999999625,0.32099999999999795,0.34199999999997566,0.014999999999991687,0.6600000000000072,
0.16060000000000052,0.14649999999999963,0.4908999999999999,-0.45399999999999885,-0.4176000000000002,-0.3197000000000001,0.41999999999999993,0.12699999999999978,0.25349999999999984,-0.4051999999999998,0.9449999999999825,0.9300000000000175,-0.31800000000000495,-0.24000000000008015,-1.166999999999998,-0.2940000000000076,0.16800000000000814,0.384000000000011,-0.6150000000000055,0.4979999999999851,
0.19209999999999994,0.1775000000000002,0.4802999999999997,-0.4620000000000015,-0.45650000000000013,-0.32950000000000035,0.4256000000000002,0.13980000000000015,0.23299999999999965,-0.3886000000000003,-0.31800000000000495,-0.20400000000000418,-0.45300000000001006,-0.40499999999996206,-1.1279999999999824,0.3390000000000093,-0.3960000000000097,-0.22800000000000153,-0.21600000000000286,-0.1529999999999898,
0.18149999999999977,0.17070000000000007,0.4651999999999994,-0.47550000000000026,0.08520000000000039,-0.31820000000000004,0.4123999999999999,0.1322000000000001,0.22579999999999956,-0.6078000000000001,0.12299999999997979,0.029999999999983373,-0.3479999999999883,-0.3960000000000363,0.04799999999994142,-0.31800000000000495,-0.054000000000007375,-0.054000000000007375,-0.34199999999997566,0.1499999999999968,
0.1855999999999991,0.17169999999999952,0.4535999999999998,-0.48870000000000147,0.08679999999999843,-0.3288000000000002,0.41059999999999963,0.13039999999999985,0.21440000000000037,-0.6028000000000002,0.3540000000000276,0.15000000000002345,0.15900000000000247,0.23100000000004783,-0.06899999999994577,0.14100000000001778,0.1890000000000125,-0.5129999999999768,0.035999999999996035,0.22500000000000853,
0.19740000000000002,0.1767000000000003,0.45889999999999986,-0.48099999999999987,0.08450000000000024,-0.3240999999999996,0.41690000000000005,0.11330000000000062,0.21560000000000024,-0.5952999999999999,-0.24300000000001987,0.10500000000002174,-0.35399999999997434,-0.4589999999999961,-0.716999999999981,0.05699999999997374,-0.4290000000000127,-0.05100000000004101,-0.5130000000000301,0.014999999999991687,
0.18929999999999936,0.18020000000000103,0.4471000000000007,-0.49629999999999974,0.060600000000000875,-0.3222000000000005,0.4025999999999996,0.11159999999999926,0.19849999999999923,-0.5948000000000002,0.32399999999999096,-0.19800000000001816,0.3479999999999883,0.0420000000000087,0.18899999999998585,-0.15599999999998282,-0.12599999999999945,0.02700000000001701,-0.2879999999999683,0.34800000000001496,
0.20009999999999906,0.17360000000000042,0.45870000000000033,-0.49489999999999945,0.0669000000000004,-0.3273999999999999,0.39839999999999964,0.11249999999999982,0.1889000000000003,-0.5831999999999997,1.0020000000000095,0.8639999999999581,0.5039999999999978,-0.0900000000000567,0.8789999999999765,0.15899999999997583,-0.5670000000000108,-0.6600000000000072,-0.5850000000000222,0.17399999999999416,
0.23349999999999937,0.20239999999999903,0.47550000000000026,-0.49790000000000134,0.09619999999999962,-0.3221000000000007,0.3794999999999993,0.09049999999999958,0.16939999999999955,-0.5773999999999999,0.05700000000002703,0.09900000000003573,0.15600000000000946,-0.05099999999993443,-0.23699999999998056,0.9540000000000415,0.07800000000003138,0.27000000000001023,0.49200000000002575,0.8910000000000018,
0.23540000000000028,0.20570000000000022,0.48070000000000057,-0.49959999999999916,0.08830000000000027,-0.29029999999999934,0.38210000000000033,0.09949999999999992,0.1858000000000004,-0.5476999999999999,0.5729999999999968,0.3420000000000023,0.21899999999996922,-0.7860000000000333,0.5159999999999698,0.5459999999999798,0.4139999999999944,0.5580000000000052,0.04199999999998205,0.22800000000000153,
0.25450000000000017,0.2171000000000003,0.48799999999999955,0.10549999999999926,-0.5258000000000003,-0.2721,0.39590000000000014,0.1181000000000001,-0.5400999999999998,0.1871999999999998,-0.10500000000002174,-0.15000000000002345,-0.23399999999998755,-0.19199999999997885,-0.047999999999994714,-0.4440000000000044,-0.36599999999999966,-0.36899999999999267,-0.27599999999999625,-0.6329999999999902,
0.25099999999999945,0.2120999999999995,0.48019999999999996,-0.5274000000000001,0.09909999999999997,-0.28690000000000015,0.38370000000000015,0.10580000000000034,0.16610000000000014,-0.5492999999999997,0.5279999999999951,0.09599999999998943,0.20400000000000418,-0.36300000000000665,0.11400000000000077,0.3449999999999953,-0.011999999999998678,-0.035999999999996035,0.27599999999999625,0.4349999999999987,
0.2685999999999993,0.21529999999999916,0.4870000000000001,0.10289999999999999,-0.5395000000000003,-0.2754000000000003,0.3833000000000002,0.10460000000000047,-0.5347999999999997,0.1753,0.5640000000000178,0.03900000000001569,0.3059999999999796,-0.047999999999994714,-0.6390000000000029,0.24900000000000588,-0.2910000000000146,-0.12300000000000644,0.0029999999999930083,-0.6690000000000129,
0.2873999999999999,0.21659999999999968,0.4971999999999994,0.10130000000000017,-0.5608000000000004,-0.2671000000000001,0.3735999999999997,0.10050000000000026,-0.5347,0.15299999999999958,1.2990000000000101,0.5849999999999689,1.7939999999999756,0.31199999999996564,-0.45300000000001006,0.15300000000001646,-0.3719999999999857,0.2999999999999936,-0.00900000000000567,-0.6239999999999846,
0.3307000000000002,0.23609999999999864,0.11169999999999902,0.5569999999999986,-0.5759000000000007,-0.26199999999999957,0.3612000000000002,-0.5350000000000001,0.11050000000000004,0.1322000000000001,-0.3330000000000233,-0.0029999999999397176,0.10500000000002174,-0.26999999999995694,-1.1909999999999954,0.0389999999999624,0.02399999999997071,0.8249999999999957,0.2579999999999849,0.047999999999994714,
0.31959999999999944,0.23600000000000065,0.11519999999999975,0.548,-0.6156000000000006,-0.2607000000000008,0.3619999999999992,-0.5075000000000003,0.11909999999999954,0.13379999999999992,0.0900000000000567,0.01800000000001134,0.027000000000043656,0.4349999999999987,-0.8969999999999878,-0.0389999999999624,-0.78599999999998,-0.2069999999999972,0.7620000000000093,-0.6059999999999999,
0.23660000000000103,0.32260000000000133,0.1161000000000012,0.5625,-0.6455000000000002,0.3357999999999999,-0.26199999999999957,-0.5144000000000002,0.14449999999999985,0.11359999999999992,0.026999999999937074,0.3299999999999237,0.023999999999944066,0.17399999999996751,-0.0420000000000087,0.356999999999994,-0.10500000000002174,0.39299999999999,-0.3390000000000093,0.33299999999999663,
0.23749999999999893,0.3335999999999988,0.11689999999999934,0.5682999999999989,-0.6469000000000005,0.3476999999999997,-0.2655000000000003,-0.5013000000000005,0.13319999999999954,0.12469999999999981,0.15000000000002345,-0.044999999999948415,-0.35699999999996734,0.3480000000000416,-0.710999999999995,-0.6749999999999989,-0.0629999999999864,-0.21899999999999586,-0.06899999999999906,-0.4499999999999904,
0.24249999999999972,0.3321000000000005,0.10500000000000043,0.5799000000000003,-0.6706000000000003,0.3251999999999997,-0.26759999999999984,-0.5086000000000004,0.13089999999999957,0.10970000000000013,0.18000000000000682,0.0059999999999860165,-0.13799999999999812,0.3479999999999883,-1.0229999999999606,-0.3119999999999923,-0.1770000000000138,0.07800000000000473,-0.1470000000000038,0.057000000000000384,
0.24849999999999994,0.33230000000000004,0.10040000000000049,0.5914999999999999,-0.704699999999999,0.31479999999999997,-0.2735000000000003,-0.5060000000000002,0.12599999999999945,0.11160000000000014,0.6660000000000466,0.31200000000001893,0.3509999999999813,1.1970000000000347,-1.230000000000011,-0.8129999999999971,-0.35399999999997434,-0.32699999999998397,-0.35399999999997434,-0.29099999999998793,
0.2707000000000015,0.34270000000000067,0.11209999999999987,0.6314000000000011,-0.7456999999999994,0.28770000000000007,-0.28529999999999944,-0.5168999999999997,0.1142000000000003,0.10190000000000055,0.1619999999999422,0.5999999999999872,1.1790000000000234,0.8489999999999931,-0.2580000000000382,-0.4800000000000004,0.011999999999998678,0.32099999999999795,0.417000000000014,0.42599999999999305,
0.27609999999999957,0.36270000000000024,0.15140000000000065,0.6597000000000008,-0.7543000000000006,0.27170000000000005,-0.2848999999999995,-0.5061999999999998,0.12810000000000077,0.11610000000000031,0.8009999999999984,0.5579999999999785,0.5489999999999995,1.0199999999999676,0.09600000000004272,-0.03300000000000303,-0.34200000000002895,0.8639999999999848,0.2909999999999613,0.23699999999998056,
0.3027999999999995,0.38129999999999953,0.16970000000000063,0.6936999999999998,-0.7510999999999992,0.27059999999999995,-0.29630000000000045,-0.47740000000000027,0.13779999999999948,0.12399999999999967,-0.03299999999997638,0.029999999999983373,-0.378000000000025,-0.18299999999999983,-0.2970000000000539,-0.023999999999997357,0.351000000000008,-0.17399999999999416,-0.1649999999999885,-0.22500000000000853,
0.3017000000000003,0.382299999999999,0.1570999999999998,0.6875999999999998,-0.761000000000001,0.26980000000000004,-0.2846000000000002,-0.4832000000000001,0.13229999999999986,0.11649999999999938,0.31500000000001194,0.36600000000005295,0.6000000000000405,0.3540000000000276,-0.2909999999999613,-0.4469999999999974,0.03000000000001002,-0.0059999999999860165,0.5370000000000275,0.8400000000000407,
0.3122000000000007,0.39450000000000074,0.17710000000000115,0.6994000000000007,-0.7706999999999997,0.2549000000000001,-0.28359999999999985,-0.4833999999999996,0.15020000000000078,0.14450000000000074,0.44399999999997775,-0.10800000000006804,0.5399999999999672,0.8099999999999774,-0.5880000000000152,0.45600000000000307,0.09900000000000908,0.6899999999999906,-0.22800000000002818,0.7379999999999853,
0.32699999999999996,0.39089999999999847,0.19510000000000005,0.7263999999999999,-0.7903000000000002,0.27010000000000023,-0.28029999999999955,-0.4603999999999999,0.14259999999999984,0.16910000000000025,0.782999999999987,0.7170000000000343,1.0410000000000252,1.2570000000000014,-0.5309999999999881,-0.5159999999999965,0.15900000000000247,-0.0870000000000104,0.21000000000001684,0.5010000000000048,
0.3530999999999995,0.4147999999999996,0.2298000000000009,0.7683,-0.8209,0.25290000000000035,-0.27499999999999947,-0.46330000000000027,0.1496000000000004,-0.40470000000000006,0.8370000000000211,0.6570000000000142,1.4550000000000196,1.5600000000000414,0.023999999999997357,-0.25500000000001855,0.25499999999996525,0.18899999999998585,-0.5160000000000231,0.017999999999984695,
0.3810000000000002,0.4367000000000001,0.27830000000000155,0.8203000000000014,-0.8201,0.24439999999999973,-0.2665000000000006,-0.45700000000000074,0.13239999999999963,-0.40410000000000057,0.5159999999999698,0.2549999999999919,1.1039999999999317,1.0229999999999606,-0.2549999999999919,0.05099999999998772,0.30600000000000627,-0.356999999999994,-0.4139999999999944,-0.6119999999999859,
0.3981999999999992,0.4451999999999998,0.31509999999999927,0.8544,-0.8285999999999998,0.24609999999999932,-0.2563000000000004,-0.46890000000000054,0.11859999999999982,-0.4245000000000001,0.2159999999999762,0.18000000000000682,-0.1290000000000191,0.35399999999997434,0.10499999999996845,0.11400000000000077,0.011999999999998678,0.32099999999999795,-0.18299999999999983,0.06899999999999906,
0.40539999999999843,0.45120000000000005,0.31079999999999863,0.8661999999999992,0.8289999999999988,0.24989999999999934,-0.25590000000000046,-0.4582000000000006,0.11249999999999982,0.5411999999999999,0.765000000000029,0.18599999999999284,0.759000000000043,0.708000000000002,0.3330000000000233,-0.33899999999998265,0.011999999999998678,-0.24599999999998623,-0.5849999999999955,-0.1499999999999968,
0.4308999999999994,0.4573999999999998,0.33610000000000007,0.8897999999999993,0.8400999999999996,0.23859999999999992,-0.2555000000000005,-0.46640000000000015,0.09299999999999997,0.5362,0.8700000000000507,0.5550000000000388,0.8130000000000237,0.9330000000000105,0.6960000000000299,-0.5130000000000035,0.31800000000000495,-0.3990000000000027,-0.3240000000000176,-0.0870000000000104,
0.4599000000000011,0.4759000000000011,0.36320000000000086,0.9208999999999996,0.8633000000000006,0.2214999999999998,-0.24490000000000034,-0.47970000000000024,0.08219999999999938,0.5332999999999997,1.3499999999999979,1.3559999999999839,2.336999999999989,1.1940000000000417,0.5670000000000108,-0.5039999999999978,0.6270000000000042,-0.4019999999999957,-0.746999999999991,-0.06600000000000605,
0.504900000000001,0.5211000000000006,0.4411000000000005,0.960700000000001,0.882200000000001,0.20469999999999988,-0.2240000000000002,-0.4931000000000001,0.057299999999999685,0.5310999999999995,0.6749999999999723,0.15599999999995617,0.36299999999995336,1.2389999999999368,0.3809999999999647,-0.11699999999999378,0.18600000000001948,0.22500000000000853,-0.7379999999999853,0.31500000000001194,
0.5274000000000001,0.5262999999999991,0.45319999999999894,1.001999999999999,0.8948999999999998,0.2008000000000001,-0.21779999999999955,-0.4855999999999998,0.03270000000000017,0.5415999999999999,0.7200000000000273,-0.011999999999972033,0.5370000000000275,0.23100000000004783,0.31800000000000495,-0.09299999999999642,0.1649999999999885,-0.1499999999999968,-0.5459999999999798,-0.4649999999999821,
0.5259,0.551400000000001,0.47109999999999985,1.0097000000000005,0.9055,-0.21229999999999993,0.1977000000000002,-0.4905999999999997,0.014500000000000846,0.5261000000000005,0.2970000000000006,0.011999999999972033,-0.17399999999996751,0.27300000000000324,0.31500000000001194,0.045000000000001705,0.15900000000000247,0.359999999999987,0.29099999999998793,-0.06300000000001305,
0.5358,0.5518000000000001,0.46530000000000094,1.0188000000000006,0.9160000000000004,-0.21079999999999988,0.2030000000000003,-0.47860000000000014,0.024200000000000443,0.524,0.6209999999999916,1.0619999999999763,1.1249999999999893,0.6689999999999863,0.8129999999999704,-0.2820000000000089,-0.44700000000002404,-0.6419999999999959,-1.122000000000023,-0.13500000000000512,
0.5564999999999998,0.5871999999999993,0.5028000000000006,1.0411000000000001,0.9430999999999994,-0.22020000000000017,0.1880999999999995,-0.5,-0.013200000000000323,0.5194999999999999,-0.2970000000000006,0.23399999999998755,0.31799999999995165,0.8159999999999634,0.07199999999999207,0.20100000000001117,-0.3089999999999993,-0.07200000000001872,-0.46800000000000175,-0.2940000000000076,
0.5465999999999998,0.5949999999999989,0.513399999999999,1.068299999999999,0.9454999999999991,-0.2134999999999998,0.17779999999999951,-0.5024000000000006,-0.02880000000000038,0.5096999999999996,0.8279999999999887,2.2710000000000363,1.9019999999999904,1.3710000000000022,1.169999999999991,-0.9210000000000118,-1.202999999999994,-0.9629999999999939,-1.584000000000012,-0.7589999999999897,
0.5741999999999994,0.6707000000000001,0.5767999999999986,0.9844999999999988,1.113999999999999,-0.2442000000000002,0.1376999999999997,-0.5345000000000004,0.48439999999999994,-0.08160000000000078,0.15900000000000247,1.3889999999999603,0.7950000000000124,1.1280000000000356,1.0650000000000226,-0.10200000000000209,-0.0029999999999930083,-0.28199999999998226,-0.9329999999999838,-0.20999999999996355,
0.5794999999999995,0.7169999999999987,0.6032999999999991,1.0221,1.1494999999999997,-0.24760000000000026,0.13759999999999994,-0.5438999999999998,0.4533000000000005,-0.08859999999999957,0.18900000000003914,1.1700000000000443,0.5820000000000292,0.6870000000000509,0.762000000000036,-0.12899999999999245,-0.1649999999999885,-0.16500000000001513,-0.34800000000001496,-0.30600000000000627,
0.5858000000000008,0.7560000000000002,0.6227,1.0450000000000017,1.174900000000001,-0.2519,0.13210000000000033,-0.5494000000000003,0.4417,-0.09879999999999978,-0.32400000000004425,-0.1740000000000208,-0.28500000000002856,-0.09900000000003573,-0.3480000000000416,-0.359999999999987,-0.3420000000000023,-0.2669999999999906,-0.4619999999999891,-0.48299999999999343,
0.5749999999999993,0.7501999999999995,0.6131999999999991,1.0417000000000005,1.1632999999999996,-0.2638999999999996,0.12070000000000025,-0.5583,0.42630000000000035,-0.11489999999999956,0.713999999999988,1.103999999999985,0.4260000000000197,1.0679999999999623,0.8009999999999984,-0.19200000000003214,-0.054000000000007375,-0.11400000000000077,0.03299999999997638,0.07799999999997809,
0.5987999999999989,0.786999999999999,0.6273999999999997,1.0772999999999993,1.1899999999999995,-0.27030000000000065,0.1189,-0.5621,0.42739999999999956,-0.11230000000000029,0.23399999999998755,1.3949999999999996,0.5159999999999698,1.1309999999999754,0.782999999999987,-1.0139999999999816,-1.133999999999995,-1.128000000000009,-1.1939999999999884,-1.0139999999999816,
0.6065999999999985,0.833499999999999,0.6445999999999987,1.1149999999999984,1.216099999999999,-0.30410000000000004,0.08110000000000017,-0.5997000000000003,0.38759999999999994,-0.14609999999999967,0.7470000000000176,2.001000000000026,0.7980000000000054,2.1450000000000102,1.2899999999999778,-0.8160000000000167,-0.3210000000000246,-0.6659999999999933,-0.8490000000000197,-0.6990000000000229,
0.6314999999999991,0.9001999999999999,0.6711999999999989,1.1864999999999988,1.2590999999999983,-0.3313000000000006,0.07039999999999935,-0.6219000000000001,0.3592999999999993,-0.16940000000000044,-0.0029999999999930083,0.7469999999999644,0.6179999999999986,0.7260000000000133,0.432000000000059,-0.9599999999999742,-0.8009999999999717,-0.9659999999999869,-0.5999999999999872,-0.6269999999999776,
0.6313999999999993,0.9250999999999987,0.6917999999999989,1.2106999999999992,1.2735000000000003,-0.36329999999999973,0.043700000000000294,-0.6540999999999997,0.3392999999999997,-0.1902999999999997,5.3290705182007514E-14,0.8490000000000464,0.22500000000006182,0.8910000000000551,0.5850000000000222,-0.6989999999999963,-0.5639999999999912,-0.6059999999999999,-0.7049999999999823,-0.9120000000000061,
0.6314000000000011,0.9534000000000002,0.6993000000000009,1.240400000000001,1.293000000000001,-0.3865999999999996,0.02490000000000059,-0.6742999999999997,0.3158000000000003,-0.2206999999999999,0.22199999999996223,0.11400000000000077,-0.14100000000004442,0.4619999999999891,0.1679999999999815,-0.1499999999999968,-0.045000000000001705,0.10200000000000209,-0.19799999999999152,-0.12899999999999245,
0.6387999999999998,0.9572000000000003,0.6945999999999994,1.2558000000000007,1.2986000000000004,-0.3915999999999995,0.02340000000000053,-0.6708999999999996,0.3092000000000006,-0.22499999999999964,0.6750000000000256,0.7920000000000194,0.8580000000000254,1.485000000000003,0.5729999999999968,-0.8460000000000001,-0.6900000000000173,-0.7260000000000133,-0.7230000000000203,-0.4320000000000057,
0.6613000000000007,0.9836000000000009,0.7232000000000003,1.3053000000000008,1.3177000000000003,-0.4197999999999995,3.9999999999995595E-4,-0.6951,0.2850999999999999,-0.23939999999999984,-0.5880000000000152,0.3749999999999787,-0.1649999999999885,0.8460000000000001,0.2849999999999753,-0.9120000000000328,-0.7950000000000124,-1.0470000000000113,-0.7319999999999993,-1.6020000000000234,
