0.49409999999999954,0.20920000000000005,0.19479999999999986,-0.23569999999999958,0.4215,0.08000000000000007,-0.5368000000000004,0.6013000000000002,-0.8167,0.8673000000000002,-0.3179999999999783,-1.0769999999999946,0.1320000000000121,-1.3230000000000341,-0.8670000000000044,0.14099999999999113,-0.23099999999999454,-0.11700000000002042,0.09599999999998943,0.42899999999998606,
0.48350000000000026,0.17330000000000023,0.19920000000000027,-0.2798000000000007,0.39259999999999984,0.08469999999999978,-0.5445000000000002,0.5973999999999995,-0.8135000000000003,0.8815999999999997,0.2069999999999972,-0.807000000000011,0.22199999999998887,-1.6889999999999539,-0.9119999999999795,-0.023999999999997357,-0.0420000000000087,0.2970000000000006,0.19799999999999152,0.351000000000008,
0.49040000000000017,0.14639999999999986,0.2065999999999999,-0.3360999999999992,0.3622000000000005,0.08389999999999986,-0.5459000000000005,0.6072999999999995,-0.8069000000000006,0.8933,0.10800000000001475,-0.5819999999999759,0.5070000000000174,-1.7700000000000315,-0.9090000000000131,0.10200000000000209,0.3240000000000176,-0.12299999999997979,-0.4199999999999804,0.24900000000000588,
0.49400000000000066,0.12700000000000067,0.22350000000000048,-0.39510000000000023,0.3319000000000001,0.08729999999999993,-0.5350999999999999,0.6032000000000002,-0.8209,0.9016000000000002,-0.3300000000000036,-0.0840000000000174,-0.2370000000000072,0.16500000000001513,0.1920000000000055,-0.03299999999997638,-0.2970000000000006,-0.04199999999998205,0.08099999999999774,0.05100000000001437,
0.48300000000000054,0.12420000000000009,0.21560000000000024,-0.3895999999999997,0.33830000000000027,0.08620000000000072,-0.5449999999999999,0.6018000000000008,-0.8182,0.9033000000000007,0.5639999999999645,-1.7640000000000189,1.1309999999999754,-3.81000000000002,-1.791000000000036,-0.3510000000000346,-0.5310000000000148,-0.5970000000000208,-1.8299999999999983,-0.20700000000002383,
0.5017999999999994,0.06539999999999946,0.2532999999999994,0.27859999999999907,-0.5166000000000004,0.07449999999999957,-0.5627000000000004,0.5819000000000001,0.8963999999999999,-0.8792,0.09300000000002306,-0.9869999999999646,0.5040000000000244,-0.9149999999999725,-1.800000000000015,-0.3420000000000023,0.07199999999999207,-0.0870000000000104,-0.5580000000000052,-0.9959999999999969,
0.5049000000000001,0.03250000000000064,0.27010000000000023,0.2481,-0.26479999999999926,0.06309999999999949,-0.5603000000000007,0.5789999999999997,0.8777999999999997,1.0110999999999999,0.07799999999997809,-1.023000000000014,0.7439999999999714,-0.7590000000000163,-0.438000000000045,0.1890000000000125,0.10200000000000209,-0.2669999999999906,-0.05999999999999339,-0.13199999999999878,
0.5074999999999994,-0.0015999999999998238,0.2948999999999993,0.22279999999999944,-0.27940000000000076,0.0693999999999999,-0.5569000000000006,0.5701,0.8757999999999999,1.0067,0.5460000000000331,-0.11100000000000776,0.8820000000000228,-0.41699999999996074,-0.2159999999999762,-0.5399999999999938,-0.0059999999999860165,-0.39300000000001667,-0.807000000000011,-0.5400000000000071,
0.5257000000000005,-0.005300000000000082,0.32430000000000003,0.20890000000000075,-0.28659999999999997,0.05140000000000011,-0.5571000000000002,0.5569999999999995,0.8488999999999995,0.9886999999999997,0.30300000000001326,-1.0169999999999746,0.49800000000001177,-1.230000000000011,-0.9570000000000078,0.07200000000001872,0.5400000000000205,-0.08999999999997677,-0.1079999999999881,-0.4139999999999944,
0.5358000000000009,-0.039199999999999235,0.3409000000000004,0.16790000000000038,-0.3185000000000002,0.053800000000000736,-0.5390999999999995,0.5540000000000003,0.8452999999999999,0.9748999999999999,0.1259999999999728,0.15299999999996317,0.14399999999998414,-0.08100000000002439,0.07799999999997809,-0.009000000000032315,0.4349999999999721,-0.20100000000001117,-0.14099999999999113,0.07199999999999207,
-0.03410000000000046,0.54,0.3456999999999999,0.16519999999999957,-0.31590000000000096,-0.5246000000000004,0.05349999999999966,0.5472999999999999,0.8406000000000002,0.9772999999999996,-2.6879999999999704,-0.27599999999999625,1.3979999999999926,-1.595999999999984,-2.072999999999965,0.2910000000000146,-0.6209999999999916,-0.8969999999999878,-0.43799999999999173,-1.4489999999999803,
-0.12369999999999948,0.5308000000000002,0.39229999999999965,0.1120000000000001,-0.3849999999999998,-0.5148999999999999,0.03279999999999994,0.5174000000000003,0.8260000000000005,0.9290000000000003,-0.22500000000000853,0.5759999999999899,1.029,-0.6570000000000142,-0.5039999999999978,1.1459999999999937,0.2099999999999902,0.14699999999997715,0.05999999999996675,-1.0980000000000256,
-0.13119999999999976,0.5499999999999998,0.42659999999999965,0.09009999999999962,-0.4017999999999997,-0.4767000000000001,0.03979999999999961,0.5222999999999995,0.8279999999999994,0.8923999999999994,-1.4370000000000083,0.22500000000000853,0.10800000000001475,-0.9419999999999895,-1.4970000000000283,-0.12300000000000644,-0.15599999999998282,-0.48899999999997945,0.31500000000001194,-1.3499999999999712,
-0.17910000000000004,0.5575000000000001,0.43020000000000014,0.058699999999999974,-0.45170000000000066,-0.48080000000000034,0.034600000000000186,0.5060000000000002,0.8384999999999998,0.8474000000000004,-1.0229999999999606,-0.2729999999999766,1.2510000000000154,-0.5009999999999515,-0.5549999999999322,0.2310000000000212,-0.5039999999999978,-0.2549999999999919,0.8129999999999971,-1.3080000000000158,
-0.21319999999999872,0.5484000000000009,0.47190000000000065,0.04200000000000159,-0.4701999999999984,-0.47309999999999963,0.01780000000000026,0.4975000000000005,0.8655999999999997,0.8037999999999998,-0.6480000000000352,0.2699999999999836,0.9689999999999799,-0.11400000000005406,-1.6320000000000334,0.045000000000001705,-0.24299999999999322,-0.5790000000000095,0.02100000000000435,-1.1430000000000007,
-0.2347999999999999,0.5574000000000003,0.5042,0.03819999999999979,-0.5245999999999995,-0.4715999999999996,0.009700000000000486,0.4782000000000002,0.8662999999999998,0.7656999999999998,0.0,0.33899999999998265,0.1049999999999951,-0.39599999999998303,-0.05700000000002703,-0.42000000000000703,-0.07800000000000473,-0.023999999999997357,-0.20399999999997753,-0.13199999999998546,
-0.2347999999999999,0.5686999999999998,0.5076999999999998,0.025000000000000355,-0.5265000000000004,-0.4855999999999998,0.007100000000000328,0.47740000000000027,0.8595000000000006,0.7613000000000003,-2.378999999999998,-0.1529999999999898,2.007000000000012,-0.9480000000000288,-2.2439999999999927,-0.8759999999999835,-0.9959999999999969,-0.18299999999999983,0.13500000000000512,-2.0670000000000055,
0.5636000000000001,-0.3140999999999998,0.5746000000000002,-0.006600000000000605,-0.6013000000000002,-0.026099999999999568,-0.5147999999999993,0.4713000000000003,0.8640000000000008,0.6924000000000001,-0.020999999999977703,-0.8910000000000018,0.804000000000018,-0.7919999999999661,-0.9509999999999685,-0.34500000000002196,-0.5880000000000152,-0.34800000000001496,-0.5130000000000301,-0.9540000000000148,
0.5629000000000008,-0.3437999999999999,0.6014000000000008,-0.032999999999999474,-0.6329999999999991,-0.0376000000000003,-0.5343999999999998,0.4596999999999998,0.8468999999999998,0.6605999999999996,-0.6540000000000212,-0.4680000000000284,1.1939999999999884,-0.9510000000000218,-0.9000000000000341,-0.06899999999999906,0.3990000000000027,0.3449999999999953,-0.45600000000000307,-0.6719999999999793,
0.5411000000000001,-0.35940000000000083,0.6412000000000004,-0.0647000000000002,-0.6630000000000003,-0.03990000000000027,-0.5210999999999997,0.4711999999999996,0.8316999999999997,0.6382000000000003,-0.015000000000018332,-1.2599999999999945,0.6509999999999749,-1.416000000000004,-1.6259999999999941,-0.4019999999999957,-0.5730000000000235,0.00900000000000567,-0.6360000000000099,-0.33000000000003027,
0.5405999999999995,-0.40140000000000065,0.6628999999999996,-0.11190000000000033,-0.7172000000000001,-0.053300000000000125,-0.5402000000000005,0.4714999999999998,0.8104999999999993,0.6271999999999993,0.7530000000000037,-0.40200000000002234,1.1579999999999924,-0.7230000000000203,-1.2149999999999928,-0.6390000000000029,0.16800000000000814,0.07500000000001172,-0.6209999999999649,-0.5819999999999759,
0.5656999999999996,-0.4148000000000014,-0.136000000000001,0.7014999999999993,-0.7576999999999998,-0.07460000000000022,-0.5346000000000002,0.7898000000000005,0.4740000000000002,0.6078000000000001,0.1320000000000121,0.024000000000050647,0.045000000000001705,0.12300000000000644,0.19199999999997885,0.36300000000000665,0.30600000000000627,0.45600000000000307,0.2340000000000142,0.2519999999999989,
0.5701,-0.4139999999999997,-0.13450000000000095,0.7055999999999996,-0.7513000000000005,-0.0625,-0.5244,0.8050000000000006,0.48180000000000067,0.6162000000000001,0.15000000000002345,-2.333999999999996,-1.4609999999999523,1.257000000000028,-3.0719999999999814,-0.9600000000000009,-0.4770000000000074,-1.551000000000009,-0.10800000000001475,-1.5779999999999994,
0.5751000000000008,-0.49179999999999957,-0.18319999999999936,0.7475000000000005,0.14220000000000077,-0.09450000000000003,-0.5403000000000002,0.7533000000000003,0.4782000000000002,-0.9821,-0.08100000000002439,-0.6750000000000256,-0.41400000000004766,1.4249999999999563,-1.020000000000021,-0.16199999999999548,-0.24299999999999322,-0.045000000000001705,0.5069999999999908,0.7259999999999867,
0.5724,-0.5143000000000004,-0.19700000000000095,0.794999999999999,0.10820000000000007,-0.09989999999999988,-0.5484,0.7518000000000002,0.4950999999999999,-0.9579000000000004,-0.44399999999997775,-0.5789999999999829,-1.1069999999999247,0.8940000000000481,-0.8099999999999774,-0.1529999999999898,0.8340000000000014,-0.351000000000008,0.3720000000000123,0.20100000000001117,
0.5576000000000008,-0.5335999999999999,-0.23389999999999844,0.08120000000000083,0.8248000000000006,-0.10499999999999954,-0.5206,0.7401,-0.9512,0.5075000000000003,0.0839999999999641,-1.2990000000000101,-1.3770000000000415,-1.4130000000000642,0.689999999999964,-0.054000000000007375,-0.014999999999991687,-0.7379999999999853,0.4440000000000044,-0.07500000000001172,
0.5603999999999996,-0.2797999999999998,-0.5769000000000002,0.03409999999999869,0.8477999999999994,-0.10679999999999978,0.7155000000000005,-0.5210999999999997,-0.9363999999999999,0.5049999999999999,0.027000000000043656,-1.3650000000000162,-1.1430000000000007,-0.9659999999999336,0.6690000000000129,-0.24300000000001987,0.05699999999997374,0.09599999999998943,0.1949999999999985,0.3270000000000106,
0.561300000000001,-0.32530000000000037,-0.6150000000000002,0.001900000000000901,0.8700999999999999,-0.11490000000000045,0.7173999999999996,-0.5179,-0.9299,0.5159000000000002,-0.2519999999999989,-0.23099999999999454,-0.5189999999999628,-0.6390000000000029,-0.5249999999999755,0.015000000000018332,-0.17999999999998018,0.01800000000001134,-0.5130000000000035,-0.22500000000000853,
0.5529000000000011,-0.3330000000000002,-0.632299999999999,-0.019399999999999196,0.8526000000000007,-0.11439999999999984,0.7114000000000003,-0.5172999999999996,-0.9470000000000001,0.5084,-0.40200000000002234,-1.3380000000000258,-1.614000000000022,-2.010000000000005,1.5269999999999584,-0.28800000000002157,-1.7640000000000189,0.13499999999997847,0.13199999999998546,0.42899999999998606,
0.5395000000000003,-0.37760000000000105,-0.6860999999999997,-0.08639999999999937,0.9034999999999993,-0.12400000000000055,0.6525999999999996,-0.5128000000000004,-0.9426000000000005,0.5226999999999995,-0.009000000000032315,-1.0139999999999816,-0.9990000000000165,-0.7830000000000403,0.8130000000000237,0.6300000000000239,-0.8219999999999761,-0.38699999999997736,0.6150000000000055,0.1470000000000038,
0.5391999999999992,-0.41140000000000043,-0.7194000000000003,-0.11250000000000071,0.9306000000000001,-0.10299999999999976,0.6252000000000004,-0.5256999999999996,-0.9221000000000004,0.5275999999999996,-0.0420000000000087,-0.7980000000000054,-0.8850000000000158,-0.9659999999999869,0.6779999999999653,-0.30000000000002025,-1.6290000000000138,-0.11100000000000776,0.5159999999999965,0.4380000000000184,
0.537799999999999,-0.4380000000000006,-0.14470000000000027,-0.7489000000000008,0.9531999999999989,-0.11300000000000043,0.5709,-0.9049000000000005,-0.5293999999999999,0.5422000000000002,0.36300000000005994,-1.0559999999999903,-0.9659999999999869,-1.2029999999999674,0.5340000000000344,0.6930000000000103,-1.7100000000000115,0.08100000000002439,-0.6659999999999933,0.356999999999994,
0.5499000000000009,-0.4732000000000003,-0.17689999999999984,-0.7889999999999997,0.9710000000000001,-0.08990000000000009,0.5138999999999996,-0.9021999999999997,-0.5515999999999996,0.5541,-0.1710000000000278,-1.3079999999999892,-0.31200000000001893,-0.7350000000000456,0.708000000000002,-0.1529999999999898,-1.6619999999999902,0.6659999999999933,0.2940000000000076,0.34500000000002196,
0.5442,-0.5167999999999999,-0.18730000000000047,-0.8135000000000012,0.8719000000000001,-0.09499999999999975,0.4584999999999999,-0.8799999999999999,-0.5417999999999994,-0.7146999999999997,-0.20100000000001117,0.2099999999999902,-0.11100000000000776,0.36000000000001364,0.22799999999994824,-0.05100000000001437,0.0,-0.49500000000001876,-0.16200000000002213,0.017999999999984695,
0.5374999999999996,-0.5098000000000003,-0.19100000000000072,-0.8015000000000008,0.8794999999999984,-0.09670000000000023,0.4584999999999999,-0.8965000000000005,-0.5472000000000001,-0.7141000000000002,-0.18299999999994654,-1.3019999999999499,-1.5869999999999784,-1.5899999999999714,-0.6509999999999216,0.20400000000000418,-3.539999999999983,-0.24599999999998623,-1.0589999999999833,-0.8219999999999761,
0.5314000000000014,-0.5531999999999986,-0.2439,-0.8544999999999998,0.857800000000001,-0.08990000000000009,0.34050000000000047,-0.9047000000000001,-0.5824999999999996,-0.7414999999999994,0.23399999999998755,-1.1730000000000373,-0.6749999999999723,-0.5430000000000135,-0.6630000000000003,0.19800000000001816,-2.2080000000000233,0.9480000000000022,-0.011999999999998678,-0.45300000000001006,
0.539200000000001,-0.5922999999999998,-0.2663999999999991,-0.8726000000000003,0.835700000000001,-0.08329999999999949,0.2668999999999997,-0.8731,-0.5828999999999995,-0.7565999999999997,0.3029999999999866,-1.109999999999971,-0.9810000000000052,-0.9629999999999939,-0.39599999999998303,-0.13799999999999812,-0.8549999999999791,0.5880000000000152,-0.48299999999999343,-0.5340000000000078,
0.5493000000000006,-0.6292999999999989,-0.29909999999999926,-0.9047000000000001,0.8225000000000016,-0.08789999999999942,0.2384000000000004,-0.8534999999999995,-0.5989999999999993,-0.7744,0.5039999999999978,-0.5130000000000301,-0.5279999999999951,-0.31199999999996564,-0.13800000000005141,-0.08099999999999774,-0.8249999999999957,0.8340000000000014,0.11400000000000077,-0.5370000000000008,
0.5661000000000005,-0.6463999999999999,-0.3166999999999991,-0.9150999999999989,0.8178999999999998,-0.09059999999999935,0.21090000000000053,-0.8256999999999994,-0.5951999999999993,-0.7923,-0.1710000000000278,-0.782999999999987,-1.1730000000000373,-0.9930000000000305,-0.9179999999999922,0.3449999999999953,-1.194000000000015,0.8099999999999774,-0.3660000000000263,0.09299999999999642,
0.5603999999999996,-0.6724999999999994,-0.35580000000000034,0.7873000000000001,-0.9481999999999999,-0.0790999999999995,0.17110000000000003,-0.7987000000000002,-0.7892000000000001,-0.6074000000000002,0.2640000000000242,0.041999999999955406,0.32699999999998397,0.705000000000009,0.2159999999999762,-0.1680000000000348,-0.45000000000001705,0.08099999999999774,-0.5640000000000178,-0.10800000000001475,
0.5692000000000004,-0.6711000000000009,-0.3449000000000009,-0.9410000000000007,0.8108000000000004,-0.08470000000000066,0.15609999999999946,-0.7960000000000003,-0.6110000000000007,-0.8080000000000007,-0.28199999999998226,-1.6289999999999338,-0.8639999999999581,-1.1279999999999824,-1.040999999999972,0.19800000000001816,-1.385999999999994,2.325000000000017,-0.08399999999999075,-0.47399999999998776,
0.559800000000001,-0.7253999999999987,-0.3736999999999995,0.7761000000000013,-0.9786000000000001,-0.07810000000000006,0.10989999999999966,-0.7184999999999997,-0.8238000000000003,-0.6138000000000003,-0.2069999999999972,-1.5810000000000457,-1.0769999999999946,-1.3020000000000564,-0.2549999999999919,0.36899999999999267,-1.0799999999999876,0.5069999999999908,-0.2069999999999972,0.5280000000000218,
0.5529000000000011,-0.7781000000000002,-0.4095999999999993,0.7326999999999995,-0.9870999999999999,-0.0658000000000003,0.07390000000000008,-0.7016,-0.8307000000000002,-0.5961999999999996,-0.31200000000001893,-0.5939999999999479,-0.49800000000001177,-1.043999999999965,-1.551000000000009,0.30600000000000627,-0.2669999999999906,0.7709999999999884,0.2940000000000076,0.1529999999999898,
0.5425000000000004,-0.4261999999999997,-0.7978999999999985,0.6979000000000006,-1.0388000000000002,-0.055600000000000094,-0.6759000000000004,0.06500000000000039,-0.8209,-0.5911,0.0870000000000104,-0.4169999999999874,-1.080000000000041,-0.7230000000000203,-0.7379999999999853,0.12599999999999945,0.4410000000000114,-0.9900000000000109,-0.14400000000001079,0.17100000000000115,
0.5454000000000008,-0.44009999999999927,-0.8338999999999999,0.6738,-1.0633999999999997,-0.05140000000000011,-0.6612,0.03200000000000003,-0.8257000000000003,-0.5853999999999999,-0.10199999999997544,-0.9479999999999755,-0.8849999999999625,-1.3199999999999612,-0.4139999999999944,0.42300000000000004,0.743999999999998,-0.5370000000000008,0.18599999999999284,0.09599999999998943,
0.5420000000000016,-0.47169999999999845,-0.8633999999999986,0.6298000000000012,-1.0771999999999995,-0.03730000000000011,-0.6364000000000001,0.014100000000000001,-0.8195000000000006,-0.5822000000000003,0.029999999999983373,-0.16200000000004877,-0.16200000000004877,-0.06000000000002004,-0.11699999999999378,-0.023999999999997357,-0.33599999999998964,-0.026999999999990365,-0.11399999999997412,0.18600000000001948,
0.543000000000001,-0.4771000000000001,-0.8688000000000002,0.6278000000000006,-1.0810999999999993,-0.03810000000000002,-0.6475999999999997,0.013200000000000323,-0.8232999999999997,-0.5759999999999996,-0.48900000000003274,-0.6510000000000282,-0.9090000000000131,-1.854000000000049,-1.0380000000000322,0.5340000000000078,1.2479999999999958,-2.447999999999997,0.782999999999987,-0.46500000000000874,
0.5267,-0.498800000000001,-0.8991000000000007,0.565999999999999,-0.6873000000000005,-0.020299999999999763,-0.6059999999999999,-0.06839999999999957,-0.7972000000000001,-1.0553,-0.4169999999999874,-0.5700000000000038,-1.175999999999977,-1.17899999999997,-1.1190000000000033,0.9210000000000118,0.41100000000000136,-0.8159999999999901,0.6090000000000195,1.1460000000000203,
0.5128000000000004,-0.5178000000000011,0.5267,-0.9382999999999999,-0.7246000000000006,0.010400000000000631,-0.5922999999999998,-0.7768999999999995,-0.09559999999999924,-1.0170999999999992,0.23999999999997357,-0.06899999999999906,-0.705000000000009,-0.5610000000000248,-0.8130000000000237,0.3749999999999787,0.8909999999999751,0.43199999999997907,-0.801000000000025,0.2279999999999749,
0.5207999999999995,-0.5201000000000011,0.5031999999999996,-0.9570000000000007,-0.7517000000000014,0.02289999999999992,-0.5626000000000007,-0.7625000000000002,-0.12230000000000008,-1.0095,-0.3059999999999796,-0.24299999999996658,-1.181999999999963,-1.0049999999999493,-1.2089999999999534,0.5399999999999938,0.6660000000000199,1.1249999999999893,-0.4469999999999974,0.3300000000000036,
0.5106000000000002,-0.5282,0.4638000000000009,-0.990499999999999,-0.7919999999999998,0.040899999999999714,-0.5404,-0.7250000000000005,-0.1372,-0.9984999999999999,0.36300000000000665,-0.09299999999999642,-1.4190000000000502,-1.158000000000019,-0.8550000000000324,0.6720000000000059,0.6570000000000142,0.5280000000000218,-0.47399999999998776,-0.07199999999999207,
0.5227000000000004,-0.5312999999999999,0.4164999999999992,-1.0290999999999997,-0.8205000000000009,0.06329999999999991,-0.5184999999999995,-0.7073999999999998,-0.15299999999999958,-1.0008999999999997,-0.5190000000000161,-0.6780000000000186,-0.6719999999999793,-0.11400000000005406,-0.5819999999999759,-0.32099999999999795,-0.5220000000000091,-0.33599999999998964,-0.30300000000001326,-0.21600000000000286,
0.5053999999999998,-0.5539000000000005,0.3940999999999999,-1.0329000000000015,-0.8399000000000001,0.05259999999999998,-0.5358999999999998,-0.7185999999999995,-0.16310000000000002,-1.0080999999999998,0.1770000000000138,0.15000000000002345,-2.0220000000000304,-2.015999999999938,-1.0589999999999833,0.9210000000000118,1.029,1.1819999999999897,-1.3110000000000088,0.6840000000000046,
0.5113000000000003,-0.5488999999999997,0.3266999999999989,-1.1000999999999994,-0.8751999999999995,0.08330000000000037,-0.5015999999999998,-0.6791999999999998,-0.20680000000000032,-0.9852999999999996,-0.49199999999997246,0.07800000000003138,-0.9329999999999572,0.06899999999999906,-0.27300000000000324,-0.015000000000018332,-0.2760000000000229,-0.5400000000000205,-0.3420000000000023,-1.51200000000002,
0.49490000000000123,-0.5462999999999987,0.2956000000000003,-1.0977999999999994,-0.8842999999999996,0.08279999999999976,-0.5108000000000006,-0.6972000000000005,-0.2182000000000004,-1.0357000000000003,0.32399999999999096,0.029999999999983373,-1.2599999999999945,-0.5729999999999968,-0.7679999999999687,0.4230000000000267,-0.2279999999999749,-0.5699999999999772,-1.2449999999999761,-0.19799999999999152,
0.5057000000000009,-0.5452999999999992,0.2536000000000005,-1.1168999999999993,-0.9098999999999986,0.09690000000000065,-0.5183999999999997,-0.7161999999999997,-0.2596999999999996,-1.0423,-0.43799999999999173,0.05699999999997374,-0.5819999999999759,-0.48299999999999343,-0.5820000000000292,-0.024000000000024002,-0.5639999999999912,-0.46500000000000874,-1.0529999999999973,-0.035999999999996035,
0.4911000000000012,-0.5434000000000001,0.2342000000000013,-1.1329999999999991,-1.1755999999999993,0.09609999999999985,-0.5371999999999995,-0.7317,-0.2947999999999995,-0.7412999999999998,-0.01800000000001134,-0.2190000000000225,-0.768000000000022,-0.27300000000000324,-0.7350000000000456,0.054000000000007375,0.2159999999999762,0.05099999999998772,-1.4610000000000323,-0.5310000000000148,
0.4905000000000008,0.20860000000000056,-0.5507000000000009,-1.1420999999999992,-0.9436999999999998,0.0979000000000001,-0.7300000000000004,-0.5300000000000002,-0.3435000000000006,-1.056,-0.1649999999999885,-0.24300000000001987,-0.19499999999997186,0.05699999999997374,0.026999999999990365,0.14099999999999113,-0.29399999999998094,-0.2549999999999919,0.3210000000000246,-0.07800000000000473,
0.4850000000000012,0.2004999999999999,-0.5571999999999999,-1.1402,-1.1928999999999998,0.1025999999999998,-0.7397999999999998,-0.5385,-0.33279999999999976,-0.7651000000000003,0.2039999999999509,-1.17899999999997,0.5069999999999908,-0.8190000000000097,-0.6120000000000125,0.057000000000000384,-1.413000000000011,0.08999999999997677,-1.2060000000000137,-0.8640000000000114,
0.49179999999999957,-0.5403000000000002,0.1612000000000009,-1.1675000000000004,-1.2133000000000003,0.10449999999999982,-0.5355000000000008,-0.7869000000000002,-0.3730000000000002,-0.7939000000000007,-0.36599999999999966,-0.07500000000003837,-0.768000000000022,-0.9990000000000165,0.35399999999997434,-0.3720000000000123,-0.24899999999997924,-0.20400000000000418,-0.9269999999999978,-0.33599999999998964,
0.4795999999999996,-0.5428000000000015,0.13560000000000016,-1.200800000000001,-1.2015000000000011,0.0920999999999994,-0.5438000000000001,-0.7937000000000003,-0.40390000000000015,-0.8051000000000004,0.0420000000000087,0.27300000000005653,-0.7500000000000107,-0.2489999999999526,0.23100000000004783,-0.40499999999996206,-0.5039999999999978,-0.39899999999997604,-0.329999999999977,-0.38999999999997037,
0.48099999999999987,-0.5336999999999996,0.11059999999999981,-1.2090999999999994,-1.1937999999999995,0.07860000000000067,-0.5606,-0.8069999999999995,-0.4148999999999994,-0.8180999999999994,0.2999999999999936,0.12299999999997979,-0.8489999999999931,-0.19800000000001816,-0.03600000000002268,-0.13800000000002477,-0.006000000000012662,0.19199999999997885,-0.732000000000026,-0.414000000000021,
0.49099999999999966,-0.5296000000000003,0.08230000000000004,-1.2157,-1.1950000000000003,0.07399999999999984,-0.5608000000000004,-0.8006000000000002,-0.43930000000000025,-0.8319000000000001,0.5490000000000528,0.5100000000000371,-0.40199999999996905,0.23400000000004084,0.4830000000000467,-0.09299999999996977,0.0030000000000196536,-0.7409999999999783,-0.6059999999999732,-0.33899999999998265,
0.5093000000000014,-0.5125999999999991,0.06890000000000107,-1.2078999999999986,-1.1788999999999987,0.07090000000000085,-0.5606999999999998,-0.8252999999999995,-0.45949999999999935,-0.8431999999999995,-0.6000000000000405,-0.41700000000004067,-0.6330000000000169,-0.6030000000000335,-0.24900000000000588,-0.2640000000000242,0.3029999999999866,0.3420000000000023,-0.03900000000001569,0.1649999999999885,
0.48930000000000007,-0.5265000000000004,0.04780000000000051,-1.2279999999999998,-1.187199999999999,0.062100000000000044,-0.5506000000000002,-0.8138999999999994,-0.4607999999999999,-0.8376999999999999,0.5670000000000108,0.7980000000000054,-0.23699999999998056,0.16199999999999548,0.387000000000004,-0.045000000000001705,0.42300000000000004,-0.21000000000001684,-0.9030000000000005,-0.13500000000000512,
0.5082000000000004,-0.49990000000000023,0.03990000000000116,-1.2226,-1.1742999999999988,0.06059999999999999,-0.5365000000000002,-0.8209,-0.4908999999999999,-0.8422000000000001,0.23099999999999454,0.07800000000003138,-0.5910000000000082,0.06899999999999906,0.2519999999999456,0.3029999999999866,0.24900000000000588,0.24900000000000588,0.33299999999999663,-0.5550000000000122,
0.5159000000000002,-0.4972999999999992,0.020200000000000884,-1.2203,-1.1659000000000006,0.07069999999999954,-0.5282,-0.8125999999999998,-0.4798,-0.8607000000000005,0.5340000000000344,0.16199999999999548,-0.28500000000002856,-0.31499999999995865,-0.10199999999997544,0.1649999999999885,-0.10200000000000209,0.12899999999999245,-0.5100000000000104,-0.011999999999998678,
0.5337000000000014,-0.49189999999999934,0.010699999999999932,-1.2307999999999986,-1.1692999999999998,0.07619999999999916,-0.5316000000000001,-0.8083,-0.49680000000000035,-0.8611000000000004,-0.2520000000000522,0.10499999999996845,-0.6600000000000072,-0.28800000000002157,0.2099999999999902,0.05700000000002703,-0.16199999999999548,0.3300000000000036,0.09299999999999642,-0.2400000000000002,
0.5252999999999997,-0.4884000000000004,-0.01130000000000031,-1.2403999999999993,1.2222000000000008,0.07810000000000006,-0.5369999999999999,-0.7972999999999999,-0.49370000000000047,0.7755999999999998,0.27300000000000324,-0.05099999999998772,-0.5069999999999908,0.15899999999994918,-0.7200000000000273,0.1890000000000125,0.0030000000000196536,0.24300000000001987,0.20400000000003082,0.1740000000000208,
0.5343999999999998,-0.4901,-0.028200000000000003,-1.235100000000001,1.1982,0.08440000000000047,-0.5368999999999993,-0.7891999999999992,-0.48689999999999944,0.7814000000000005,-0.06599999999995276,0.19500000000002515,-0.07199999999999207,-0.4259999999999664,-0.17399999999996751,0.1529999999999898,-0.15300000000001646,-0.2160000000000295,-0.006000000000012662,-0.05700000000002703,
0.5322000000000013,-0.48359999999999914,-0.03059999999999974,-1.2492999999999999,1.192400000000001,0.08950000000000014,-0.5419999999999998,-0.7964000000000002,-0.48709999999999987,0.7794999999999996,-0.1710000000000811,0.2549999999999386,-0.27900000000004255,-0.15900000000005576,-0.7950000000000657,0.5009999999999781,-0.4410000000000114,0.9629999999999939,-0.381000000000018,0.3089999999999993,
0.5264999999999986,-0.4751000000000012,-0.03990000000000116,-1.2546000000000017,1.1658999999999988,0.1061999999999994,-0.5567000000000002,-0.7643000000000004,-0.49980000000000047,0.7897999999999996,0.22500000000006182,0.1290000000000191,-0.6929999999999836,-0.01799999999995805,-0.5069999999999908,0.04800000000002136,-0.7769999999999744,0.6810000000000116,-0.5789999999999829,-0.7739999999999814,
0.5340000000000007,-0.06300000000000061,-0.47080000000000055,-1.2552000000000003,1.1489999999999991,0.10780000000000012,-0.7416,-0.5825999999999993,-0.5190999999999999,0.7640000000000002,0.44699999999997075,0.1680000000000348,-0.0059999999999860165,-0.06299999999995975,-0.07199999999999207,0.19800000000001816,0.09600000000001607,-0.5370000000000008,-0.11400000000000077,-0.24599999999998623,
0.5488999999999997,-0.05739999999999945,-0.4710000000000001,-1.257299999999999,1.1465999999999994,0.11440000000000072,-0.7383999999999995,-0.6004999999999994,-0.5228999999999999,0.7558000000000007,0.7319999999999993,0.41100000000000136,1.031999999999993,0.8969999999999878,0.24600000000001288,0.5219999999999825,0.029999999999983373,0.36299999999998,0.09900000000000908,0.29399999999998094,
0.5732999999999997,-0.4366000000000003,-0.043699999999999406,-1.2273999999999994,1.1547999999999998,0.13180000000000014,-0.5884,-0.7374,-0.5195999999999996,0.7656000000000001,-0.23399999999998755,-0.3719999999999857,-0.12000000000004007,-0.03600000000002268,-0.48599999999998644,0.3029999999999866,-0.41100000000000136,0.2940000000000076,0.12599999999999945,-0.5700000000000038,
0.5655000000000001,-0.04770000000000074,-0.44899999999999984,-1.2286000000000001,1.1386000000000003,0.1418999999999997,-0.7275999999999998,-0.6021000000000001,-0.5153999999999996,0.7465999999999999,0.12299999999997979,-0.2549999999999919,-0.14400000000003743,-0.27000000000001023,-0.06899999999999906,-0.19199999999997885,-0.5340000000000078,-0.3029999999999866,-0.26100000000000456,0.15600000000000946,
0.5695999999999994,-0.05620000000000047,-0.4538000000000011,-1.2376000000000005,1.1363000000000003,0.1355000000000004,-0.7454000000000001,-0.6121999999999996,-0.5240999999999998,0.7518000000000002,0.21000000000004349,0.0840000000000174,0.5790000000000362,0.7110000000000483,-0.2099999999999902,1.3020000000000032,0.6690000000000129,-0.21600000000000286,0.2820000000000089,0.5729999999999968,
0.5766000000000009,-0.05339999999999989,-0.4344999999999999,-1.2138999999999989,1.1293000000000006,0.1789000000000005,-0.7230999999999996,-0.6193999999999997,-0.5146999999999995,0.7709000000000001,-0.05100000000004101,-0.40500000000001535,-0.3779999999999717,-0.009000000000032315,-0.07199999999999207,0.2579999999999849,-0.33299999999999663,-0.09000000000000341,-0.07199999999999207,-0.19799999999999152,
0.5748999999999995,-0.0669000000000004,-0.44709999999999894,-1.2142,1.126900000000001,0.1875,-0.7341999999999995,-0.6223999999999998,-0.5170999999999992,0.7643000000000004,0.09599999999998943,-0.20400000000000418,-0.13800000000005141,0.5849999999999689,-1.0650000000000226,0.16199999999999548,0.0,-0.03899999999998904,0.2159999999999762,-0.06600000000000605,
0.5780999999999992,-0.07370000000000054,-0.45170000000000066,-1.194700000000001,1.0914000000000001,0.19289999999999985,-0.7341999999999995,-0.6236999999999995,-0.5099,0.7621000000000002,0.40800000000000836,-0.2069999999999972,-0.2609999999999779,-0.341999999999949,-0.48900000000003274,0.8280000000000154,-0.1890000000000125,0.2699999999999836,-0.12899999999999245,0.4589999999999961,
0.5916999999999994,-0.08060000000000045,-0.4603999999999999,-1.2060999999999993,1.075099999999999,0.22050000000000036,-0.7404999999999999,-0.6147,-0.5141999999999998,0.7774000000000001,0.027000000000043656,0.16500000000004178,0.2069999999999972,0.015000000000018332,-0.4739999999999611,0.4199999999999804,0.04199999999998205,0.29399999999998094,-0.15000000000002345,-0.006000000000012662,
0.5926000000000009,-0.07509999999999906,-0.4535,-1.2055999999999987,1.0593000000000004,0.2344999999999997,-0.7391000000000005,-0.6049000000000007,-0.5192000000000005,0.7771999999999997,-0.1320000000000121,-0.6150000000000055,-0.15299999999996317,0.11099999999995447,-0.44699999999997075,0.09000000000003006,-0.2699999999999836,-0.2339999999999609,-0.13799999999997148,-0.3149999999999853,
0.5882000000000005,-0.09559999999999924,-0.4585999999999988,1.0444000000000013,-1.2019000000000002,0.2375000000000007,-0.7481,-0.6126999999999994,0.7667000000000002,-0.5237999999999996,0.4679999999999751,0.387000000000004,0.6479999999999819,-0.2640000000000242,1.2780000000000058,0.15899999999997583,-0.1949999999999985,0.07499999999998508,-0.33299999999999663,-0.6120000000000125,
0.6037999999999997,-0.4369999999999994,-0.08269999999999911,-1.1593,1.0356000000000005,0.2427999999999999,-0.6101999999999999,-0.7545999999999999,-0.5442,0.7556000000000003,0.11699999999999378,0.3809999999999647,0.12299999999997979,0.014999999999965041,0.2849999999999753,-0.20399999999997753,-0.017999999999984695,-0.746999999999991,-0.42300000000000004,-0.1470000000000038,
0.6076999999999995,-0.42430000000000057,-0.07859999999999978,-1.1588000000000012,1.0450999999999997,0.23600000000000065,-0.6107999999999993,-0.7794999999999996,-0.5583,0.7507000000000001,0.0870000000000104,-0.07799999999997809,0.05999999999996675,0.2130000000000365,-0.1740000000000208,0.05699999999997374,0.1679999999999815,-0.3210000000000246,-0.0840000000000174,0.017999999999984695,
0.6105999999999998,-0.42689999999999984,-0.07660000000000089,-1.1517,1.039299999999999,0.23789999999999978,-0.6052,-0.7902000000000005,-0.5611000000000006,0.7512999999999996,0.5220000000000091,0.0,0.024000000000050647,0.015000000000018332,-0.36599999999994637,0.045000000000001705,0.12899999999999245,-0.011999999999998678,0.1290000000000191,0.46200000000001573,
0.6280000000000001,-0.42689999999999984,-0.0757999999999992,-1.1511999999999993,1.0271000000000008,0.23939999999999984,-0.6009000000000002,-0.7906000000000004,-0.5568,0.7667000000000002,0.6360000000000099,0.43799999999999173,0.14099999999999113,0.44999999999996376,-0.15900000000000247,0.18000000000000682,-0.04199999999998205,0.12300000000000644,0.17100000000000115,-0.2879999999999949,
0.6492000000000004,-0.4123000000000001,-0.0710999999999995,-1.1362000000000005,1.0218000000000007,0.24540000000000006,-0.6022999999999996,-0.7865000000000002,-0.5510999999999999,0.7571000000000003,-0.35700000000002063,-0.14399999999998414,-0.08100000000002439,0.14100000000004442,-0.1260000000000261,-0.18600000000001948,-0.18600000000001948,-0.10800000000001475,0.13199999999998546,0.07799999999997809,
0.6372999999999998,-0.4170999999999996,-0.07380000000000031,-1.131499999999999,1.0175999999999998,0.2391999999999994,-0.6085000000000003,-0.7901000000000007,-0.5467000000000004,0.7596999999999996,0.7290000000000063,0.44699999999997075,0.41100000000000136,-0.20400000000000418,0.0059999999999860165,-0.2129999999999832,0.05100000000001437,0.6180000000000252,0.30300000000001326,-0.1499999999999968,
0.6616,-0.40220000000000056,-0.060100000000000264,-1.1382999999999992,1.0177999999999994,0.23209999999999997,-0.6067999999999998,-0.7694999999999999,-0.5366,0.7546999999999997,0.6899999999999906,1.0050000000000026,0.8039999999999914,0.5819999999999759,-0.23399999999998755,-0.13799999999999812,-0.1470000000000038,0.11699999999999378,0.6749999999999989,0.1920000000000055,
-0.36870000000000047,0.6845999999999997,-0.03330000000000055,-1.1189,1.0099999999999998,-0.6116999999999999,0.22750000000000004,-0.7656000000000001,-0.5141,0.7610999999999999,0.07800000000003138,0.19200000000003214,0.41700000000004067,-0.21899999999996922,0.10800000000001475,0.014999999999991687,0.1079999999999881,0.6089999999999929,0.9629999999999939,0.24900000000000588,
-0.3660999999999994,0.6910000000000007,-0.019399999999999196,-1.126199999999999,1.0136000000000003,-0.6112000000000002,0.23109999999999964,-0.7453000000000003,-0.4820000000000002,0.7694000000000001,0.6390000000000029,-0.14100000000004442,0.40499999999996206,0.6059999999999732,-0.1260000000000261,-0.20699999999997054,-0.1649999999999885,0.381000000000018,0.6030000000000069,-0.11099999999998111,
-0.34479999999999933,0.6862999999999992,-0.00590000000000046,-1.1059999999999999,1.0093999999999994,-0.6180999999999992,0.22560000000000002,-0.7325999999999997,-0.4619,0.7657000000000007,0.06299999999995975,0.9629999999999939,0.5460000000000065,0.11999999999998678,0.03299999999997638,0.5009999999999781,0.45600000000000307,0.7949999999999857,1.5029999999999877,0.41699999999996074,
-0.34270000000000067,0.012299999999999756,0.718399999999999,-1.1020000000000003,1.0104999999999986,-0.6013999999999999,-0.7061000000000002,0.24080000000000013,-0.4118000000000004,0.7795999999999994,0.20100000000001117,-0.1290000000000191,-0.6869999999999976,-0.28500000000002856,-0.32399999999999096,-0.21899999999999586,-0.008999999999979025,-0.3119999999999923,-0.3149999999999853,-0.31499999999995865,
-0.3360000000000003,0.007999999999999119,0.6954999999999991,-1.1115000000000013,0.9996999999999989,-0.6086999999999998,-0.7063999999999995,0.23040000000000038,-0.4222999999999999,0.7691000000000008,0.6360000000000099,0.831000000000035,1.0590000000000366,0.5670000000000641,-0.3869999999999507,0.27899999999998926,0.722999999999967,0.0629999999999864,1.416000000000004,0.35399999999997434,
-0.31479999999999997,0.03570000000000029,0.7308000000000003,-1.0925999999999991,0.9868000000000006,-0.5994000000000002,-0.6823000000000006,0.23249999999999993,-0.37509999999999977,0.7808999999999999,0.1290000000000191,0.31500000000001194,-0.06300000000001305,0.22799999999994824,-0.36900000000004596,0.28800000000002157,0.4230000000000267,0.2069999999999972,0.9509999999999952,0.02100000000000435,
-0.31049999999999933,0.046200000000000685,0.7286999999999999,-1.0850000000000009,0.974499999999999,-0.5897999999999994,-0.6681999999999997,0.23939999999999984,-0.3433999999999999,0.7816000000000001,-0.0420000000000087,0.09599999999998943,0.05700000000002703,0.375000000000032,0.27900000000004255,0.48599999999998644,0.14399999999998414,-0.17100000000000115,0.5699999999999772,-0.3960000000000097,
-0.3118999999999996,0.04940000000000033,0.7306000000000008,-1.0724999999999998,0.9838000000000005,-0.5735999999999999,-0.6634000000000002,0.2336999999999998,-0.3244000000000007,0.7683999999999997,0.722999999999967,0.23999999999997357,0.2909999999999613,-0.05400000000003402,-0.28500000000002856,0.42300000000000004,0.710999999999995,0.2519999999999989,0.9060000000000201,0.4800000000000004,
-0.2878000000000007,0.05739999999999945,0.7402999999999995,-1.074300000000001,-0.4352999999999998,-0.5594999999999999,-0.6397000000000004,0.24209999999999976,-0.2942,-1.1543,-0.734999999999939,-0.23699999999998056,-0.15599999999995617,0.09600000000004272,-0.44099999999998474,0.5309999999999881,0.1949999999999985,0.5429999999999868,0.6449999999999889,0.5429999999999868,
-0.3122999999999987,0.0495000000000001,0.735100000000001,-1.0710999999999995,-0.4499999999999993,-0.5418000000000003,-0.6332000000000004,0.2601999999999993,-0.2727000000000004,-1.1362000000000005,0.5969999999999409,0.1649999999999885,0.2489999999999526,0.5759999999999899,0.5699999999999505,-0.26399999999999757,-0.21899999999999586,-0.1499999999999968,-0.19799999999999152,-0.4139999999999944,
-0.29240000000000066,0.054999999999999716,0.7433999999999994,-1.0518999999999998,-0.43100000000000094,-0.5506000000000002,-0.6405000000000003,0.2551999999999994,-0.2793000000000001,-1.1500000000000004,-0.23399999999998755,-0.10500000000002174,-0.09599999999998943,-0.10800000000001475,-0.5309999999999881,1.2090000000000067,-0.0059999999999860165,0.39300000000001667,0.9990000000000165,1.230000000000011,
-0.30020000000000024,0.05149999999999899,0.7401999999999997,-1.0555000000000003,-0.44870000000000054,-0.5103,-0.6406999999999998,0.2683,-0.24599999999999955,-1.109,-0.029999999999983373,0.39900000000002933,-0.045000000000001705,0.4200000000000337,0.12000000000004007,0.8970000000000145,0.2519999999999989,-0.057000000000000384,0.5909999999999815,0.45600000000000307,
-0.3011999999999997,0.06479999999999997,0.7386999999999997,-1.0414999999999992,-0.4446999999999992,-0.4803999999999995,-0.6322999999999999,0.26639999999999997,-0.22630000000000017,-1.0937999999999999,0.11099999999995447,-0.05400000000003402,-0.389999999999997,0.2129999999999299,0.05099999999993443,0.5399999999999938,-0.023999999999997357,0.30300000000001326,0.31500000000001194,1.064999999999996,
-0.2975000000000012,0.06299999999999883,0.7256999999999998,-1.0344000000000015,-0.4430000000000014,-0.4623999999999997,-0.6330999999999998,0.2765000000000004,-0.21579999999999977,-1.0583,-0.8459999999999468,-0.9419999999999895,-0.7889999999999731,-0.22799999999994824,-0.8189999999999564,0.680999999999985,-0.1049999999999951,0.4800000000000004,0.8249999999999957,0.5340000000000078,
-0.32569999999999943,0.031599999999999184,0.6994000000000007,-1.0419999999999998,-0.47029999999999994,-0.4397000000000002,-0.6365999999999996,0.2925000000000004,-0.1882999999999999,-1.0404999999999998,0.3749999999999787,0.36899999999999267,-0.06900000000005235,-0.16199999999999548,0.48899999999997945,0.2850000000000019,-0.4019999999999957,-0.381000000000018,0.1770000000000138,0.4499999999999904,
-0.31320000000000014,0.04389999999999894,0.6970999999999989,-1.0473999999999997,-0.4540000000000006,-0.43020000000000014,-0.6499999999999995,0.2797999999999998,-0.18239999999999945,-1.0255,-0.6359999999999566,-0.1259999999999728,-0.26999999999995694,0.03900000000001569,-0.4169999999999874,0.1890000000000125,0.15899999999997583,0.0870000000000104,0.05099999999998772,0.0030000000000196536,
-0.3343999999999987,0.039699999999999847,0.6881000000000004,-1.0460999999999991,-0.4679000000000002,-0.4238999999999997,-0.6447000000000003,0.2827000000000002,-0.18069999999999986,-1.0253999999999994,-0.6750000000000256,-0.9990000000000165,-1.1790000000000234,-0.9960000000000235,-1.0500000000000043,1.0020000000000095,0.07800000000000473,0.5550000000000122,1.1760000000000037,1.4400000000000013,
-0.35689999999999955,0.006399999999999295,0.6487999999999996,-1.0793,-0.5029000000000003,-0.3904999999999994,-0.6421000000000001,0.3012000000000006,-0.14149999999999974,-0.9773999999999994,-0.40500000000001535,-0.44699999999997075,-0.4199999999999804,-0.36899999999999267,0.0420000000000087,0.6029999999999802,-0.09000000000000341,0.14399999999998414,0.5940000000000012,1.0829999999999806,
-0.37040000000000006,-0.00849999999999973,0.6348000000000003,-0.5015000000000001,-1.0915999999999997,-0.37040000000000006,-0.6451000000000002,0.30600000000000005,-0.9413,-0.1216999999999997,-0.8880000000000088,0.008999999999979025,-0.030000000000036664,-0.384000000000011,-0.831000000000035,0.15900000000000247,0.0420000000000087,0.7260000000000133,1.2390000000000168,0.14099999999999113,
-0.40000000000000036,-0.00820000000000043,0.633799999999999,-0.5143000000000004,-1.1193000000000008,-0.3651,-0.6436999999999999,0.3302000000000005,-0.8999999999999995,-0.11699999999999999,-0.14699999999997715,-0.4199999999999804,-0.4679999999999751,-0.7919999999999661,0.03600000000002268,0.07199999999999207,0.14699999999997715,-0.27000000000001023,0.3029999999999866,0.4349999999999987,
-0.4048999999999996,-0.022199999999999775,0.6181999999999999,-0.5406999999999993,-1.1181,-0.36270000000000024,-0.6388000000000007,0.32120000000000015,-0.8898999999999999,-0.10250000000000004,-0.14700000000003044,-0.5370000000000275,-0.45600000000000307,-0.4710000000000214,-0.6449999999999889,0.2370000000000072,0.1680000000000348,0.32099999999999795,1.23899999999999,0.5940000000000012,
-0.4098000000000006,-0.04010000000000069,0.6029999999999998,-0.5564,0.8247999999999998,-0.3548,-0.6331999999999995,0.3319000000000001,-0.8486000000000002,0.7841000000000005,-0.338999999999956,-0.07199999999993878,0.4740000000000144,-0.329999999999977,-0.36899999999999267,0.045000000000001705,-0.00900000000000567,0.1740000000000208,-0.2579999999999849,0.1649999999999885,
-0.42109999999999914,-0.04249999999999865,0.6188000000000002,-0.5673999999999992,0.8125,-0.35329999999999995,-0.6334999999999997,0.3377000000000008,-0.8571999999999997,0.7896000000000001,-1.4250000000000362,-0.7050000000000622,-1.5120000000000466,-1.5210000000000257,-0.8490000000000464,0.4589999999999961,0.6119999999999859,0.6509999999999749,2.0670000000000055,0.6119999999999859,
-0.46860000000000035,-0.06600000000000072,0.5683999999999987,-0.6181000000000001,0.7841999999999985,-0.3380000000000001,-0.6131000000000002,0.35939999999999994,-0.7882999999999996,0.8099999999999996,0.2129999999999832,0.0420000000000087,-0.1289999999999658,-0.4229999999999734,-0.32099999999994466,0.37500000000000533,0.8699999999999974,0.07499999999998508,0.8729999999999905,0.18000000000000682,
-0.4615000000000009,-0.06460000000000043,0.5640999999999998,-0.6321999999999992,0.7735000000000003,-0.3254999999999999,-0.5841000000000003,0.36189999999999944,-0.7591999999999999,0.8159999999999998,-0.389999999999997,0.09899999999998244,0.008999999999979025,-0.2190000000000225,-0.11700000000004707,-0.27899999999998926,0.30600000000000627,-0.1649999999999885,0.11400000000000077,-0.22499999999998188,
-0.06130000000000102,-0.4745000000000008,0.5643999999999991,-0.6395,0.7695999999999987,-0.5739000000000001,-0.33479999999999954,0.35639999999999983,-0.7553999999999998,0.8085000000000004,-0.2909999999999613,-0.15300000000001646,-0.011999999999972033,-0.8430000000000071,0.12000000000004007,-0.035999999999996035,0.13499999999997847,-0.5789999999999829,0.4499999999999904,-0.14100000000001778,
-0.07099999999999973,-0.47960000000000136,0.5640000000000001,-0.6676000000000002,0.7736000000000001,-0.5751,-0.33030000000000026,0.3371000000000004,-0.7404000000000002,0.8037999999999998,0.3839999999999577,-0.6119999999999592,-0.44400000000003104,-0.5460000000000065,-0.2069999999999972,0.6209999999999916,-0.017999999999984695,0.19799999999999152,0.5250000000000021,0.09600000000001607,
-0.05820000000000114,-0.5,0.549199999999999,-0.6858000000000004,-0.1509999999999998,-0.5544000000000002,-0.33089999999999975,0.3437000000000001,-0.7229000000000001,-1.1019999999999994,-0.8279999999999355,0.2640000000000242,0.048000000000048004,0.22500000000000853,0.1740000000000208,0.26100000000000456,0.354000000000001,-0.09299999999999642,-0.03300000000000303,-0.04800000000002136,
-0.08579999999999899,-0.4911999999999992,0.5508000000000006,-0.6783000000000001,0.7696000000000005,-0.5457000000000001,-0.3190999999999997,0.34060000000000024,-0.7240000000000002,0.8037000000000001,-0.0840000000000174,-1.1850000000000094,0.23999999999997357,-0.39299999999999,-0.6600000000000072,0.36299999999998,0.14099999999999113,-0.15000000000002345,0.7530000000000037,0.3479999999999883,
-0.08859999999999957,-0.5306999999999995,0.5587999999999997,-0.6913999999999998,-0.1487999999999996,-0.5336000000000007,-0.3144,0.33559999999999945,-0.6989000000000001,-1.0727000000000002,-0.5609999999999715,-0.9389999999999965,-0.20099999999995788,-0.39299999999999,-0.6299999999999706,0.5700000000000305,0.3390000000000093,0.03000000000001002,0.3119999999999923,0.22500000000000853,
-0.10729999999999862,-0.5619999999999994,0.5521000000000011,-0.7044999999999995,-0.16979999999999862,-0.5145999999999997,-0.3030999999999997,0.3365999999999998,-0.6885000000000003,-1.0652,0.10499999999996845,-0.006000000000039307,0.2519999999999456,-0.12300000000003308,0.1619999999999422,-0.12300000000000644,0.17699999999998717,-0.09299999999999642,0.0030000000000196536,0.31800000000000495,
-0.10379999999999967,-0.5622000000000007,0.5604999999999993,-0.7086000000000006,-0.16440000000000055,-0.5186999999999999,-0.29720000000000013,0.3334999999999999,-0.6883999999999997,-1.0545999999999998,0.09899999999998244,-0.6899999999999906,-0.11699999999999378,-0.14099999999999113,0.11400000000000077,0.08399999999999075,-0.05099999999998772,-0.11400000000000077,0.3300000000000036,0.18000000000000682,
-0.10050000000000026,0.5565999999999995,-0.5852000000000004,-0.7133000000000003,-0.16060000000000052,-0.5159000000000002,0.3296999999999999,-0.2988999999999997,-0.6773999999999996,-1.0485999999999995,-1.1310000000000286,-0.4589999999999961,-0.6840000000000046,-0.5430000000000135,-0.4349999999999987,0.28500000000002856,0.06600000000000605,0.9090000000000131,0.4139999999999944,0.749999999999984,
-0.1382000000000012,0.5412999999999997,-0.6080000000000005,-0.7314000000000007,-0.17510000000000048,-0.5063999999999993,0.3319000000000001,-0.2685999999999993,-0.6635999999999997,-1.0236,0.4710000000000214,0.026999999999990365,0.14099999999999113,0.2609999999999779,0.2999999999999936,-0.3510000000000346,-0.22500000000000853,-0.414000000000021,-0.4800000000000004,-0.45300000000001006,
-0.1225000000000005,0.5421999999999993,-0.6033000000000008,-0.7227000000000015,-0.1651000000000007,-0.5181000000000004,0.3243999999999998,-0.2824,-0.6795999999999998,-1.0387000000000004,-0.2069999999999972,0.5250000000000021,-1.3860000000000205,-1.1909999999999954,-0.2519999999999989,-0.11099999999998111,-0.14099999999999113,0.782999999999987,-0.27000000000001023,0.6720000000000059,
-0.1294000000000004,0.5596999999999994,-0.6495000000000015,-0.7624000000000013,-0.17350000000000065,-0.5217999999999998,0.3197000000000001,-0.2563000000000004,-0.6886000000000001,-1.0163000000000002,-0.2909999999999613,0.09600000000004272,-0.1229999999999265,-0.029999999999930083,0.18300000000005312,-0.15600000000000946,-0.6179999999999986,0.1290000000000191,0.4800000000000004,0.6600000000000072,
-0.1390999999999991,0.5629000000000008,-0.6535999999999991,-0.16739999999999888,-0.763399999999999,-0.5270000000000001,0.29910000000000014,-0.2519999999999998,-0.9943,-0.6726000000000001,-0.4589999999999961,0.05699999999997374,-0.8400000000000141,-0.045000000000001705,-0.3540000000000276,-0.2069999999999972,0.5369999999999742,0.389999999999997,0.5399999999999938,-0.2370000000000072,
-0.15439999999999898,0.5648,-0.6815999999999995,-0.16889999999999894,-0.7751999999999999,-0.5339,0.3169999999999993,-0.23899999999999988,-0.9763000000000002,-0.6805000000000003,-0.2640000000000242,0.15900000000000247,0.12300000000003308,0.2099999999999902,-0.338999999999956,0.48599999999998644,-0.6539999999999679,0.6659999999999933,0.8699999999999974,0.4740000000000144,
-0.1631999999999998,0.5701,-0.6774999999999984,-0.16189999999999927,-0.7864999999999984,-0.5177000000000005,0.29520000000000035,-0.2168000000000001,-0.9473000000000003,-0.6646999999999998,-0.8610000000000184,-0.7530000000000037,-1.158000000000019,-0.012000000000025324,-1.1100000000000243,-0.49199999999997246,0.3089999999999993,0.17399999999999416,0.4019999999999957,0.2999999999999936,
-0.1919000000000004,0.5449999999999999,-0.7160999999999991,-0.1623000000000001,-0.8234999999999992,-0.5340999999999996,0.3055000000000003,-0.2110000000000003,-0.9339000000000004,-0.6547000000000001,-0.2939999999999543,-0.14099999999999113,-0.22200000000001552,-0.32099999999999795,-0.10500000000002174,0.2129999999999832,0.03299999999997638,-0.09299999999999642,0.1470000000000038,0.023999999999997357,
-0.20169999999999888,0.5403000000000002,-0.7234999999999996,-0.17300000000000004,-0.827,-0.5270000000000001,0.30659999999999954,-0.21410000000000018,-0.9290000000000003,-0.6539000000000001,-0.3029999999999866,0.0420000000000087,-0.4290000000000127,0.32100000000005124,-0.5579999999999785,0.5130000000000035,-0.04199999999998205,0.807000000000011,1.125000000000016,0.7230000000000203,
-0.21179999999999843,0.5417000000000005,-0.7378,-0.16229999999999833,0.4576000000000011,-0.5099,0.30520000000000014,-0.1871999999999998,-0.8914999999999997,-0.9015999999999993,-0.9090000000000664,-0.5969999999999942,-1.3529999999999909,-0.6900000000000439,-0.36300000000005994,0.14399999999998414,0.11099999999998111,0.4199999999999804,0.38999999999997037,1.0319999999999663,
-0.24210000000000065,0.5218000000000007,-0.7828999999999997,-0.1852999999999998,0.4454999999999991,-0.5051000000000005,0.3088999999999995,-0.17320000000000046,-0.8785000000000007,-0.8672000000000004,-0.3809999999999647,-0.4200000000000337,-1.4280000000000292,-0.4260000000000197,-0.008999999999979025,0.27000000000001023,0.18000000000000682,0.3300000000000036,0.06000000000002004,0.7860000000000067,
-0.25479999999999947,0.5077999999999996,-0.8305000000000007,-0.19950000000000045,0.4451999999999998,-0.4961000000000002,0.31489999999999974,-0.16220000000000034,-0.8765000000000001,-0.8410000000000002,-0.23099999999999454,-0.0029999999999930083,-0.3809999999999647,-0.0059999999999860165,-0.18000000000000682,0.43500000000002537,-0.06899999999997242,0.3060000000000329,0.18600000000001948,0.8550000000000058,
-0.2624999999999993,0.5076999999999998,-0.8431999999999995,-0.1997,0.4391999999999996,-0.48159999999999936,0.31260000000000066,-0.15199999999999925,-0.8702999999999994,-0.8125,-0.1680000000000348,-0.19200000000003214,-0.7410000000000316,-0.18599999999999284,0.36000000000001364,0.6509999999999749,0.5759999999999632,0.4859999999999598,0.3209999999999713,1.3349999999999795,
-0.26810000000000045,0.5012999999999987,-0.8679000000000006,-0.20589999999999975,0.45120000000000005,-0.4599000000000002,0.33179999999999943,-0.1358000000000006,-0.8596000000000004,-0.7680000000000007,-0.329999999999977,-0.3029999999999866,-0.33299999999997,-0.2099999999999902,-0.384000000000011,0.30300000000001326,-0.11399999999997412,0.2820000000000089,-0.08099999999999774,0.0840000000000174,
-0.2790999999999997,0.4911999999999992,0.4383999999999997,-0.8789999999999996,-0.21289999999999942,-0.44979999999999976,0.3280000000000003,-0.7652000000000001,-0.1264000000000003,-0.8623000000000003,-0.18000000000000682,-0.6600000000000072,-0.05700000000002703,-2.0970000000000155,-0.5100000000000371,1.454999999999993,-0.08100000000002439,0.8159999999999901,0.32399999999999096,-0.0029999999999930083,
-0.2850999999999999,0.46919999999999895,0.4364999999999988,-0.22990000000000066,-0.9489000000000001,-0.4013,0.3252999999999995,-0.7380000000000004,-0.8624,-0.11560000000000059,-0.9959999999999702,-0.20099999999995788,-0.2489999999999526,-0.6659999999999933,-0.8279999999999887,0.9810000000000052,0.14100000000001778,0.9300000000000175,0.746999999999991,0.774000000000008,
-0.3182999999999989,0.46250000000000036,0.42820000000000036,-0.25210000000000043,-0.9764999999999997,-0.3685999999999998,0.33000000000000007,-0.7069999999999999,-0.8375000000000004,-0.08980000000000032,-0.4290000000000127,-0.4800000000000004,0.15000000000002345,-0.15599999999995617,-1.0500000000000043,0.8670000000000044,0.045000000000001705,0.42000000000000703,-0.07799999999997809,0.4740000000000144,
-0.33259999999999934,0.44650000000000034,0.43320000000000114,-0.257299999999999,-1.0114999999999998,-0.33969999999999967,0.33150000000000013,-0.6929999999999996,-0.8400999999999996,-0.07399999999999984,-0.6930000000000369,0.05699999999997374,0.06599999999995276,-0.2160000000000295,-0.6029999999999802,1.2539999999999818,0.008999999999979025,0.9389999999999699,0.4379999999999651,0.7409999999999783,
-0.35570000000000057,0.44839999999999947,0.43539999999999957,-0.26449999999999996,-1.0315999999999992,-0.2979000000000003,0.33179999999999943,-0.6617000000000006,-0.8255000000000008,-0.049300000000000566,-0.8670000000000044,-0.14699999999997715,0.07799999999997809,-0.6630000000000003,-0.7290000000000596,0.3300000000000036,-0.15599999999998282,0.5970000000000208,0.6120000000000392,0.381000000000018,
-0.3846000000000007,0.4435000000000002,0.43799999999999883,-0.28659999999999997,-1.0559000000000012,-0.28690000000000015,0.3266,-0.6417999999999999,-0.8050999999999995,-0.036599999999999966,0.22500000000000853,0.3509999999999813,0.5070000000000441,0.5580000000000318,0.36900000000004596,0.014999999999991687,0.029999999999983373,-0.21600000000000286,-0.12300000000003308,0.07799999999997809,
-0.37710000000000043,0.4551999999999996,0.4549000000000003,-0.2679999999999989,-1.0435999999999996,-0.28640000000000043,0.32759999999999945,-0.649,-0.8092000000000006,-0.034000000000000696,-1.0529999999999973,-0.06899999999999906,0.2670000000000172,-0.32400000000004425,-0.8100000000000307,0.6660000000000199,0.015000000000018332,1.410000000000018,1.0080000000000222,2.1900000000000386,
-0.41220000000000034,0.45289999999999964,0.4638000000000009,-0.2788000000000004,-1.0706000000000007,-0.26419999999999977,0.32810000000000006,-0.6019999999999994,-0.7755999999999998,0.03900000000000059,-0.33299999999997,-0.041999999999955406,0.05099999999998772,-0.36599999999994637,-0.30899999999997263,0.741000000000005,0.03300000000000303,0.5999999999999872,0.5729999999999968,0.8489999999999931,
-0.42329999999999934,0.4515000000000011,0.46550000000000047,-0.2909999999999986,-1.0808999999999997,-0.2394999999999996,0.32920000000000016,-0.5819999999999999,-0.7565,0.06730000000000036,-1.5090000000000003,-0.05700000000002703,-0.6029999999999802,-0.779999999999994,-0.8399999999999608,0.5759999999999899,0.3449999999999953,-0.09000000000000341,0.4979999999999851,1.3409999999999922,
-0.47359999999999935,0.4496000000000002,0.44540000000000113,-0.3169999999999984,0.44950000000000045,-0.22029999999999994,0.3407,-0.585,-0.7399000000000004,-0.9884000000000004,-1.1640000000000583,-0.2670000000000172,-0.015000000000071623,-0.5700000000000571,-0.05700000000002703,0.5219999999999825,0.0629999999999864,0.8790000000000031,0.2970000000000006,0.8430000000000071,
-0.5124000000000013,0.44069999999999965,0.44489999999999874,-0.3360000000000003,0.44759999999999955,-0.20290000000000052,0.34279999999999955,-0.5556999999999999,-0.7300000000000004,-0.9603000000000002,-1.097999999999999,0.32399999999999096,-0.011999999999972033,-0.708000000000002,-0.029999999999983373,0.27300000000000324,0.09000000000000341,0.354000000000001,0.3960000000000097,0.8249999999999957,
0.45149999999999935,-0.5490000000000013,0.4444999999999997,-0.35960000000000036,0.4466000000000001,0.34579999999999966,-0.19380000000000042,-0.5438999999999998,-0.7168000000000001,-0.9328000000000003,0.07199999999999207,0.5940000000000545,0.384000000000011,0.3540000000000276,0.5250000000000021,-0.42899999999998606,-0.06599999999997941,0.21000000000001684,0.11400000000002741,-0.0629999999999864,
0.4538999999999991,-0.5291999999999994,0.45730000000000004,-0.34779999999999944,0.4641000000000002,0.33150000000000013,-0.19599999999999973,-0.5368999999999993,-0.7129999999999992,-0.9348999999999998,0.07500000000003837,-2.2919999999999874,0.43799999999999173,-1.1880000000000024,-0.11400000000000077,0.047999999999994714,1.0079999999999956,0.8339999999999748,0.368999999999966,1.8989999999999974,
0.45640000000000036,-0.605599999999999,0.47189999999999976,-0.3873999999999995,0.46030000000000015,0.33309999999999995,-0.16239999999999988,-0.5091000000000001,-0.7007000000000003,-0.8715999999999999,-0.14400000000003743,-0.9330000000000638,-0.22500000000000853,-0.768000000000022,-0.5370000000000275,0.035999999999996035,0.20099999999998452,0.3270000000000106,0.07800000000000473,0.7860000000000067,
0.4515999999999991,-0.6367000000000012,0.4643999999999995,-0.41300000000000026,0.44239999999999924,0.3342999999999998,-0.1557000000000004,-0.49819999999999975,-0.6981000000000002,-0.8453999999999997,0.3360000000000163,-0.9959999999999702,-0.014999999999965041,-0.5220000000000091,0.012000000000025324,-0.04199999999998205,0.6420000000000226,0.31800000000000495,-0.5849999999999955,0.33299999999999663,
0.46279999999999966,0.46390000000000065,-0.6699000000000002,-0.43040000000000056,0.4428000000000001,0.3329000000000004,-0.4875999999999996,-0.13429999999999964,-0.7176,-0.8342999999999998,0.32699999999998397,0.4229999999999734,-0.5940000000000012,-0.2519999999999989,0.45600000000000307,-0.3210000000000246,0.48599999999998644,0.78599999999998,0.5010000000000048,0.777000000000001,
0.4736999999999991,0.47799999999999976,-0.6897000000000002,-0.4388000000000005,0.4580000000000002,0.3221999999999996,-0.47140000000000004,-0.10810000000000031,-0.7008999999999999,-0.8083999999999998,0.7200000000000273,0.2640000000000242,-0.43499999999994543,-0.15299999999996317,0.09900000000003573,-0.42599999999999305,-0.22200000000001552,0.6270000000000042,-0.4770000000000074,0.38099999999999135,
0.49770000000000003,0.48680000000000057,-0.7041999999999984,-0.4438999999999993,0.4613000000000014,0.30799999999999983,-0.47880000000000056,-0.08720000000000017,-0.7168000000000001,-0.7957000000000001,-0.5759999999999899,-0.2519999999999989,-0.28800000000007486,-0.12000000000004007,-0.2610000000000312,0.13199999999998546,0.5969999999999942,0.4800000000000004,0.3719999999999857,0.44399999999997775,
0.47850000000000037,0.4784000000000006,-0.7138000000000009,-0.44790000000000063,0.45260000000000034,0.31239999999999934,-0.45890000000000075,-0.07120000000000015,-0.7044000000000006,-0.7809000000000008,0.7889999999999731,0.5910000000000082,-0.722999999999967,0.18300000000005312,0.6209999999999916,-0.6029999999999802,0.9210000000000385,2.5890000000000146,0.06000000000002004,0.9240000000000315,
0.5047999999999995,0.4981000000000009,-0.7378999999999998,-0.44179999999999886,0.47330000000000005,0.2923,-0.42819999999999947,0.015100000000000335,-0.7023999999999999,-0.7500999999999998,0.9120000000000061,1.1850000000000094,0.008999999999979025,0.33299999999997,0.48599999999998644,-0.0059999999999860165,0.6419999999999959,0.6029999999999802,-0.2879999999999949,0.5789999999999829,
0.5351999999999997,0.5376000000000012,-0.7376000000000005,-0.43069999999999986,0.4894999999999996,0.29210000000000047,-0.4067999999999996,0.035199999999999676,-0.7119999999999997,-0.7308000000000003,0.35699999999996734,0.5759999999999366,0.011999999999972033,-0.06600000000000605,0.49199999999997246,-0.381000000000018,0.5879999999999885,1.5060000000000073,0.011999999999998678,0.4860000000000131,
0.5470999999999986,0.5567999999999991,-0.7372000000000014,-0.43290000000000006,0.5058999999999987,0.27939999999999987,-0.3872,0.08539999999999992,-0.7115999999999998,-0.7145999999999999,0.1800000000000601,0.7110000000000483,-0.4769999999999541,-0.5129999999999768,-0.04799999999994142,0.06000000000002004,0.768000000000022,1.233000000000004,-0.14099999999999113,0.3960000000000097,
0.5531000000000006,0.5805000000000007,-0.7530999999999999,-0.4499999999999993,0.5043000000000006,0.28140000000000054,-0.36159999999999926,0.12650000000000006,-0.7162999999999995,-0.7013999999999996,0.5190000000000161,0.39899999999997604,-0.389999999999997,-0.14399999999998414,0.18299999999999983,-0.6360000000000099,0.06599999999997941,1.2450000000000028,-0.13800000000002477,0.3149999999999853,
0.5704000000000011,0.5937999999999999,-0.7660999999999998,-0.45479999999999876,0.5104000000000006,0.2602000000000002,-0.35939999999999994,0.16800000000000015,-0.7209000000000003,-0.6909000000000001,-0.5520000000000458,-0.3330000000000233,-0.28500000000002856,-0.6120000000000658,-0.40200000000002234,0.0,0.389999999999997,-0.22200000000001552,-0.02100000000000435,0.054000000000007375,
0.5519999999999996,0.5826999999999991,0.4969999999999999,-0.47520000000000095,-0.21039999999999992,0.2602000000000002,-0.34640000000000004,-0.6890999999999998,-0.7216000000000005,-1.1005000000000003,1.2540000000000084,1.8420000000000236,0.8969999999999878,0.23099999999999454,1.1880000000000024,-1.031999999999993,0.8220000000000027,0.19799999999999152,-0.8249999999999957,-0.07199999999999207,
0.5937999999999999,0.6440999999999999,0.5268999999999995,-0.46750000000000114,-0.17079999999999984,0.22580000000000044,-0.31899999999999995,-0.6825000000000001,-0.7491000000000003,-1.1029,0.5220000000000091,0.7589999999999897,0.3719999999999857,0.22500000000000853,0.8579999999999721,-0.4139999999999944,0.45000000000001705,0.33299999999999663,-0.3449999999999953,-0.017999999999984695,
0.6112000000000002,0.6693999999999996,0.539299999999999,-0.46000000000000085,-0.14220000000000077,0.21200000000000063,-0.3039999999999994,-0.6714000000000002,-0.7606000000000002,-1.1034999999999995,0.01800000000001134,0.6330000000000169,-0.01799999999995805,-0.18299999999994654,0.19500000000002515,-0.22200000000001552,0.779999999999994,0.3089999999999993,-0.16199999999999548,-0.1290000000000191,
0.6118000000000006,0.6905000000000001,0.5387000000000004,-0.46609999999999907,-0.13569999999999993,0.20460000000000012,-0.2779999999999996,-0.6611000000000002,-0.766,-1.1078000000000001,0.1260000000000261,0.438000000000045,0.18599999999999284,0.0,0.2130000000000365,-0.6510000000000016,0.05099999999998772,0.09299999999999642,-0.3240000000000176,-0.354000000000001,
0.6160000000000014,0.7051000000000016,0.5449000000000002,-0.46609999999999907,-0.12859999999999872,0.18290000000000006,-0.2763,-0.6580000000000004,-0.7768000000000006,-1.1196000000000002,0.2549999999999386,-0.030000000000089955,-0.6000000000000405,-0.4260000000000197,0.0029999999999397176,-0.03299999999997638,0.34500000000002196,0.3240000000000176,-0.26699999999996393,0.34200000000002895,
0.6244999999999994,0.7040999999999986,0.5248999999999988,-0.4802999999999997,-0.12850000000000072,0.18180000000000085,-0.26479999999999926,-0.6471999999999998,-0.7856999999999994,-1.1081999999999992,0.16200000000004877,0.24000000000002686,0.19200000000003214,0.14099999999999113,0.10200000000002873,-0.1110000000000344,-0.19200000000003214,-0.18299999999999983,-0.16800000000000814,-0.06900000000002571,
0.629900000000001,0.7120999999999995,0.5312999999999999,-0.4756,-0.12509999999999977,0.1780999999999997,-0.27120000000000033,-0.6532999999999998,-0.7912999999999997,-1.1105,-0.003000000000046299,1.0169999999999746,-0.3390000000000093,-0.4200000000000337,0.7409999999999783,0.07800000000000473,0.804000000000018,0.8849999999999891,-0.4469999999999974,0.6210000000000182,
0.6297999999999995,0.7459999999999987,0.5199999999999996,-0.48960000000000115,-0.10040000000000049,0.18069999999999986,-0.24439999999999973,-0.6238000000000001,-0.8061999999999996,-1.0897999999999994,0.2580000000000382,0.7440000000000246,-0.335999999999963,-0.2159999999999762,0.3930000000000433,-0.1049999999999951,0.4229999999999734,0.8430000000000071,-0.3210000000000246,0.7469999999999644,
0.6384000000000007,0.5088000000000008,0.770799999999999