-0.5390000000000006,-0.3615000000000004,-0.8239000000000001,-1.0331000000000001,-0.8383000000000003,0.4025999999999996,-0.7253000000000007,-0.21420000000000083,0.32259999999999955,0.9238999999999997,-0.6299999999999706,-0.9329999999999838,-1.388999999999987,-0.3119999999999923,-0.17999999999998018,0.13500000000000512,-0.07799999999997809,-0.23699999999998056,-0.0059999999999860165,-0.12300000000000644,
-0.5599999999999996,-0.39259999999999984,-0.8701999999999996,-1.0434999999999999,-0.8442999999999996,0.4070999999999998,-0.7279,-0.2221000000000002,0.3224,0.9197999999999995,0.4769999999999808,-0.4320000000000057,-0.5370000000000275,0.2699999999999836,0.49199999999997246,-0.38099999999999135,-0.3720000000000123,-0.3990000000000027,-0.356999999999994,-0.05999999999999339,
-0.5441000000000003,-0.40700000000000003,-0.8881000000000006,-1.0345000000000004,-0.8279000000000005,0.3944000000000001,-0.7403000000000004,-0.23540000000000028,0.3105000000000002,0.9177999999999997,0.1740000000000208,-0.5489999999999995,-0.5159999999999698,0.06600000000000605,0.5730000000000235,0.5370000000000008,0.5460000000000065,0.7590000000000163,0.4349999999999987,0.31200000000001893,
-0.5382999999999996,-0.4253,-0.9052999999999995,-1.0323000000000002,-0.8087999999999997,0.4123000000000001,-0.7221000000000002,-0.21009999999999973,0.3250000000000002,0.9282000000000004,-0.3690000000000193,-0.06000000000002004,-0.12300000000003308,-0.03900000000001569,-0.2760000000000229,-0.17999999999998018,0.07800000000000473,-0.4440000000000044,-0.1470000000000038,-0.18899999999998585,
-0.5506000000000002,-0.4273000000000007,-0.9094000000000007,-1.0336000000000007,-0.8180000000000005,0.40630000000000077,-0.7195,-0.22489999999999988,0.32010000000000005,0.9219000000000008,0.18000000000000682,-1.3529999999999909,-2.1479999999999766,-0.3839999999999577,0.7470000000000176,0.6749999999999723,0.8460000000000001,0.4949999999999921,1.026000000000007,0.42899999999998606,
-0.5446,-0.4724000000000004,-0.9809999999999999,-1.0463999999999993,-0.7930999999999999,0.42879999999999985,-0.6913,-0.20840000000000014,0.3543000000000003,0.9362000000000004,-0.029999999999983373,-0.6329999999999902,-1.109999999999971,-0.12300000000000644,0.381000000000018,0.11999999999998678,0.8759999999999835,0.5339999999999812,0.4619999999999891,0.3749999999999787,
-0.5455999999999994,-0.49350000000000005,-1.017999999999999,-1.0504999999999995,-0.7803999999999993,0.4327999999999994,-0.6621000000000006,-0.19060000000000077,0.3696999999999999,0.9486999999999997,-0.13200000000003875,-1.2660000000000071,-1.2330000000000307,-0.21000000000001684,0.5339999999999545,0.39900000000002933,0.417000000000014,0.31200000000001893,0.21000000000001684,-0.05699999999997374,
-0.5500000000000007,-0.5357000000000003,-1.0591,-1.0575,-0.7626000000000008,0.4461000000000004,-0.6482000000000001,-0.18020000000000014,0.3767000000000005,0.9468000000000005,-0.1679999999999815,-0.6720000000000059,-0.8250000000000224,-0.7140000000000146,0.16800000000000814,0.03899999999998904,0.48599999999998644,0.5729999999999968,0.5789999999999829,0.1859999999999662,
-0.5556000000000001,-0.5581000000000005,-1.0866000000000007,-1.0813000000000006,-0.7570000000000006,0.4474,-0.6320000000000006,-0.16110000000000024,0.3959999999999999,0.9529999999999994,0.381000000000018,-0.4139999999999677,-0.9389999999999699,0.07800000000000473,0.5760000000000165,0.6090000000000195,1.2450000000000294,1.0770000000000213,0.5370000000000008,0.44700000000002404,
-0.5428999999999995,-0.5718999999999994,-1.1178999999999997,-1.0787000000000004,-0.7378,0.46770000000000067,-0.5904999999999996,-0.12519999999999953,0.41389999999999993,0.9679000000000002,0.2129999999999832,-2.6645352591003757E-14,0.23999999999997357,0.0870000000000104,0.23099999999999454,0.22499999999998188,0.12899999999999245,0.6689999999999863,0.2340000000000142,0.03300000000000303,
-0.5358,-0.5719000000000003,-1.1099000000000006,-1.0758,-0.7301000000000002,0.47520000000000007,-0.5861999999999998,-0.10289999999999999,0.4217000000000004,0.9690000000000003,-0.20400000000000418,-1.6290000000000138,-2.6159999999999783,0.07199999999999207,1.4699999999999847,0.19199999999997885,1.595999999999984,1.103999999999985,0.8129999999999704,-0.0840000000000174,
-0.5426000000000002,-0.6262000000000008,-1.0734000000000004,-0.6811000000000007,-1.1970999999999998,0.48159999999999936,-0.5330000000000004,0.4487999999999994,0.9661999999999997,-0.06610000000000049,-0.1079999999999881,-1.040999999999972,-0.683999999999978,0.34500000000002196,-0.9089999999999865,0.5250000000000021,1.0229999999999873,0.31500000000001194,0.4619999999999891,1.4610000000000056,
-0.5461999999999998,-0.6608999999999998,-0.6696,-1.0961999999999996,-1.2273999999999994,0.49909999999999943,-0.4989000000000008,0.9815999999999994,0.4592999999999998,-0.017400000000000304,0.40800000000000836,-0.8759999999999835,0.2910000000000146,0.18299999999999983,-1.2540000000000084,0.03600000000002268,0.9300000000000175,-0.29699999999997395,0.1920000000000055,0.06899999999999906,
-0.5325999999999995,-0.6900999999999993,-0.6598999999999995,-1.0900999999999996,-1.2691999999999997,0.5003000000000002,-0.4679000000000002,0.9717000000000002,0.4657,-0.015100000000000335,-0.5760000000000165,-0.5670000000000375,0.9479999999999755,-0.3030000000000399,-1.3260000000000005,0.1049999999999951,0.7260000000000133,0.354000000000001,0.6089999999999929,0.8400000000000141,
-0.5518000000000001,-0.7090000000000005,-0.6283000000000003,-1.100200000000001,-0.6595000000000004,0.5038,-0.44369999999999976,0.9835000000000003,0.48599999999999977,-1.1173000000000002,0.3240000000000176,-1.0979999999999723,1.023000000000014,0.05400000000003402,-0.8849999999999891,0.21600000000000286,0.09899999999998244,-0.12000000000001343,0.4589999999999961,1.2570000000000014,
-0.5409999999999995,-0.7455999999999996,-0.5941999999999998,-1.0983999999999998,-0.6890000000000001,0.5110000000000001,-0.44040000000000035,0.9794999999999998,0.5012999999999996,-1.0754000000000001,0.38699999999997736,0.14399999999998414,0.1529999999999898,0.047999999999994714,-0.0029999999999930083,0.3149999999999853,-0.045000000000001705,0.36899999999999267,0.39299999999999,0.24599999999998623,
-0.5281000000000002,-0.7408000000000001,-0.5891000000000002,-1.0968,-0.6890999999999998,0.5214999999999996,-0.4419000000000004,0.9917999999999996,0.5143999999999993,-1.0672000000000006,-0.2579999999999849,-1.7910000000000093,1.902000000000017,-0.1049999999999951,-2.2109999999999896,0.15600000000000946,0.7860000000000067,0.9690000000000065,1.1520000000000064,1.7490000000000272,
-0.5366999999999997,-0.8005000000000004,-0.5256999999999996,-1.1002999999999998,-0.7627999999999995,0.5267,-0.4157000000000002,1.0240999999999998,0.5527999999999995,-1.0088999999999997,-0.48299999999999343,-1.004999999999976,0.3420000000000023,-0.46200000000001573,-1.5330000000000243,0.4199999999999804,0.6150000000000055,0.4169999999999874,0.7650000000000023,1.0949999999999793,
-0.5527999999999995,-0.8339999999999996,-0.5142999999999995,-1.1157000000000004,-0.8139000000000003,0.5406999999999993,-0.3952,1.0379999999999994,0.5782999999999996,-0.9724000000000004,-0.6570000000000142,-1.029,1.1909999999999954,-0.0029999999999930083,-1.6259999999999941,0.5400000000000205,0.5400000000000205,0.9540000000000148,0.6090000000000195,1.053000000000024,
-0.5747,-0.8682999999999996,-0.4745999999999997,-1.1158000000000001,-0.8681000000000001,0.5587,-0.3771999999999993,1.0697999999999999,0.5986000000000002,-0.9372999999999996,0.16500000000001513,-0.7770000000000277,0.8310000000000084,0.18000000000003347,-0.6149999999999789,0.10200000000000209,0.335999999999963,0.5130000000000035,0.5039999999999978,0.6749999999999723,
-0.5691999999999995,-0.8942000000000005,-0.4468999999999994,-1.109799999999999,-0.8885999999999994,0.5621,-0.36600000000000055,1.0869,0.6154000000000002,-0.9148000000000005,0.6390000000000029,-0.4679999999999751,1.0439999999999916,-0.11400000000000077,-0.9839999999999982,0.1499999999999968,0.4680000000000284,0.8640000000000114,0.7889999999999997,1.7040000000000255,
-0.5478999999999994,-0.9097999999999997,-0.4120999999999997,-0.9213999999999993,-1.113599999999999,0.5670999999999999,-0.3503999999999996,1.1157000000000004,-0.8579999999999997,0.6417000000000002,0.23399999999998755,0.26999999999995694,0.22499999999998188,0.11699999999999378,0.10199999999997544,0.05999999999999339,0.2129999999999832,-0.06899999999999906,-0.3690000000000193,-0.30300000000001326,
-0.5400999999999998,-0.9008000000000012,-0.4046000000000003,-0.9174999999999995,-1.1101999999999999,0.5690999999999997,-0.34330000000000016,1.1134000000000004,-0.8703000000000003,0.6315999999999997,1.1370000000000147,-1.0289999999999466,2.2440000000000193,-1.3440000000000119,0.9869999999999912,-0.0420000000000087,0.7019999999999893,0.8099999999999774,1.7820000000000036,0.9179999999999922,
-0.5021999999999993,-0.9350999999999994,-0.32979999999999965,-0.9622999999999999,-1.0773000000000001,0.5676999999999994,-0.3199000000000005,1.1403999999999996,-0.8109000000000002,0.6621999999999995,-0.17399999999999416,-1.1129999999999907,1.3319999999999865,-0.3720000000000123,-0.09299999999996977,0.33000000000003027,1.2180000000000124,0.9990000000000165,0.8700000000000241,0.49200000000002575,
-0.5079999999999991,-0.9721999999999991,-0.2854000000000001,-0.9747000000000003,-1.0803999999999991,0.5787000000000004,-0.2793000000000001,1.1737000000000002,-0.7818999999999994,0.6786000000000003,0.4649999999999821,0.09899999999998244,1.803000000000008,-0.39899999999997604,0.9089999999999598,0.03300000000000303,0.387000000000004,0.5580000000000052,0.6329999999999902,0.18599999999999284,
-0.4924999999999997,-0.9688999999999997,-0.22529999999999983,-0.9879999999999995,-1.0501000000000005,0.5798000000000005,-0.26639999999999997,1.1923000000000004,-0.7607999999999997,0.6848000000000001,0.1470000000000038,-1.3500000000000245,0.7530000000000037,-0.732000000000026,0.06300000000003969,0.4559999999999764,0.9539999999999882,0.4349999999999721,1.1189999999999767,0.5099999999999838,
-0.4875999999999996,-1.0139000000000005,-0.2001999999999997,-1.0124000000000004,-1.0479999999999992,0.5949999999999998,-0.23460000000000036,1.2067999999999994,-0.7235000000000005,0.7017999999999995,0.5910000000000082,-0.40199999999996905,1.2329999999999774,-0.48299999999999343,0.5639999999999645,-0.4740000000000144,-0.035999999999996035,0.09600000000001607,0.4410000000000114,-0.23099999999999454,
-0.4678999999999993,-1.0272999999999994,-0.15910000000000046,-1.0292000000000003,-1.0285000000000002,0.5791999999999993,-0.23580000000000023,1.21,0.6940999999999997,-0.7088000000000001,0.11699999999999378,-0.27000000000001023,-0.15599999999998282,0.36899999999999267,-0.1259999999999728,0.06900000000002571,-0.4589999999999961,-0.17100000000000115,0.054000000000007375,-0.24899999999997924,
-0.4639999999999995,-1.0362999999999998,-0.1642999999999999,-1.0169000000000006,-1.0326999999999993,0.5815000000000001,-0.2511000000000001,1.2043,0.6959,-0.7170999999999994,0.9900000000000109,-0.6179999999999719,2.9189999999999916,1.3920000000000332,-0.414000000000021,0.014999999999991687,0.4349999999999987,0.7319999999999993,0.30300000000001326,1.2479999999999691,
-0.43099999999999916,-1.0568999999999988,-0.9704999999999995,-0.06700000000000017,-1.0465,0.5819999999999999,-0.23660000000000014,0.7060000000000004,1.2287,-0.6755000000000004,0.8159999999999634,0.041999999999955406,0.8249999999999957,1.6380000000000194,0.32399999999999096,0.8310000000000084,0.8159999999999901,0.20099999999998452,0.3479999999999883,0.45300000000001006,
-0.4038000000000004,-1.0555000000000003,-0.9429999999999996,-1.0357000000000003,-0.012399999999999523,0.6097000000000001,-0.20940000000000047,0.7126999999999999,-0.6604000000000001,1.2402999999999995,0.5670000000000108,-0.35699999999996734,0.6090000000000195,-0.3509999999999813,1.2869999999999848,-0.40800000000000836,0.40800000000000836,-0.1079999999999881,0.4349999999999987,0.33000000000003027,
-0.3849,-1.0673999999999992,-0.922699999999999,-1.0473999999999997,0.03049999999999997,0.5960999999999999,-0.1958000000000002,0.7091000000000003,-0.6459000000000001,1.2513000000000005,0.9450000000000358,-0.384000000000011,0.5819999999999759,-0.6570000000000142,1.1160000000000103,0.9900000000000109,0.378000000000025,0.2970000000000006,0.9240000000000048,0.6539999999999946,
-0.3533999999999988,-1.0801999999999996,-0.9032999999999998,-1.0693000000000001,0.06770000000000032,0.6291000000000002,-0.18319999999999936,0.7190000000000003,-0.6151,1.2731000000000003,0.7709999999999617,0.6299999999999706,0.9419999999999895,0.05099999999998772,1.6499999999999915,-0.2820000000000089,0.5369999999999742,-0.1290000000000191,0.45600000000000307,0.21600000000000286,
-0.3277000000000001,-1.0592000000000006,-0.8719000000000001,-1.0676000000000005,0.12270000000000003,0.6196999999999999,-0.16530000000000022,0.7146999999999997,-0.5998999999999999,1.2803000000000004,-0.4289999999999594,-0.338999999999956,-0.22799999999994824,-0.08999999999995012,-0.05399999999998073,-0.06899999999999906,-0.5130000000000035,-0.017999999999984695,-0.02700000000001701,-0.1260000000000261,
-0.34199999999999875,-1.0704999999999991,-0.8794999999999984,-1.0705999999999989,0.12090000000000067,0.6174,-0.18240000000000034,0.7141000000000002,-0.6008000000000004,1.2760999999999996,0.4679999999999751,-0.9360000000000568,0.6509999999999216,-1.4370000000000616,2.3699999999999655,1.0259999999999803,0.5759999999999899,0.8219999999999761,1.4639999999999986,0.7860000000000067,
-0.3263999999999996,-1.101700000000001,-0.857800000000001,-1.118500000000001,0.19989999999999952,0.6515999999999993,-0.16320000000000068,0.7414999999999994,-0.5520000000000005,1.3022999999999998,0.8969999999999878,-0.011999999999972033,0.6630000000000003,-0.3420000000000023,1.2269999999999648,0.6510000000000282,1.4010000000000122,0.45300000000001006,0.5400000000000205,0.8340000000000014,
-0.2965,-1.1021,-0.835700000000001,-1.129900000000001,0.24079999999999835,0.6733000000000002,-0.11650000000000027,0.7565999999999997,-0.5339999999999998,1.3300999999999998,0.6989999999999696,-0.5850000000000222,0.39599999999998303,-0.8249999999999957,0.8400000000000141,0.3960000000000097,1.122000000000023,0.5340000000000078,0.5039999999999978,0.8610000000000184,
-0.273200000000001,-1.1216000000000008,-0.8225000000000016,-1.1574000000000009,0.2687999999999988,0.6865000000000006,-0.0790999999999995,0.7744,-0.5171999999999999,1.3588000000000005,0.6420000000000492,-0.3899999999999437,0.13800000000005141,-0.719999999999974,0.5490000000000528,0.45600000000000307,1.3710000000000022,0.5370000000000008,0.9090000000000131,0.7259999999999867,
-0.25179999999999936,-1.134599999999999,-0.8178999999999998,-1.1814,0.2871000000000006,0.7017000000000007,-0.03339999999999943,0.7923,-0.48689999999999944,1.383,0.7469999999999644,-0.2550000000000452,0.9179999999999922,-0.6090000000000195,1.3020000000000032,0.2519999999999989,0.716999999999981,-0.09299999999999642,0.746999999999991,0.6299999999999972,
-0.22690000000000055,-0.7873000000000001,-1.1431000000000004,-1.2017000000000007,0.3305000000000007,0.7101000000000006,0.7892000000000001,-0.009500000000000064,-0.46199999999999974,1.404,-0.44099999999998474,-0.705000000000009,-0.378000000000025,-0.3360000000000163,-0.2670000000000172,0.39599999999998303,0.5640000000000178,0.6450000000000156,0.20100000000001117,0.12300000000000644,
-0.24160000000000004,-0.8108000000000004,-1.1557000000000013,-1.2129000000000012,0.3216000000000001,0.7233,0.8080000000000007,0.012000000000000455,-0.45529999999999937,1.4081000000000001,0.7589999999999897,1.040999999999972,0.1770000000000138,-1.175999999999977,1.7219999999999835,0.6720000000000059,0.47399999999998776,2.799000000000005,1.850999999999976,1.4309999999999956,
-0.21630000000000038,-0.7761000000000013,-1.1498000000000008,-1.2521000000000004,0.37899999999999956,0.7457000000000003,0.8238000000000003,0.10530000000000062,-0.39360000000000017,1.4558,1.0950000000000593,1.3020000000000564,0.22500000000006182,0.1680000000000348,1.536000000000044,0.5759999999999899,0.2069999999999972,0.713999999999988,1.1040000000000116,0.417000000000014,
-0.1797999999999984,-0.7326999999999995,-1.1422999999999988,-1.2464999999999993,0.430200000000001,0.7648999999999999,0.8307000000000002,0.12910000000000021,-0.3567999999999998,1.4697000000000005,0.731999999999946,1.043999999999965,0.5459999999999532,0.18899999999998585,1.2239999999999718,0.011999999999998678,-0.2940000000000076,0.4769999999999808,0.716999999999981,0.15599999999998282,
-0.1554000000000002,-0.6979000000000006,-1.1241000000000003,-1.2401999999999997,0.4710000000000001,0.7652999999999999,0.8209,0.14499999999999957,-0.3329000000000004,1.4748999999999999,0.8100000000000307,0.7230000000000203,0.3060000000000329,-0.6029999999999802,1.1969999999999814,0.27000000000001023,0.14400000000001079,0.5850000000000222,0.7920000000000194,0.31500000000001194,
-0.12839999999999918,-0.6738,-1.1138999999999992,-1.260299999999999,0.5108999999999995,0.7743000000000002,0.8257000000000003,0.1645000000000003,-0.3064999999999998,1.4854000000000003,1.2179999999999858,1.3199999999999612,0.3719999999999857,0.0809999999999711,1.7100000000000115,0.2370000000000072,-0.18599999999999284,0.5580000000000052,0.4290000000000127,-0.14099999999999113,
-0.08779999999999966,-0.6298000000000012,-1.1014999999999997,-1.2576,0.5678999999999998,0.7822000000000005,0.8195000000000006,0.18310000000000048,-0.29219999999999935,1.4807000000000006,0.09000000000000341,0.06000000000002004,-0.10200000000002873,-0.09900000000003573,0.008999999999979025,0.08999999999997677,0.11399999999997412,-0.22200000000001552,0.19499999999997186,-0.15000000000002345,
-0.08479999999999954,-0.6278000000000006,-1.1049000000000007,-1.2609000000000012,0.5681999999999992,0.7851999999999997,0.8232999999999997,0.17569999999999997,-0.2857000000000003,1.4756999999999998,1.3650000000000162,1.854000000000049,1.2030000000000207,0.22800000000005483,2.78100000000002,-0.24899999999997924,-0.782999999999987,0.46500000000000874,0.8280000000000154,-0.48599999999998644,
-0.039299999999999,-0.565999999999999,-1.0648,-1.2532999999999994,0.6608999999999998,0.7769000000000004,0.7972000000000001,0.19120000000000026,-0.2580999999999998,1.4595000000000002,0.7619999999999827,1.17899999999997,0.6089999999999662,0.05999999999996675,1.875,0.3119999999999923,-0.6090000000000195,-0.19800000000001816,0.5370000000000008,-0.12000000000001343,
-0.01389999999999958,-0.5267,-1.044500000000001,-1.2513000000000005,-0.634500000000001,0.7873000000000001,0.7768999999999995,0.18459999999999965,-0.24019999999999975,-1.4703,0.9449999999999825,0.705000000000009,0.6360000000000099,-0.10800000000001475,1.0140000000000349,-0.057000000000000384,-0.43199999999997907,0.4589999999999961,-0.20400000000000418,0.12599999999999945,
0.017599999999999838,-0.5031999999999996,-1.0233000000000008,-1.254900000000001,-0.6006999999999998,0.7854000000000001,0.7625000000000002,0.19989999999999952,-0.2469999999999999,-1.4661,0.8759999999999835,1.181999999999963,0.9389999999999965,-0.026999999999990365,0.4619999999999891,-0.5849999999999955,-1.1249999999999893,-0.45899999999996943,-0.7949999999999857,-0.035999999999996035,
0.04679999999999929,-0.4638000000000009,-0.9920000000000009,-1.2558000000000007,-1.4543,0.7659000000000002,0.7250000000000005,0.18460000000000054,-0.2734999999999994,0.5878000000000005,1.7820000000000569,1.4190000000000502,1.3260000000000538,0.5640000000000178,0.2610000000000312,0.14399999999998414,-0.5280000000000218,0.12899999999999245,-0.6000000000000139,-1.0020000000000095,
0.10620000000000118,-0.4164999999999992,-0.9477999999999991,-1.237,-1.4455999999999989,0.7706999999999997,0.7073999999999998,0.1889000000000003,-0.29349999999999987,0.5544000000000002,0.15299999999996317,0.6719999999999793,-0.006000000000039307,0.09000000000000341,0.5579999999999252,0.014999999999991687,0.33599999999998964,-0.18600000000001948,0.11999999999998678,0.03299999999997638,
0.11129999999999995,-0.3940999999999999,-0.9480000000000004,-1.234,-1.4270000000000014,0.7711999999999994,0.7185999999999995,0.18269999999999964,-0.2895000000000003,0.5554999999999994,2.1990000000000443,2.0220000000000304,2.172000000000054,0.9630000000000472,0.006000000000092598,-0.2609999999999779,-1.1819999999999897,-0.1529999999999898,-0.4979999999999851,-2.4929999999999986,
-0.3266999999999989,0.18460000000000143,-0.8755999999999986,-1.2018999999999984,-1.495099999999999,0.6791999999999998,0.7625000000000002,0.17759999999999998,-0.3060999999999998,0.004999999999999893,0.9329999999999572,0.44099999999998474,1.0109999999999886,0.659999999999954,0.40499999999996206,0.5400000000000205,0.5250000000000021,0.26399999999999757,-0.9719999999999995,-0.13199999999998546,
-0.2956000000000003,0.19930000000000092,-0.841899999999999,-1.1799,-1.3933999999999997,0.6972000000000005,0.7800000000000002,0.1863999999999999,-0.3384999999999998,0.4790000000000001,1.2599999999999945,1.5839999999999854,1.2899999999999778,0.49200000000002575,0.6869999999999976,0.5699999999999772,0.9930000000000039,0.3420000000000023,0.3719999999999857,-0.6749999999999989,
-0.2536000000000005,-0.7988999999999997,0.25210000000000043,-1.163499999999999,-1.4421,0.7161999999999997,0.19779999999999998,0.8131000000000004,-0.3261000000000003,7.999999999999119E-4,0.5819999999999759,0.6389999999999496,0.14399999999998414,-5.3290705182007514E-14,0.9689999999999799,0.46500000000000874,-0.09899999999998244,0.44099999999998474,0.4290000000000127,-0.3119999999999923,
-0.2342000000000013,-0.7776000000000014,0.2568999999999999,-1.1635000000000009,-1.4098000000000006,0.7317,0.19450000000000056,0.8277999999999999,-0.31179999999999986,-0.009599999999999831,0.768000000000022,0.5489999999999995,0.7500000000000107,0.3360000000000163,0.03299999999997638,-0.05099999999998772,0.1649999999999885,0.0030000000000196536,-0.42599999999999305,-0.5820000000000025,
-0.20860000000000056,-0.7593000000000014,0.28190000000000026,-1.1523000000000003,-1.3506999999999998,0.7300000000000004,0.20000000000000018,0.8279000000000005,-0.3259999999999996,0.38649999999999984,0.24300000000001987,0.048000000000048004,0.07800000000003138,0.27000000000001023,0.2999999999999936,0.29399999999998094,0.03899999999998904,0.4349999999999721,0.2159999999999762,0.6150000000000055,
-0.2004999999999999,-0.7576999999999998,0.2845000000000013,-1.1433,-1.3933999999999997,0.7397999999999998,0.2012999999999998,0.8423999999999996,-0.3188000000000004,-0.025300000000000544,1.17899999999997,1.6859999999999609,1.382999999999921,-0.01800000000001134,0.5669999999999575,1.413000000000011,1.5029999999999877,1.4700000000000113,0.9749999999999925,0.5489999999999995,
-0.7015000000000011,-0.1612000000000009,0.3305999999999987,-1.1439000000000004,-1.3745000000000012,0.2513999999999994,0.7869000000000002,0.8914,-0.28630000000000067,-0.007000000000000561,0.6929999999999836,0.768000000000022,0.40200000000002234,0.8309999999999818,1.1219999999999963,-0.04499999999997506,0.20400000000000418,-0.16800000000000814,0.2310000000000212,-0.13199999999998546,
-0.6784000000000017,-0.13560000000000016,0.3439999999999994,-1.116200000000001,-1.3371000000000013,0.24990000000000023,0.7937000000000003,0.8857999999999997,-0.27859999999999996,-0.011400000000000077,1.0230000000000672,0.7500000000000107,0.7920000000000194,0.36000000000001364,0.9810000000000585,-0.10500000000002174,0.39899999999997604,-0.0059999999999860165,-0.057000000000000384,0.00900000000000567,
-0.6442999999999994,-0.11059999999999981,0.37040000000000006,-1.1042000000000005,-1.3043999999999993,0.2463999999999995,0.8069999999999995,0.8856000000000002,-0.28049999999999997,-0.011099999999999888,0.9719999999999729,0.8489999999999931,1.1489999999999867,1.029,0.8129999999999704,-0.19799999999999152,-0.19199999999997885,-0.3300000000000036,-0.5580000000000052,-0.6059999999999999,
-0.6119000000000003,-0.08230000000000004,0.4086999999999996,-1.0699000000000005,-1.2773000000000003,0.2397999999999998,0.8006000000000002,0.8746,-0.29910000000000014,-0.031299999999999883,0.9120000000000061,0.40199999999996905,0.9510000000000218,0.774000000000008,0.8850000000000158,0.743999999999998,0.7409999999999783,0.6480000000000086,0.5849999999999955,0.4019999999999957,
-0.5815000000000001,-0.06890000000000107,0.44040000000000035,-1.0441000000000003,-1.2477999999999998,0.2645999999999997,0.8252999999999995,0.8962000000000003,-0.2796000000000003,-0.017900000000000027,0.2159999999999762,0.6330000000000169,0.03299999999997638,0.40500000000001535,0.384000000000011,-0.03900000000001569,-0.3420000000000023,-0.6060000000000265,-0.1890000000000125,-0.1770000000000138,
-0.5743000000000009,-0.04780000000000051,0.44149999999999956,-1.0305999999999997,-1.2349999999999994,0.2632999999999992,0.8138999999999994,0.8759999999999994,-0.2859000000000007,-0.023800000000000487,1.034999999999986,0.23699999999998056,0.8039999999999914,0.19499999999997186,0.6239999999999846,0.6330000000000169,0.21000000000001684,0.16500000000001513,-0.4199999999999804,0.07500000000001172,
-0.5398000000000014,-0.03990000000000116,0.4682999999999993,-1.0241000000000007,-1.2142,0.28439999999999976,0.8209,0.8815,-0.29990000000000006,-0.021300000000000097,0.6690000000000396,0.5910000000000082,0.8220000000000027,0.5220000000000091,0.8429999999999538,0.0,-0.24900000000000588,0.05399999999998073,-0.28800000000002157,-0.804000000000018,
-0.5175000000000001,-0.020200000000000884,0.49569999999999936,-1.0067000000000004,-0.7672000000000008,0.28439999999999976,0.8125999999999998,0.8832999999999993,-0.3095000000000008,-0.8914,0.44700000000002404,0.28500000000002856,0.819000000000063,0.02100000000000435,1.1880000000000557,-0.23099999999999454,-0.12899999999999245,0.035999999999996035,-0.7289999999999797,1.0079999999999956,
-0.5025999999999993,-0.010699999999999932,0.5230000000000015,-1.0060000000000002,-0.7275999999999989,0.27669999999999995,0.8083,0.8844999999999992,-0.3338000000000001,-0.8578000000000001,0.7649999999999757,0.6600000000000072,0.40799999999995507,-0.389999999999997,0.9810000000000052,-0.4919999999999991,-0.3300000000000036,-0.2729999999999766,-0.5729999999999968,1.1579999999999924,
-0.4771000000000001,0.01130000000000031,0.5366,-0.6948999999999987,-1.0190000000000001,0.2603,0.7972999999999999,0.8754,-0.8192000000000004,-0.3529,0.45600000000000307,0.5069999999999908,0.779999999999994,1.1729999999999308,0.381000000000018,-0.2400000000000002,-0.24300000000001987,-0.054000000000007375,1.095000000000006,-0.9510000000000218,
-0.4619,0.028200000000000003,-0.655800000000001,0.5625999999999998,-1.0062999999999995,0.25229999999999997,0.7891999999999992,-0.7827000000000002,0.8735999999999997,-0.3846000000000007,0.2670000000000172,0.07199999999999207,-0.22499999999995524,0.006000000000039307,0.07199999999999207,0.06300000000001305,0.2160000000000295,0.05100000000001437,0.3690000000000193,-0.020999999999977703,
-0.4529999999999994,0.03059999999999974,-0.6632999999999996,0.5628000000000011,-1.0038999999999998,0.2544000000000004,0.7964000000000002,-0.7809999999999997,0.8859000000000004,-0.3853,0.5339999999999812,0.27900000000004255,0.9239999999999782,0.10799999999996146,-0.09599999999998943,-1.4040000000000052,-0.9629999999999939,1.877999999999993,-0.46200000000001573,-1.3710000000000022,
-0.43520000000000003,0.03990000000000116,-0.6325000000000003,0.5663999999999998,-1.0070999999999994,0.20760000000000023,0.7643000000000004,-0.7183999999999999,0.8704999999999998,-0.43100000000000005,0.8220000000000027,0.6929999999999836,1.080000000000041,0.9180000000000454,0.31500000000001194,-1.457999999999986,-0.6810000000000116,-0.16199999999999548,-0.6329999999999902,-0.7979999999999787,
-0.40779999999999994,0.06300000000000061,-0.5964999999999989,0.5970000000000013,-0.996599999999999,0.1590000000000007,0.7416,-0.7237999999999998,0.8494000000000002,-0.45759999999999934,-0.1740000000000208,-0.1680000000000348,-0.20100000000006446,0.27899999999993597,-0.44100000000003803,-0.6330000000000169,-0.09600000000001607,0.9089999999999865,0.10200000000000209,-0.24000000000002686,
-0.41360000000000063,0.05739999999999945,-0.6032000000000011,0.6062999999999992,-1.071200000000001,0.13790000000000013,0.7383999999999995,-0.6935000000000002,0.8528000000000002,-0.14449999999999985,0.6209999999999916,-0.41100000000000136,0.3360000000000163,0.32099999999999795,0.24600000000001288,0.33299999999999663,-0.029999999999983373,0.4890000000000061,0.4919999999999991,0.1049999999999951,
-0.3929000000000009,0.043699999999999406,-0.5920000000000005,0.6169999999999991,-1.0630000000000006,0.14900000000000002,0.7374,-0.6772,0.8692000000000002,-0.14100000000000001,-0.2519999999999456,0.12000000000004007,0.3390000000000093,-0.11399999999994748,-0.06599999999995276,-0.705000000000009,-0.2940000000000076,0.9179999999999922,0.008999999999979025,0.29099999999998793,
-0.4012999999999991,0.04770000000000074,-0.5807000000000002,0.6132000000000009,-1.065199999999999,0.12549999999999972,0.7275999999999998,-0.6466000000000003,0.8694999999999995,-0.13130000000000042,0.11099999999995447,0.2549999999999919,0.14700000000003044,0.3779999999999717,0.3479999999999883,0.2310000000000212,0.5340000000000078,-0.017999999999984695,0.34200000000002895,-0.26699999999996393,
-0.3976000000000006,0.05620000000000047,-0.5757999999999992,-1.0535999999999994,-0.9845000000000006,0.13320000000000043,0.7454000000000001,-0.6471999999999998,-0.14019999999999921,-0.44149999999999956,0.49500000000001876,-0.0840000000000174,0.6959999999999766,0.35399999999997434,1.0410000000000252,-0.8850000000000158,-0.6690000000000129,0.6869999999999976,-0.24300000000001987,0.3509999999999813,
-0.3811,0.05339999999999989,-0.5526,-0.9497999999999998,-1.0418000000000003,0.1036999999999999,0.7230999999999996,-0.6242999999999999,-0.4298000000000002,-0.14829999999999988,0.027000000000043656,0.40500000000001535,0.8550000000000324,0.45600000000000307,0.10800000000001475,0.24299999999999322,0.33299999999999663,0.18299999999999983,0.21600000000000286,0.08399999999999075,
-0.38019999999999854,0.0669000000000004,-0.5240999999999989,-0.9345999999999997,-1.0381999999999998,0.11179999999999968,0.7341999999999995,-0.6181999999999999,-0.4226000000000001,-0.14550000000000018,0.06599999999995276,0.20400000000000418,0.6119999999999592,0.30899999999997263,0.2609999999999779,-0.03899999999998904,0.0,0.7679999999999954,0.5969999999999942,0.11699999999999378,
-0.3780000000000001,0.07370000000000054,-0.5037000000000003,-0.9243000000000006,-1.0295000000000005,0.11050000000000004,0.7341999999999995,-0.5926,-0.4027000000000003,-0.1416000000000004,-0.05399999999998073,0.2069999999999972,0.3390000000000093,-0.15599999999995617,-0.18899999999998585,0.4589999999999961,0.1890000000000125,0.3390000000000093,0.5310000000000148,0.768000000000022,
-0.37979999999999947,0.08060000000000045,-0.49239999999999995,-0.9294999999999991,-0.13470000000000049,0.1257999999999999,0.7404999999999999,-0.5812999999999997,-0.3849999999999998,-1.0071000000000003,0.041999999999955406,-0.16500000000004178,0.48899999999997945,-0.3360000000000163,-0.23999999999997357,0.2519999999999989,-0.04199999999998205,0.2699999999999836,-0.2970000000000006,0.5490000000000261,
-0.37840000000000096,0.07509999999999906,-0.47610000000000063,-0.1426999999999996,-0.9406999999999996,0.13419999999999987,0.7391000000000005,-0.5723000000000003,-0.9887999999999995,-0.3948999999999998,0.4620000000000424,0.6150000000000055,0.023999999999997357,0.4679999999999751,0.6479999999999819,0.03600000000002268,0.2699999999999836,-0.07799999999997809,0.09299999999999642,0.09900000000000908,
-0.36299999999999955,-0.4753000000000007,0.09559999999999924,-0.12710000000000043,-0.9191000000000003,0.13540000000000063,-0.5748999999999995,0.7481,-0.9856999999999996,-0.3915999999999995,0.2609999999999779,0.8880000000000088,-0.387000000000004,0.0059999999999860165,-0.45300000000001006,0.2699999999999836,0.2609999999999779,0.1949999999999985,1.2929999999999975,0.1259999999999728,
-0.3543000000000003,-0.44570000000000043,0.08269999999999911,-0.1269000000000009,-0.9342000000000006,0.14440000000000008,-0.5662000000000003,0.7545999999999999,-0.9425999999999997,-0.3874000000000004,0.2579999999999849,-0.11999999999998678,-0.12299999999997979,0.20100000000001117,-0.329999999999977,0.7290000000000063,0.8939999999999948,0.746999999999991,1.4369999999999816,0.6000000000000139,
-0.3457000000000008,-0.4497,0.07859999999999978,-0.12020000000000053,-0.9451999999999998,0.1687000000000003,-0.5364000000000004,0.7794999999999996,-0.8947000000000003,-0.36739999999999995,-0.13799999999994483,0.22500000000000853,-0.05999999999996675,0.0420000000000087,0.2130000000000365,0.4890000000000061,0.3540000000000276,0.3210000000000246,0.6600000000000072,0.8939999999999948,
-0.35029999999999895,-0.4421999999999997,0.07660000000000089,-0.11880000000000024,-0.9380999999999986,0.1850000000000005,-0.5245999999999995,0.7902000000000005,-0.8727,-0.3376000000000001,-0.024000000000050647,0.09599999999998943,-0.024000000000050647,-0.14399999999998414,-0.4740000000000677,0.14099999999999113,0.38399999999998435,0.011999999999998678,0.743999999999998,0.31200000000001893,
-0.35110000000000063,-0.43900000000000006,0.0757999999999992,-0.12359999999999971,-0.9539000000000009,0.1897000000000002,-0.5118,0.7906000000000004,-0.8479000000000001,-0.3271999999999995,0.2970000000000006,0.18599999999999284,-0.14099999999999113,-0.05100000000004101,0.02100000000000435,-0.1649999999999885,0.702000000000016,-0.12300000000000644,0.9090000000000131,-0.16500000000001513,
-0.3412000000000006,-0.4328000000000003,0.0710999999999995,-0.12530000000000108,-0.9532000000000007,0.18420000000000059,-0.4883999999999995,0.7865000000000002,-0.8175999999999997,-0.3327,-0.06299999999995975,-0.23999999999997357,0.08100000000002439,0.10200000000002873,0.045000000000054996,-0.07800000000000473,-0.1890000000000125,0.10800000000001475,-0.389999999999997,0.16200000000002213,
-0.3432999999999993,-0.4407999999999994,0.07380000000000031,-0.12190000000000012,-0.9516999999999989,0.18160000000000043,-0.4946999999999999,0.7901000000000007,-0.8305999999999996,-0.32729999999999926,0.03599999999996939,0.1259999999999728,-0.41100000000000136,-0.6059999999999732,-0.4740000000000144,-0.5670000000000108,-0.03000000000001002,-0.6180000000000252,0.2759999999999696,1.115999999999957,
-0.3421000000000003,-0.4366000000000003,0.060100000000000264,-0.14209999999999923,-0.9674999999999994,0.16270000000000007,-0.49570000000000025,0.7694999999999999,-0.8214000000000006,-0.2901000000000007,0.20100000000001117,-0.4710000000000214,-0.8039999999999914,0.03299999999997638,-0.6720000000000326,-0.26399999999999757,0.5250000000000021,-0.11699999999999378,0.0420000000000087,0.15300000000001646,
-0.3353999999999999,-0.45230000000000103,0.03330000000000055,-0.14100000000000001,-0.9899000000000004,0.15390000000000015,-0.4782000000000002,0.7656000000000001,-0.8200000000000003,-0.28500000000000014,-0.3390000000000093,-0.05099999999998772,-0.41700000000004067,-0.771000000000015,-0.45600000000000307,-0.5940000000000012,-0.387000000000004,-0.6089999999999929,-0.27300000000000324,0.13500000000000512,
-0.34670000000000023,-0.4540000000000006,0.019399999999999196,-0.16670000000000051,-1.0051000000000005,0.1341000000000001,-0.4911000000000003,0.7453000000000003,-0.8291000000000004,-0.28049999999999997,0.23400000000004084,0.2640000000000242,-0.40499999999996206,0.09900000000003573,-0.2999999999999936,-0.5879999999999885,0.4590000000000227,-0.381000000000018,-0.21899999999999586,-0.4979999999999851,
-0.33889999999999887,-0.4451999999999998,0.00590000000000046,-0.16339999999999932,-1.0151000000000003,0.11450000000000049,-0.47579999999999956,0.7325999999999997,-0.8364000000000003,-0.2970999999999995,-0.4830000000000467,-0.4230000000000267,-0.5460000000000065,-0.39900000000002933,-0.7889999999999731,-0.2940000000000076,-0.49500000000001876,-0.7949999999999857,-0.14099999999999113,0.4649999999999821,
-0.3550000000000004,-0.4593000000000007,-0.012299999999999756,-0.1767000000000003,-1.0413999999999994,0.10470000000000024,-0.4923000000000002,0.7061000000000002,-0.8411,-0.2816000000000001,0.33000000000003027,-0.13799999999994483,0.1290000000000191,-0.2549999999999919,-0.0420000000000087,-0.21000000000001684,-0.18299999999999983,0.008999999999979025,-0.46200000000001573,-0.31500000000001194,
-0.3439999999999994,-0.46389999999999887,-0.007999999999999119,-0.18520000000000003,-1.0427999999999997,0.09769999999999968,-0.4984000000000002,0.7063999999999995,-0.8565000000000005,-0.29210000000000047,-0.19500000000002515,-0.3330000000000233,-0.831000000000035,-0.4770000000000074,-1.7639999999999922,-0.44399999999997775,-0.026999999999990365,-0.722999999999967,-0.04799999999996807,0.03600000000002268,
-0.35050000000000026,-0.03570000000000029,-0.47499999999999964,-0.20110000000000028,-1.1015999999999995,0.08290000000000042,0.6823000000000006,-0.49929999999999986,-0.8580999999999994,-0.2908999999999997,-0.18599999999999284,-0.31500000000001194,-0.5400000000000205,-0.6899999999999906,-1.0440000000000182,-0.13500000000000512,-0.4230000000000267,-0.25800000000001155,-0.12300000000000644,0.9119999999999795,
-0.3567,-0.046200000000000685,-0.4930000000000003,-0.22409999999999997,0.6824999999999992,0.07840000000000025,0.6681999999999997,-0.5079000000000002,-0.8621999999999996,0.9075999999999995,-0.13799999999999812,-0.09599999999998943,0.20100000000001117,0.3420000000000023,-0.0389999999999624,0.3420000000000023,-0.14399999999998414,0.01800000000001134,0.4649999999999821,-0.3149999999999853,
-0.36129999999999995,-0.04940000000000033,-0.48629999999999995,-0.2126999999999999,0.386000000000001,0.08980000000000032,0.6634000000000002,-0.5072999999999999,-0.8467000000000002,-1.0526,0.48299999999999343,-0.23999999999997357,-0.19199999999997885,-0.0870000000000104,0.5489999999999462,-0.2879999999999949,-0.710999999999995,-0.21899999999999586,-0.4349999999999721,0.34800000000001496,
-0.3452000000000002,-0.05739999999999945,-0.49269999999999925,-0.21560000000000024,0.6829000000000001,0.0802000000000005,0.6397000000000004,-0.5145999999999997,-0.8611999999999993,0.8818000000000001,-0.4979999999999585,0.23699999999998056,-0.20400000000000418,-0.044999999999948415,0.08100000000002439,0.33599999999998964,-0.1949999999999985,0.3479999999999883,0.5219999999999825,0.3479999999999883,
-0.3617999999999988,-0.0495000000000001,-0.4994999999999994,-0.21709999999999852,0.3886000000000003,0.09140000000000015,0.6332000000000004,-0.5030000000000001,-0.8437999999999999,-1.0198999999999998,0.4319999999999524,-0.1649999999999885,0.40499999999996206,0.3869999999999507,0.45000000000001705,-0.045000000000001705,0.21899999999999586,-0.1949999999999985,-0.1890000000000125,-0.0420000000000087,
-0.3474000000000004,-0.054999999999999716,-0.48600000000000065,-0.20420000000000016,0.40360000000000085,0.08990000000000009,0.6405000000000003,-0.5095000000000001,-0.8501000000000003,-1.0213,-0.1289999999999658,0.10500000000002174,-0.4259999999999664,0.026999999999990365,0.05099999999998772,1.2149999999999928,0.0059999999999860165,1.235999999999997,1.3560000000000105,1.8840000000000057,
-0.35169999999999924,-0.05149999999999899,-0.5001999999999995,-0.20330000000000048,0.40530000000000044,0.13039999999999985,0.6406999999999998,-0.46830000000000016,-0.8049,-0.9584999999999999,-0.4290000000000127,-0.39900000000002933,-0.27899999999998926,-0.07199999999999207,-0.40500000000001535,0.6450000000000156,-0.2519999999999989,0.20400000000000418,-0.03000000000001002,0.7259999999999867,
-0.36599999999999966,-0.06479999999999997,-0.5094999999999992,-0.20570000000000022,0.3917999999999999,0.15190000000000037,0.6322999999999999,-0.4615,-0.8059000000000003,-0.9343000000000004,0.1649999999999885,0.05400000000003402,0.10499999999996845,0.24300000000001987,0.3420000000000023,0.5639999999999912,0.023999999999997357,1.0889999999999933,1.029,0.9630000000000205,
-0.36050000000000004,-0.06299999999999883,-0.5060000000000002,-0.19759999999999955,0.4032,0.17070000000000007,0.6330999999999998,-0.42520000000000024,-0.7716000000000003,-0.9021999999999997,0.09600000000004272,0.9419999999999895,0.12300000000003308,0.6390000000000029,0.4650000000000354,0.78599999999998,0.1049999999999951,0.6390000000000029,0.8280000000000154,1.523999999999992,
-0.3572999999999986,-0.031599999999999184,-0.5018999999999991,-0.17629999999999946,0.4187000000000012,0.1968999999999994,0.6365999999999996,-0.40390000000000015,-0.7439999999999998,-0.8513999999999999,0.0059999999999860165,-0.36899999999999267,0.11999999999998678,0.27599999999999625,0.2639999999999709,0.6869999999999976,0.4019999999999957,0.8519999999999861,0.7409999999999783,0.8249999999999957,
-0.3570999999999991,-0.49789999999999957,-0.04389999999999894,-0.16709999999999958,0.4275000000000002,0.21979999999999933,-0.3755000000000006,0.6499999999999995,-0.7193000000000005,-0.8239000000000001,-0.5099999999999838,-0.2910000000000146,0.1259999999999728,-0.3059999999999796,-0.39899999999997604,0.030000000000036664,-0.15599999999995617,-0.15899999999997583,-0.4199999999999804,0.2190000000000225,
-0.37409999999999854,-0.5076,-0.039699999999999847,-0.1772999999999989,0.414200000000001,0.22080000000000055,-0.38069999999999915,0.6447000000000003,-0.7332999999999998,-0.8165999999999993,0.32399999999999096,-0.05099999999998772,0.9990000000000165,0.9689999999999799,0.5759999999999899,0.9240000000000048,1.3619999999999965,-0.07800000000000473,1.4730000000000043,1.5749999999999797,
-0.36329999999999885,-0.5092999999999996,-0.006399999999999295,-0.14499999999999957,0.4334000000000007,0.2516000000000007,-0.33529999999999927,0.6421000000000001,-0.6841999999999997,-0.7641,0.041999999999955406,0.48899999999997945,0.44699999999997075,0.7349999999999923,0.24600000000001288,0.6929999999999836,1.172999999999984,0.09000000000000341,0.9539999999999882,1.020000000000021,
-0.36190000000000033,-0.4930000000000003,0.00849999999999973,-0.12049999999999983,0.4416000000000011,0.27470000000000017,-0.2961999999999998,0.6451000000000002,-0.6524000000000001,-0.7300999999999993,-0.8969999999999878,-0.39299999999999,-0.008999999999979025,-0.05699999999997374,-0.20100000000001117,0.11699999999999378,1.197000000000008,-0.0420000000000087,0.6059999999999999,0.7409999999999783,
-0.3917999999999999,-0.5061,0.00820000000000043,-0.12239999999999895,0.43490000000000073,0.27859999999999996,-0.25629999999999953,0.6436999999999999,-0.6322000000000001,-0.7054,0.27300000000000324,-0.3719999999999857,0.4199999999999804,0.5879999999999619,0.5489999999999995,-0.07499999999998508,0.15600000000000946,-0.14699999999997715,0.6150000000000055,0.41100000000000136,
-0.3826999999999998,-0.5184999999999995,-0.10280000000000022,0.022199999999999775,0.4532000000000007,0.27610000000000046,-0.2510999999999992,-0.6116999999999999,0.6388000000000007,-0.6917,0.389999999999997,0.06600000000000605,-0.10199999999997544,0.5370000000000275,0.18899999999998585,0.06899999999997242,1.0709999999999553,0.5309999999999881,-0.1680000000000348,0.6269999999999776,
-0.3696999999999999,-0.5162999999999993,-0.1061999999999994,0.04010000000000069,0.45950000000000024,0.27839999999999954,-0.2154000000000007,-0.5940000000000003,0.6331999999999995,-0.6708000000000007,-0.2670000000000172,-0.2580000000000382,0.23999999999997357,0.07199999999993878,0.029999999999983373,0.054000000000007375,-0.24899999999997924,0.31200000000001893,0.00900000000000567,-0.2699999999999836,
-0.3786000000000005,-0.5249000000000006,-0.09820000000000029,0.04249999999999865,0.4604999999999997,0.2801999999999998,-0.2237,-0.5835999999999997,0.6334999999999997,-0.6798000000000002,-0.719999999999974,-0.8159999999999634,0.40200000000002234,0.7050000000000622,-0.03599999999996939,-0.1529999999999898,1.4550000000000196,0.7620000000000093,-0.6119999999999859,0.732000000000026,
-0.4025999999999996,-0.08479999999999954,-0.5520999999999994,0.06600000000000072,0.4593000000000007,0.2751000000000001,-0.5581999999999994,-0.17519999999999936,0.6131000000000002,-0.6553999999999993,0.1709999999999745,-0.08100000000002439,-0.4649999999999821,-0.0420000000000087,0.32099999999999795,-0.4949999999999921,0.3029999999999866,0.0029999999999930083,-0.8699999999999974,-0.05100000000001437,
-0.3969000000000005,-0.08750000000000036,0.06460000000000043,-0.5675999999999988,0.47000000000000064,0.2586000000000004,-0.5480999999999998,0.5841000000000003,-0.1750999999999996,-0.6570999999999998,-0.48899999999997945,-0.023999999999997357,-0.09899999999998244,-0.31800000000000495,0.03599999999996939,-0.5849999999999955,-0.4049999999999887,-0.30600000000000627,-0.1920000000000055,-0.2850000000000019,
-0.4131999999999998,-0.08830000000000027,0.06130000000000102,-0.5781999999999989,0.4711999999999996,0.23910000000000053,-0.5615999999999994,0.5739000000000001,-0.18149999999999977,-0.6665999999999999,0.13799999999994483,0.6419999999999959,0.2909999999999613,-0.5520000000000458,0.335999999999963,0.1709999999999745,0.3149999999999853,0.035999999999996035,0.48599999999998644,0.351000000000008,
-0.40860000000000163,-0.0669000000000004,0.07099999999999973,-0.5966000000000005,0.4823999999999984,0.24479999999999968,-0.5510999999999999,0.5751,-0.16530000000000022,-0.6548999999999996,-0.995999999999917,-0.7769999999999477,-0.3839999999999577,-0.9299999999999642,-0.2129999999999299,-0.6389999999999763,0.10500000000002174,-0.6209999999999916,-0.09599999999998943,-0.05999999999999339,
-0.44179999999999886,-0.09279999999999866,0.05820000000000114,-0.6275999999999993,0.4753000000000007,0.22350000000000048,-0.5475999999999992,0.5544000000000002,-0.16849999999999987,-0.6568999999999994,1.0919999999999597,1.0019999999999563,0.8279999999999355,1.052999999999944,0.2879999999999683,0.09299999999999642,-0.3090000000000259,-0.26100000000000456,-0.2940000000000076,0.07199999999999207,
-0.4054000000000002,0.08579999999999899,-0.05940000000000012,-0.5925000000000011,0.48489999999999966,0.22660000000000036,0.5457000000000001,-0.5579000000000001,-0.17830000000000013,-0.6544999999999996,-1.100999999999992,0.0840000000000174,-0.023999999999997357,-0.30899999999997263,0.7349999999999923,-0.22199999999998887,-0.36299999999998,0.5640000000000178,0.39000000000002366,0.45300000000001006,
-0.44209999999999994,0.08859999999999957,-0.06020000000000003,-0.6028000000000002,0.5093999999999994,0.21920000000000073,0.5336000000000007,-0.5390999999999995,-0.16529999999999934,-0.6393999999999993,-0.378000000000025,0.5609999999999715,-0.06899999999999906,0.1679999999999815,0.4619999999999891,-0.2310000000000212,-0.5700000000000305,-0.34500000000002196,-0.2580000000000382,0.0389999999999624,
-0.45470000000000077,0.10729999999999862,-0.0625,-0.5972000000000008,0.524799999999999,0.21150000000000002,0.5145999999999997,-0.5506000000000002,-0.1739000000000006,-0.6381000000000006,-0.11100000000000776,-0.10499999999996845,0.05699999999997374,-0.22800000000000153,0.06300000000001305,0.2999999999999936,0.12300000000000644,0.4410000000000114,0.1260000000000261,0.2670000000000172,
-0.45840000000000103,0.10379999999999967,-0.060600000000000875,-0.6048000000000009,0.5268999999999995,0.2214999999999998,0.5186999999999999,-0.5358999999999998,-0.16969999999999974,-0.6292,-0.7889999999999731,-0.09899999999998244,0.015000000000018332,-0.23999999999997357,0.11699999999999378,-0.13499999999997847,-0.08399999999999075,0.09600000000001607,0.24600000000001288,0.5130000000000035,
0.10050000000000026,-0.48470000000000013,-0.060100000000000264,-0.6128,0.5307999999999993,0.5159000000000002,0.21700000000000053,-0.5326999999999993,-0.1614999999999993,-0.6120999999999999,1.1310000000000286,0.44700000000002404,0.6960000000000299,0.5880000000000152,0.45900000000004937,-0.28500000000002856,0.6239999999999846,0.46499999999995545,0.1289999999999658,0.4649999999999821,
-0.03689999999999927,0.1382000000000012,-0.46979999999999933,-0.5931999999999995,0.5461000000000009,-0.5172000000000008,0.5063999999999993,0.2378,-0.15720000000000045,-0.5966000000000005,-0.1710000000000278,-0.4710000000000214,-0.33000000000003027,-0.21000000000004349,-0.006000000000039307,-0.10199999999997544,0.3510000000000346,-0.0629999999999864,-0.1289999999999658,0.0030000000000196536,
-0.04260000000000019,0.1225000000000005,-0.48080000000000034,-0.600200000000001,0.5458999999999996,-0.5206,0.5181000000000004,0.23570000000000046,-0.1614999999999993,-0.5964999999999998,-0.045000000000001705,0.2069999999999972,-1.1790000000000234,-0.9839999999999982,0.5010000000000048,0.782999999999987,0.11099999999998111,0.8939999999999682,-0.15900000000002912,1.2569999999999748,
-0.04410000000000025,0.1294000000000004,-0.5201000000000011,-0.6330000000000009,0.5625999999999998,-0.4945000000000004,0.5217999999999998,0.2654999999999994,-0.16680000000000028,-0.5546000000000006,0.4740000000000144,0.2909999999999613,0.1680000000000348,0.2610000000000312,0.9090000000000131,0.8160000000000167,0.15600000000000946,0.28500000000002856,0.6360000000000099,0.6210000000000448,
-0.02829999999999977,0.1390999999999991,-0.5145,-0.6242999999999999,0.5929000000000002,-0.4672999999999998,0.5270000000000001,0.27500000000000036,-0.14559999999999995,-0.5338999999999992,0.4139999999999944,0.4589999999999961,-0.381000000000018,0.10499999999996845,0.2609999999999779,0.746999999999991,0.2069999999999972,0.5969999999999942,-0.03000000000001002,1.430999999999969,
-0.014499999999999957,0.15439999999999898,-0.5272000000000006,-0.6208000000000009,0.6015999999999995,-0.4424000000000001,0.5339,0.29490000000000016,-0.14660000000000029,-0.4862000000000002,0.4740000000000144,0.2640000000000242,0.3870000000000573,-0.07499999999993179,0.5310000000000414,0.384000000000011,-0.48599999999998644,0.18000000000000682,-0.011999999999972033,0.19800000000001816,
0.001300000000000523,0.1631999999999998,-0.5142999999999986,-0.6232999999999986,0.6193000000000008,-0.42959999999999976,0.5177000000000005,0.3009000000000004,-0.14699999999999935,-0.4795999999999996,0.8489999999999931,0.8610000000000184,-0.2970000000000006,-0.24900000000000588,0.5670000000000108,0.8939999999999682,0.49199999999997246,0.6659999999999666,0.7919999999999661,1.0799999999999876,
0.029600000000000293,0.1919000000000004,-0.5241999999999987,-0.6315999999999988,0.6382000000000012,-0.3998000000000008,0.5340999999999996,0.3230999999999993,-0.12060000000000048,-0.4436,-0.027000000000043656,0.2939999999999543,0.07199999999993878,0.18899999999993256,0.07499999999993179,-0.06599999999997941,-0.2129999999999832,-0.3059999999999796,-0.18899999999998585,-0.32099999999999795,
0.028699999999998838,0.20169999999999888,-0.5218000000000007,-0.6253000000000011,0.6406999999999989,-0.40200000000000014,0.5270000000000001,0.31289999999999996,-0.1269,-0.4542999999999999,0.6240000000000379,0.3029999999999866,-0.1260000000000261,-0.2549999999999919,0.8610000000000184,0.6120000000000125,-0.5130000000000035,0.2940000000000076,0.21000000000001684,1.8780000000000197,
0.0495000000000001,0.21179999999999843,-0.5260000000000016,-0.6338000000000008,0.6693999999999996,-0.3815999999999997,0.5099,0.3227000000000002,-0.11989999999999945,-0.39169999999999927,0.2190000000000225,0.9090000000000664,-0.44399999999992446,-0.4229999999999734,0.5460000000000065,0.24599999999998623,-0.14399999999998414,0.27599999999999625,-0.4260000000000197,0.8879999999999821,
0.05680000000000085,0.24210000000000065,-0.5407999999999991,-0.6478999999999999,0.6875999999999998,-0.3734000000000002,0.5051000000000005,0.3319000000000001,-0.1341000000000001,-0.36209999999999987,-0.045000000000054996,0.3809999999999647,-1.0470000000000645,-0.438000000000045,0.3719999999999857,-0.2099999999999902,-0.27000000000001023,0.05999999999999339,-0.46200000000001573,0.5159999999999965,
0.05529999999999902,0.25479999999999947,-0.5757000000000012,-0.6625000000000014,0.6999999999999993,-0.38039999999999985,0.4961000000000002,0.33389999999999986,-0.14950000000000063,-0.3449,0.22500000000000853,0.23099999999999454,-0.14999999999997016,-0.15299999999996317,0.05099999999998772,-0.24900000000000588,-0.43500000000002537,-0.12899999999999245,-0.752999999999977,0.4199999999999804,
0.0627999999999993,0.2624999999999993,-0.5807000000000002,-0.6676000000000002,0.7016999999999989,-0.38870000000000005,0.48159999999999936,0.3296000000000001,-0.17459999999999987,-0.33090000000000064,-0.01799999999995805,0.1680000000000348,-0.5729999999999968,-0.6390000000000029,0.5280000000000484,-0.3300000000000036,-0.6509999999999749,-0.16500000000001513,-1.2720000000000198,0.6840000000000046,
0.0622000000000007,0.26810000000000045,-0.5998000000000001,-0.6889000000000003,0.7193000000000005,-0.39970000000000017,0.4599000000000002,0.3240999999999996,-0.21700000000000053,-0.3081000000000005,0.11999999999998678,0.329999999999977,-0.0029999999999930083,-0.15600000000000946,-0.05400000000003402,-0.384000000000011,-0.30300000000001326,-0.02100000000000435,-0.21899999999999586,-0.21899999999999586,
0.06620000000000026,0.2790999999999997,-0.5998999999999999,-0.6941000000000006,0.7174999999999994,-0.41250000000000053,0.44979999999999976,0.32339999999999947,-0.2243000000000004,-0.31540000000000035,-0.33000000000003027,0.18000000000000682,-1.9170000000000087,-1.1939999999999884,0.12299999999997979,-1.457999999999986,-1.454999999999993,-1.131000000000002,-3.0600000000000094,-0.6390000000000029,
0.05519999999999925,0.2850999999999999,-0.6638000000000002,0.7215999999999987,-0.7339000000000002,-0.46110000000000007,0.4013,0.2856999999999994,-0.33670000000000044,-0.3263000000000007,0.329999999999977,0.9959999999999702,0.1679999999999815,0.7470000000000176,-0.012000000000025324,-0.2340000000000142,-0.9810000000000052,-0.2069999999999972,-0.05099999999998772,-1.0109999999999886,
0.06619999999999848,0.3182999999999989,-0.6582000000000008,-0.7343000000000011,0.7464999999999993,-0.46890000000000054,0.3685999999999998,0.2787999999999995,-0.3600000000000003,-0.33840000000000003,0.27300000000005653,0.4290000000000127,-0.6209999999999916,-0.2999999999999936,0.5790000000000362,-0.9449999999999825,-0.8670000000000044,-0.39299999999999,-1.6650000000000098,-0.4469999999999974,
0.33259999999999934,0.07530000000000037,-0.6789000000000005,0.7658000000000005,-0.7443000000000008,0.33969999999999967,-0.5004,0.2656999999999998,-0.35329999999999995,-0.41550000000000065,0.6930000000000369,0.4770000000000074,0.0900000000000567,0.7589999999999897,-0.044999999999948415,-1.2539999999999818,-0.8160000000000167,-0.5130000000000035,-0.31500000000001194,-1.7669999999999852,
0.35570000000000057,0.09120000000000061,-0.6758999999999986,0.7911000000000001,-0.7457999999999991,0.2979000000000003,-0.5276000000000005,0.2485999999999997,-0.36380000000000035,-0.47440000000000015,0.8670000000000044,0.20400000000000418,0.13799999999994483,0.9449999999999825,-0.05700000000002703,-0.3300000000000036,0.28200000000003556,0.05100000000001437,0.2670000000000172,-0.746999999999991,
0.3846000000000007,0.09800000000000075,-0.6713000000000005,0.8225999999999996,-0.7477,0.28690000000000015,-0.5181999999999993,0.2503000000000002,-0.35489999999999977,-0.49929999999999986,-0.22500000000000853,0.3330000000000233,0.14400000000003743,0.28200000000003556,0.2580000000000382,-0.014999999999991687,-0.13800000000002477,0.0629999999999864,-0.23099999999999454,-0.07199999999999207,
0.37710000000000043,0.10910000000000153,-0.6664999999999992,-0.7390999999999988,0.8320000000000007,0.28640000000000043,-0.5228000000000002,0.25239999999999974,-0.5016999999999996,-0.3625999999999996,1.0529999999999973,0.728999999999953,0.24299999999996658,-0.28200000000003556,1.3200000000000145,-0.6660000000000199,0.3420000000000023,1.5240000000000187,-1.875,0.743999999999998,
0.41220000000000034,0.13339999999999996,-0.6584000000000003,-0.7484999999999999,0.8760000000000012,0.26419999999999977,-0.5114000000000001,0.30320000000000036,-0.5641999999999996,-0.33779999999999966,0.33299999999997,-0.03299999999997638,0.023999999999997357,-0.45300000000001006,0.3839999999999577,-0.741000000000005,-0.16800000000000814,0.1079999999999881,-1.056000000000017,-0.14100000000001778,
0.42329999999999934,0.13230000000000075,-0.6576000000000004,0.8887999999999998,-0.31649999999999956,0.2394999999999996,-0.5170000000000003,0.30679999999999996,-0.34250000000000025,-0.9249999999999998,1.5090000000000003,0.7290000000000063,0.6690000000000396,0.9060000000000201,0.48599999999998644,-0.5759999999999899,-0.07800000000000473,0.7650000000000023,-0.6659999999999933,-0.6900000000000173,
0.47359999999999935,0.15660000000000096,-0.6352999999999991,0.9190000000000005,-0.3003,0.22029999999999994,-0.5196000000000005,0.33230000000000004,-0.3647,-0.9480000000000004,1.1640000000000583,0.5940000000000012,0.15900000000000247,1.1489999999999867,0.2610000000000312,-0.5219999999999825,-0.22499999999998188,0.6989999999999963,0.35700000000002063,-0.686999999999971,
0.5124000000000013,0.176400000000001,-0.629999999999999,-0.29159999999999897,0.27220000000000155,0.20290000000000052,-0.5270999999999999,0.3555999999999999,-0.9708999999999994,-0.9802999999999997,1.097999999999999,0.389999999999997,1.1339999999999684,0.6360000000000099,0.8909999999999485,-0.27300000000000324,0.12300000000000644,1.4069999999999983,-0.5700000000000038,0.12899999999999245,
0.1894000000000009,0.5490000000000013,-0.5922000000000001,0.30189999999999984,-0.27039999999999864,-0.5229999999999997,0.19380000000000042,0.40249999999999986,-0.976,-0.9898999999999996,-0.24000000000002686,-0.5940000000000545,-0.09300000000004971,-0.32700000000003726,-0.16200000000004877,0.18000000000000682,0.065999