-0.43929999999999936,-1.0004999999999997,-1.6203999999999992,-1.6664999999999992,0.8311000000000002,0.7523,1.203800000000001,-0.22269999999999968,0.1756000000000011,1.5416000000000007,1.3199999999999878,1.4759999999999973,1.7729999999999713,0.9299999999999908,1.383000000000001,0.4290000000000127,0.2849999999999753,0.18000000000000682,0.14699999999997715,0.4769999999999808,
-0.39529999999999976,-0.9512999999999998,-1.5613000000000001,-1.6354999999999995,0.8772000000000002,0.7666000000000004,1.2133000000000003,-0.21669999999999945,0.18050000000000033,1.5575,0.5460000000000065,0.39299999999999,0.3960000000000097,0.5069999999999908,0.13199999999998546,0.2970000000000006,-0.0870000000000104,0.43799999999999173,0.49199999999997246,-0.054000000000007375,
-0.37709999999999955,-0.9382000000000001,-1.5480999999999998,-1.6185999999999998,0.8815999999999997,0.7765000000000004,1.2104,-0.20209999999999972,0.1968999999999994,1.5556999999999999,0.8009999999999717,0.8849999999999891,1.0799999999999876,0.5249999999999755,0.8280000000000154,-0.17399999999996751,0.048000000000048004,-0.11699999999999378,-0.15899999999994918,0.01800000000001134,
-0.3504000000000005,-0.9087000000000005,-1.5121000000000002,-1.6011000000000006,-1.5821000000000005,0.7707000000000015,1.2120000000000015,-0.20599999999999952,0.1916000000000011,0.8624000000000009,0.18600000000001948,-0.14099999999999113,-0.23399999999998755,-0.03899999999998904,0.13500000000000512,0.10199999999997544,-0.05700000000002703,0.05999999999996675,0.17699999999996052,-0.027000000000043656,
-0.34419999999999984,-0.9134000000000002,-1.5198999999999998,-1.6024000000000003,0.9077000000000002,0.7741000000000007,1.2101000000000006,-0.20400000000000063,0.1974999999999998,1.5495999999999999,0.7679999999999954,0.8640000000000114,0.8879999999999821,0.5790000000000095,0.8669999999999778,-0.10500000000002174,0.10199999999997544,0.012000000000025324,-0.07799999999997809,0.1049999999999951,
-0.3186,-0.8845999999999998,-1.4903000000000004,-1.5831,-1.5498000000000003,0.7706,1.2134999999999998,-0.20359999999999978,0.19490000000000052,0.8643999999999998,0.7830000000000137,1.2090000000000067,1.3080000000000158,0.6450000000000156,0.9960000000000235,-0.029999999999983373,-0.015000000000018332,0.27000000000001023,0.27599999999999625,0.19199999999997885,
-0.29249999999999954,-1.4466999999999999,-0.8442999999999996,-1.5615999999999994,-1.5165999999999995,0.7696000000000005,-0.19459999999999944,1.2129999999999992,0.2041000000000004,0.8707999999999991,1.775999999999991,2.02799999999999,1.0919999999999863,1.2809999999999722,1.6709999999999692,-0.28800000000002157,-0.1680000000000348,-0.2099999999999902,-0.2579999999999849,-0.31499999999995865,
-0.23329999999999984,-1.3791000000000002,-0.8079000000000001,-1.5189000000000004,-1.4609000000000005,0.7599999999999998,-0.2002000000000006,1.2059999999999995,0.1955000000000009,0.8603000000000005,0.8729999999999905,1.20899999999998,1.5059999999999807,0.741000000000005,0.743999999999998,-0.23099999999999454,0.0420000000000087,-0.32399999999999096,0.0059999999999860165,-0.19500000000002515,
-0.20420000000000016,-1.3388000000000009,-0.7577000000000007,-1.4942000000000002,-1.4361000000000006,0.7523,-0.1988000000000003,1.1951999999999998,0.19570000000000043,0.8537999999999997,1.1520000000000064,1.431000000000049,1.1370000000000413,0.9270000000000245,1.3200000000000411,0.20400000000000418,0.15600000000000946,-0.029999999999983373,0.31799999999995165,-0.14699999999997715,
-0.16579999999999995,-1.2910999999999992,-0.7197999999999993,-1.4632999999999994,-1.3920999999999992,0.7591000000000001,-0.1936,1.1942000000000004,0.20629999999999882,0.8489000000000004,-0.18000000000000682,0.05099999999998772,-0.2310000000000212,0.06899999999999906,-0.30300000000001326,-0.03600000000002268,-0.13500000000000512,-0.048000000000048004,-0.18299999999999983,0.041999999999955406,
-0.17180000000000017,-1.2893999999999997,-0.7275,-1.4609999999999994,-1.4021999999999997,0.7578999999999994,-0.19810000000000016,1.1925999999999988,0.20019999999999882,0.850299999999999,1.164000000000005,0.8759999999999835,1.064999999999996,0.8969999999999878,1.0500000000000043,-0.3420000000000023,-0.03600000000002268,-0.19499999999997186,-0.12299999999997979,-0.11099999999995447,
-0.133,-1.2602000000000002,-0.6920000000000002,-1.4310999999999998,-1.3671999999999995,0.7464999999999993,-0.19930000000000092,1.1860999999999997,0.1960999999999995,0.8466000000000005,0.9120000000000061,1.3650000000000162,0.743999999999998,0.7739999999999814,0.8039999999999914,-0.07199999999999207,0.1320000000000121,-0.1290000000000191,-0.22500000000000853,-0.3030000000000399,
-0.1025999999999998,-1.2146999999999997,-0.6672000000000002,-1.4053000000000004,-1.3403999999999998,0.7440999999999995,-0.19490000000000052,1.181799999999999,0.1885999999999992,0.8364999999999991,2.1330000000000116,2.3760000000000048,1.9470000000000187,1.797000000000022,1.3680000000000092,-0.33299999999997,-0.3390000000000093,-0.44099999999998474,-0.31499999999995865,-0.31800000000000495,
-0.03149999999999942,-1.1354999999999995,-0.6022999999999996,-1.3453999999999997,-1.2947999999999995,0.7330000000000005,-0.20620000000000083,1.1670999999999996,0.1781000000000006,0.825899999999999,0.5849999999999955,0.9179999999999922,0.6899999999999906,0.4440000000000044,0.4320000000000057,-0.5460000000000065,-0.18899999999998585,-0.3059999999999796,-0.3030000000000399,-0.14999999999997016,
-0.011999999999999567,-1.1048999999999998,-0.5792999999999999,-1.3305999999999996,-1.2803999999999993,0.7148000000000003,-0.21250000000000036,1.1569000000000003,0.16799999999999926,0.8209,1.0919999999999863,1.1579999999999924,1.0529999999999973,0.6419999999999693,0.44999999999996376,-0.24900000000000588,0.03300000000002967,-0.1710000000000278,-0.329999999999977,-0.11999999999998678,
0.024399999999999977,-1.0663,-0.5442,-1.3092000000000006,-1.2654000000000005,0.7065000000000001,-0.21139999999999937,1.1511999999999993,0.15700000000000003,0.8169000000000004,-0.2370000000000072,0.014999999999991687,-0.07199999999999207,-0.014999999999991687,-0.22199999999998887,-0.32099999999999795,-0.3900000000000503,-0.014999999999965041,-0.20400000000000418,-0.07200000000004536,
0.016499999999999737,-1.0658000000000003,-0.5465999999999998,-1.3097000000000003,-1.2728000000000002,0.6958000000000002,-0.22440000000000104,1.1507000000000005,0.1501999999999999,0.8144999999999989,1.0500000000000043,1.2869999999999848,0.9029999999999738,1.034999999999986,0.5999999999999872,0.1709999999999745,0.2999999999999936,-0.07200000000004536,0.387000000000004,-0.0809999999999711,
0.05149999999999988,-1.0229000000000008,-0.5165000000000006,-1.2752000000000008,-1.2528000000000006,0.7014999999999993,-0.21440000000000126,1.148299999999999,0.16310000000000002,0.8117999999999999,0.9269999999999978,1.3500000000000245,0.6990000000000229,0.768000000000022,0.49500000000001876,-0.5879999999999619,-0.1619999999999422,-0.36299999999995336,-0.8519999999999861,-0.1289999999999658,
0.0823999999999998,-0.9779,-0.49319999999999986,-1.2496,-1.2363,0.6819000000000006,-0.21979999999999933,1.1362000000000005,0.13470000000000049,0.807500000000001,1.2929999999999975,1.4759999999999973,1.0829999999999806,0.8670000000000044,-0.24300000000001987,-0.1800000000000601,0.5939999999999479,0.5519999999999392,0.09299999999994313,1.1999999999999744,
0.12549999999999972,-0.9287000000000001,-1.2207,-0.4571000000000005,-1.2444000000000006,0.6758999999999986,-0.20000000000000107,0.1377999999999986,1.1545999999999985,0.8475000000000001,0.4619999999999891,0.8639999999999848,0.15599999999998282,0.4589999999999961,0.30600000000000627,-0.1199999999999335,0.03300000000002967,0.12300000000003308,0.22500000000006182,0.2640000000000242,
0.14089999999999936,-0.8999000000000006,-1.2155000000000005,-0.44180000000000064,-1.2342000000000004,0.6719000000000008,-0.19890000000000008,0.1418999999999997,1.1621000000000006,0.856300000000001,0.6060000000000265,1.2990000000000101,0.20100000000001117,0.25200000000002554,-0.04199999999998205,-0.2160000000000295,0.01800000000001134,-0.09599999999998943,0.5129999999999768,0.31799999999995165,
0.16110000000000024,-0.8566000000000003,-1.2088,-0.4333999999999998,-1.2355999999999998,0.6646999999999998,-0.1982999999999997,0.13870000000000005,1.1791999999999998,0.8668999999999993,-0.11700000000002042,0.2370000000000072,-0.0629999999999864,-0.19800000000001816,-0.2370000000000072,-0.19799999999996487,0.24600000000001288,-0.026999999999990365,-0.23099999999999454,-0.05699999999997374,
0.15719999999999956,-0.8487,-1.2108999999999996,-0.4400000000000004,-1.2435,0.658100000000001,-0.19009999999999927,0.13780000000000037,1.1715,0.8650000000000002,0.4349999999999987,0.029999999999983373,0.19799999999999152,0.387000000000004,-0.5519999999999925,0.2639999999999709,0.23999999999997357,0.1679999999999815,0.6360000000000099,0.5010000000000048,
0.17169999999999952,-0.8477000000000006,-1.2043,-0.42710000000000026,-1.2618999999999998,0.6669,-0.18210000000000015,0.14339999999999975,1.1927000000000003,0.8817000000000004,0.3690000000000193,1.506000000000034,0.3390000000000093,0.6150000000000322,-0.1649999999999885,-0.27600000000004954,0.19799999999996487,0.2549999999999919,0.8999999999999808,0.39299999999999,
0.18400000000000016,-0.7974999999999994,-1.1929999999999996,-0.4065999999999992,-1.2673999999999994,0.6576999999999984,-0.17550000000000132,0.15189999999999948,1.2226999999999997,0.8948,0.5879999999999885,0.011999999999972033,0.33599999999998964,-0.18300000000002647,-1.5570000000000217,-0.8369999999999678,-0.08699999999995711,-0.7409999999999783,0.6090000000000195,-0.20400000000000418,
0.20359999999999978,-0.7971000000000004,-1.1818,-0.41270000000000007,-1.3193000000000001,0.6297999999999995,-0.1783999999999999,0.1272000000000002,1.2430000000000003,0.8879999999999999,0.6539999999999946,1.1489999999999867,0.5669999999999842,0.8549999999999791,-0.045000000000001705,-0.8069999999999844,-0.31800000000000495,-0.0809999999999711,0.5069999999999908,-0.06300000000001305,
0.2253999999999996,-0.7588000000000008,-1.1629000000000005,-0.38420000000000076,-1.3208000000000002,0.6029,-0.18900000000000006,0.12450000000000117,1.2599,0.8858999999999995,0.3270000000000106,0.25800000000001155,0.4440000000000044,0.40800000000000836,-0.27300000000000324,-0.6659999999999933,-0.5610000000000248,-0.3540000000000276,0.1320000000000121,-0.5190000000000161,
0.23629999999999995,-0.7502000000000004,-1.1481000000000003,-0.3706000000000005,-1.3299000000000003,0.5807000000000002,-0.20770000000000088,0.11270000000000024,1.2643000000000004,0.8685999999999989,0.1649999999999885,-0.07500000000001172,0.10200000000000209,-0.1529999999999898,0.06899999999999906,0.19799999999996487,0.3480000000000416,0.32099999999999795,0.4979999999999585,0.2610000000000312,
0.24179999999999957,-0.7527000000000008,-1.1447000000000003,-0.37570000000000014,-1.3276000000000003,0.587299999999999,-0.1960999999999995,0.12340000000000018,1.280899999999999,0.8773,0.24300000000001987,0.9090000000000131,0.10500000000002174,-0.0059999999999860165,0.02700000000001701,-1.115999999999957,-0.4290000000000127,-0.40800000000000836,-0.12299999999997979,-0.5219999999999558,
0.24990000000000023,-0.7224000000000004,-1.1411999999999995,-0.3758999999999997,-1.3266999999999998,0.5501000000000005,-0.21039999999999992,0.1097999999999999,1.2767999999999997,0.8599000000000014,0.37799999999999834,-0.23399999999998755,0.38099999999999135,0.09899999999998244,0.18899999999998585,-1.1610000000000653,-1.3260000000000538,-0.5370000000000275,-0.12000000000004007,-0.6570000000000675,
0.2625000000000002,-0.7302,-1.1284999999999998,-0.37260000000000026,-1.3204000000000002,0.5113999999999983,-0.2546000000000017,0.09189999999999898,1.2727999999999984,0.8379999999999992,0.7349999999999923,0.17399999999999416,1.2449999999999761,-0.06600000000000605,-0.6360000000000099,-1.499999999999968,-1.6049999999999365,-0.6839999999999513,0.36300000000005994,-0.16199999999999548,
0.2869999999999999,-0.7244000000000002,-1.0870000000000006,-0.37480000000000047,-1.3416000000000006,0.46139999999999937,-0.3080999999999996,0.0691000000000006,1.2849000000000004,0.8325999999999993,0.14399999999998414,0.22800000000000153,0.9300000000000175,-0.356999999999994,-0.8249999999999957,-0.5249999999999488,-1.100999999999992,-0.33000000000003027,-0.20400000000000418,-0.2909999999999613,
0.2917999999999994,-0.7168000000000001,-1.056,-0.38670000000000027,-1.3691000000000004,0.44390000000000107,-0.34479999999999933,0.058099999999999596,1.2781000000000002,0.8229000000000006,0.3390000000000093,0.4139999999999944,0.15300000000001646,0.09900000000000908,0.24300000000001987,-1.0110000000000419,-1.617000000000015,-0.3420000000000023,-1.407000000000025,-0.1680000000000348,
0.3030999999999997,-0.7030000000000003,-1.0508999999999995,-0.38339999999999996,-1.3609999999999998,0.4101999999999997,-0.39869999999999983,0.04669999999999952,1.2311999999999994,0.8172999999999995,-0.07499999999998508,0.17100000000000115,0.2309999999999679,0.05999999999999339,-0.5190000000000161,0.18599999999999284,0.5579999999999785,0.49500000000001876,0.702000000000016,0.35399999999997434,
0.3006000000000002,-0.6973000000000003,-1.0432000000000006,-0.3814000000000002,-1.3783000000000003,0.41639999999999944,-0.38010000000000055,0.06320000000000014,1.2546,0.8290999999999986,-0.20100000000001117,0.16199999999999548,0.09300000000002306,-0.31800000000000495,-0.7200000000000006,-1.559999999999988,-1.4520000000000266,-0.4680000000000284,-1.2750000000000128,0.28200000000003556,
0.29389999999999983,-0.6919000000000004,-1.0400999999999998,-0.39200000000000035,-0.11549999999999994,0.36439999999999984,-0.42850000000000144,0.0475999999999992,1.2120999999999995,1.6220999999999988,0.5489999999999995,0.3690000000000193,0.4169999999999874,0.4410000000000114,0.6449999999999889,-0.4259999999999664,-0.9599999999999476,-0.33299999999997,-1.1669999999999447,-1.3079999999999359,
0.3121999999999998,-0.6795999999999998,-1.0262000000000002,-0.37729999999999997,-0.0940000000000003,0.35020000000000095,-0.4604999999999997,0.0365000000000002,1.1732000000000014,1.578500000000001,0.3690000000000193,0.33599999999998964,1.062000000000003,-0.23099999999999454,0.6450000000000156,-2.0940000000000225,-2.6280000000000037,-0.9330000000000105,-3.027000000000033,-2.9100000000000126,
0.32450000000000045,-0.6684000000000001,-0.9908000000000001,-0.3849999999999998,-0.07249999999999979,0.2804000000000002,-0.5480999999999998,0.005399999999999849,1.0723000000000003,1.4815000000000005,-0.36300000000000665,0.5399999999999938,-0.4890000000000061,-0.2940000000000076,0.2849999999999753,-1.172999999999984,-0.9659999999999869,-0.8909999999999485,-2.003999999999966,-1.8539999999999957,
0.31240000000000023,-0.6504000000000003,-1.0071000000000003,-0.39480000000000004,-0.06300000000000061,0.24130000000000074,-0.5802999999999994,-0.024299999999998434,1.0055000000000014,1.4197000000000006,1.1880000000000024,0.2820000000000089,1.2810000000000255,0.4440000000000044,1.2360000000000237,0.40799999999995507,-0.31200000000001893,0.24599999999995958,-0.5070000000000441,0.05699999999997374,
0.3520000000000003,-0.641,-0.9643999999999995,-0.3799999999999999,-0.02179999999999982,0.25489999999999924,-0.5907,-0.01609999999999978,0.9885999999999999,1.4215999999999998,-0.6000000000000139,-0.6539999999999946,-0.8190000000000097,-0.26100000000000456,-0.708000000000002,0.09599999999998943,-0.05700000000002703,-0.12000000000004007,0.06899999999999906,-0.43799999999999173,
0.33199999999999985,-0.6627999999999998,-0.9916999999999998,-0.38870000000000005,-0.045399999999999885,0.2580999999999989,-0.5926000000000009,-0.020100000000001117,0.9908999999999999,1.407,0.17100000000000115,0.017999999999984695,0.2159999999999762,-0.045000000000001705,0.2669999999999906,-0.5009999999999515,-0.5909999999999549,-0.5039999999999978,-1.2449999999999761,-0.5700000000000038,
0.3376999999999999,-0.6622000000000003,-0.9845000000000006,-0.3902000000000001,-0.0365000000000002,0.2414000000000005,-0.6122999999999994,-0.03690000000000104,0.9494000000000007,1.388,0.5219999999999825,0.2099999999999902,0.27000000000001023,0.2549999999999919,0.5039999999999978,-0.5850000000000222,-0.5040000000000511,-0.8549999999999791,-0.9450000000000358,-0.8790000000000031,
0.3550999999999993,-0.6552000000000007,-0.9755000000000003,-0.3817000000000004,-0.019700000000000273,0.22189999999999976,-0.6291000000000011,-0.06540000000000035,0.9178999999999995,1.3586999999999998,0.6510000000000016,0.27000000000001023,0.12599999999999945,-0.17699999999998717,1.385999999999994,-0.6090000000000195,0.20400000000000418,-0.7230000000000203,-0.765000000000029,0.3119999999999923,
0.37679999999999936,-0.6462000000000003,-0.38759999999999994,-0.9713000000000003,0.026499999999999524,0.2015999999999991,-0.622300000000001,0.8923999999999985,-0.08950000000000102,1.3690999999999995,0.378000000000025,-0.08999999999997677,-1.070999999999982,-0.2129999999999832,0.14400000000003743,-0.6359999999999566,-0.5189999999999628,-1.0589999999999833,-0.9479999999999755,-0.00900000000000567,
0.3894000000000002,-0.6491999999999996,-0.42329999999999934,-0.9783999999999997,0.03130000000000077,0.18040000000000056,-0.6395999999999997,0.8570999999999991,-0.12110000000000021,1.3687999999999994,0.9989999999999899,0.8339999999999748,-0.05400000000003402,0.7319999999999727,0.6299999999999706,-0.8160000000000167,-0.2549999999999919,-0.7499999999999574,-0.78599999999998,-0.07199999999996542,
0.42269999999999985,-0.6214000000000004,-0.4251000000000005,-0.9540000000000006,0.05229999999999979,0.1532,-0.6480999999999995,0.8321000000000005,-0.14729999999999954,1.3664000000000005,0.48599999999998644,0.18000000000000682,0.30600000000000627,0.35700000000002063,0.5940000000000012,0.2099999999999902,0.33299999999997,0.14399999999998414,0.5789999999999829,-0.011999999999998678,
0.4388999999999994,-0.6154000000000002,-0.41490000000000027,-0.9420999999999999,0.07209999999999983,0.16019999999999968,-0.6370000000000005,0.8369,-0.1280000000000001,1.3660000000000005,0.45000000000001705,0.054000000000007375,-0.9149999999999991,0.015000000000018332,0.9149999999999991,-0.9060000000000201,-0.43799999999999173,-1.1130000000000173,-1.1310000000000286,-0.6870000000000509,
0.45389999999999997,-0.6135999999999999,-0.44540000000000024,-0.9415999999999993,0.1025999999999998,0.129999999999999,-0.6516000000000002,0.7997999999999994,-0.16570000000000107,1.3430999999999989,0.9539999999999882,0.3449999999999953,0.06899999999999906,0.3959999999999564,0.779999999999994,0.20400000000005747,0.4740000000000144,-0.4739999999999611,-1.0139999999999816,0.5040000000000511,
0.4856999999999996,-0.6021000000000001,-0.44310000000000027,-0.9284000000000008,0.1285999999999996,0.13680000000000092,-0.6357999999999997,0.7840000000000007,-0.19950000000000045,1.3599000000000006,0.810000000000004,-0.19799999999999152,-0.31500000000001194,0.33000000000003027,1.8539999999999957,-0.429000000000066,0.40799999999995507,-2.2590000000000643,-0.14399999999998414,0.4979999999999585,
0.5126999999999997,-0.45360000000000067,-0.6086999999999998,-0.9173999999999998,-0.3803000000000001,0.12249999999999872,0.7086999999999986,-0.6222000000000012,-0.20429999999999993,1.2595999999999998,0.2400000000000002,-0.18599999999999284,-0.7679999999999954,0.09900000000000908,0.6899999999999906,0.435000000000052,-0.03299999999992309,0.5040000000000511,0.35700000000002063,0.2760000000000229,
0.5206999999999997,-0.45980000000000043,-0.6342999999999996,-0.9140999999999995,-0.3573000000000004,0.13700000000000045,0.7076000000000011,-0.6053999999999995,-0.19239999999999924,1.2688000000000006,0.46200000000001573,0.21300000000000985,-0.4320000000000057,-0.6990000000000229,0.6270000000000042,0.36599999999999966,-0.5100000000000371,0.11699999999999378,0.40799999999995507,-0.3630000000000333,
0.5361000000000002,-0.4527000000000001,-0.6486999999999998,-0.9374000000000002,-0.33640000000000025,0.14920000000000044,0.6905999999999999,-0.6014999999999997,-0.17880000000000074,1.2566999999999995,-0.22800000000002818,0.06599999999997941,0.26999999999995694,0.5549999999999855,-0.15600000000000946,0.39899999999997604,0.702000000000016,0.4589999999999961,0.3420000000000023,0.807000000000011,
0.5284999999999993,-0.4505000000000008,-0.6397000000000013,-0.9189000000000007,-0.34160000000000057,0.16249999999999964,0.7140000000000004,-0.5861999999999998,-0.16740000000000066,1.2835999999999999,0.44700000000002404,0.3090000000000259,0.11400000000005406,-0.2039999999999509,0.14400000000001079,0.9750000000000192,-0.4710000000000214,0.5549999999999855,1.230000000000011,0.18000000000003347,
0.5434000000000001,-0.4401999999999999,-0.6358999999999995,-0.9256999999999991,-0.3368000000000002,0.19500000000000028,0.6982999999999997,-0.5677000000000003,-0.1264000000000003,1.289600000000001,-0.06899999999999906,-0.9300000000000175,-0.7530000000000303,-0.46800000000000175,0.3360000000000163,0.05700000000002703,-0.7290000000000063,-0.26699999999996393,-0.18599999999999284,-0.6360000000000099,
0.5411000000000001,-0.4712000000000005,-0.6610000000000005,-0.9412999999999991,-0.32559999999999967,0.19690000000000119,0.6739999999999995,-0.5765999999999991,-0.13260000000000005,1.2684000000000006,1.0469999999999846,-0.3029999999999866,-0.9659999999999869,0.11999999999998678,0.8579999999999721,0.4169999999999341,-1.4340000000000153,0.0389999999999624,1.5869999999999784,-0.4500000000000437,
0.5759999999999996,-0.48130000000000006,-0.6932,-0.9372999999999996,-0.2970000000000006,0.210799999999999,0.626199999999999,-0.5753000000000004,-0.07970000000000077,1.2533999999999992,-0.03299999999997638,0.020999999999977703,0.1890000000000125,-0.4590000000000227,0.0,0.030000000000036664,-0.8099999999999774,0.7409999999999783,0.7290000000000063,-0.1649999999999885,
0.5749000000000004,-0.4806000000000008,-0.6868999999999996,-0.9526000000000003,-0.2970000000000006,0.2118000000000002,0.5991999999999997,-0.5506000000000011,-0.05540000000000056,1.2478999999999996,0.5699999999999772,0.3660000000000263,-0.13800000000002477,0.11400000000002741,-0.08999999999997677,0.4979999999999585,-0.4770000000000074,0.19500000000002515,1.0500000000000043,-0.2069999999999972,
0.5938999999999997,-0.4683999999999999,-0.6915000000000004,-0.9487999999999994,-0.2999999999999998,0.22839999999999883,0.5832999999999995,-0.5441000000000003,-0.020400000000000418,1.2409999999999997,-0.719999999999974,-0.6569999999999876,-0.8519999999999595,-0.1920000000000055,-0.09900000000000908,-0.3029999999999866,-0.1770000000000138,-0.3719999999999857,-0.05099999999998772,-0.03300000000000303,
0.5699000000000005,-0.4902999999999995,-0.7198999999999991,-0.9551999999999996,-0.3033000000000001,0.21829999999999927,0.577399999999999,-0.5564999999999998,-0.02210000000000001,1.2398999999999996,0.2579999999999849,-0.015000000000018332,-0.4260000000000197,-0.05700000000002703,0.03600000000002268,-0.20099999999995788,-0.5849999999999689,0.5370000000000275,0.5130000000000301,-0.17999999999998018,
0.5785,-0.4908000000000001,-0.7340999999999998,-0.9571000000000005,-0.30209999999999937,0.21160000000000068,0.5579000000000001,-0.5385999999999989,-0.004999999999999005,1.2339000000000002,0.414000000000021,0.06300000000001305,-0.3719999999999857,-0.0809999999999711,0.713999999999988,-0.009000000000032315,-0.5759999999999899,0.36599999999994637,1.2719999999999665,-0.23099999999999454,
0.5923000000000007,-0.4886999999999997,-0.7464999999999993,-0.9597999999999995,-0.27829999999999977,0.2112999999999996,0.5387000000000004,-0.5264000000000006,0.03739999999999988,1.2262000000000004,0.6449999999999623,-0.6930000000000369,-0.13800000000005141,0.6269999999999776,1.2539999999999552,-0.28199999999998226,-1.0799999999999876,0.1740000000000208,-0.008999999999979025,-0.4590000000000227,
0.6137999999999995,-0.5118000000000009,-0.751100000000001,-0.9389000000000003,-0.23650000000000126,0.2019000000000002,0.5027000000000008,-0.5206,0.03710000000000058,1.2108999999999996,-0.335999999999963,-1.2419999999999298,-0.8669999999999511,-1.2119999999999997,-1.049999999999951,0.2129999999999832,-0.774000000000008,0.44699999999997075,0.6539999999999679,0.7200000000000006,
0.6026000000000007,-0.5531999999999986,-0.7799999999999994,-0.9793000000000003,-0.27149999999999963,0.20899999999999963,0.47690000000000055,-0.5057000000000009,0.05889999999999951,1.2348999999999997,-0.23700000000003385,-1.083000000000034,-1.0680000000000156,-0.9300000000000175,0.18000000000000682,0.11999999999998678,-0.24000000000002686,0.20400000000000418,0.4230000000000267,0.03300000000000303,
0.5946999999999996,-0.5892999999999997,-0.8155999999999999,-1.0103000000000009,-0.2654999999999994,0.2129999999999992,0.46889999999999965,-0.4989000000000008,0.0730000000000004,1.2359999999999998,0.08399999999999075,0.5249999999999488,0.49199999999997246,0.31500000000001194,0.1289999999999658,-0.06899999999994577,-0.023999999999944066,0.048000000000048004,0.06000000000002004,0.13800000000002477,
0.5974999999999993,-0.5718000000000014,-0.7992000000000008,-0.9998000000000005,-0.26120000000000054,0.210700000000001,0.4681000000000015,-0.4972999999999992,0.07500000000000107,1.2406000000000006,0.2730000000000299,-0.17699999999996052,-0.44999999999996376,0.0840000000000174,0.3360000000000163,0.7409999999999783,-0.19200000000003214,0.708000000000002,0.5250000000000021,0.2400000000000002,
0.6066000000000003,-0.5777000000000001,-0.8141999999999996,-0.9969999999999999,-0.25,0.23540000000000028,0.46170000000000044,-0.4736999999999991,0.09250000000000114,1.2486000000000006,0.4740000000000144,-0.14099999999999113,0.3059999999999796,-0.03299999999997638,0.7440000000000246,0.9689999999999799,0.9360000000000035,1.0769999999999946,1.0139999999999816,0.5249999999999755,
0.6224000000000007,-0.5823999999999998,-0.8040000000000003,-0.9980999999999991,-0.22519999999999918,0.2676999999999996,0.49290000000000056,-0.4377999999999993,0.12630000000000052,1.2660999999999998,0.13199999999998546,-1.023000000000014,-1.6680000000000028,-0.9510000000000218,0.5279999999999951,1.4580000000000126,0.49199999999997246,2.408999999999981,2.1779999999999866,0.2879999999999949,
0.6268000000000002,-0.6165000000000003,-0.8596000000000004,-1.0297999999999998,-0.20759999999999934,0.3163,0.5092999999999996,-0.35749999999999993,0.19890000000000008,1.2756999999999996,-0.11400000000002741,-0.1649999999999885,-0.14700000000003044,0.33299999999997,0.5309999999999881,1.0139999999999816,0.3540000000000276,0.710999999999995,0.8309999999999818,0.351000000000008,
0.6229999999999993,-0.6219999999999999,-0.8645000000000014,-1.0187000000000008,-0.18989999999999974,0.3500999999999994,0.5211000000000006,-0.3338000000000001,0.22659999999999947,1.2873999999999999,-0.46200000000001573,-0.21000000000004349,-0.7499999999999574,-0.24300000000001987,0.1619999999999422,0.5850000000000222,0.1649999999999885,0.8549999999999791,0.8880000000000088,-0.03000000000001002,
0.6075999999999988,-0.6290000000000013,-0.8895,-1.0268000000000015,-0.18450000000000166,0.36960000000000015,0.5266000000000002,-0.3053000000000008,0.25619999999999976,1.2863999999999995,0.018000000000037986,0.15000000000002345,-0.2069999999999972,-0.335999999999963,0.048000000000048004,0.22500000000000853,0.23700000000003385,-0.0029999999999397176,0.02100000000000435,-0.2849999999999753,
0.6082000000000001,-0.6240000000000006,-0.8963999999999999,-1.0380000000000003,-0.18290000000000006,0.37710000000000043,0.5345000000000013,-0.3053999999999988,0.2568999999999999,1.2769000000000004,0.3449999999999953,0.05700000000002703,-0.03300000000002967,0.5250000000000021,0.6630000000000003,0.40499999999996206,-5.3290705182007514E-14,0.49499999999996547,0.6989999999999696,-0.3540000000000276,
0.6196999999999999,-0.6220999999999997,-0.8975000000000009,-1.0205000000000002,-0.16080000000000005,0.39059999999999917,0.5344999999999995,-0.28889999999999993,0.2801999999999989,1.2650999999999994,0.5489999999999995,0.3479999999999883,-0.2039999999999509,0.12300000000003308,0.9389999999999965,0.9090000000000131,0.41100000000000136,0.9030000000000271,1.0560000000000436,-0.8759999999999835,
0.6379999999999999,-0.6105,-0.9042999999999992,-1.016399999999999,-0.12950000000000017,0.4208999999999996,0.5481999999999996,-0.25879999999999903,0.31540000000000035,1.2359,0.20100000000001117,0.20100000000001117,-0.6540000000000212,0.1320000000000121,0.7890000000000263,0.5339999999999812,0.9300000000000175,0.6089999999999662,1.3439999999999586,-1.158000000000019,
0.6447000000000003,-0.6037999999999997,-0.9260999999999999,-1.0119999999999987,-0.10319999999999929,0.438699999999999,0.5792000000000002,-0.23850000000000016,0.36019999999999897,1.1972999999999994,-0.381000000000018,0.2970000000000006,-0.8009999999999984,-0.07200000000004536,0.7529999999999504,0.45900000000004937,0.20400000000000418,0.8640000000000114,0.7290000000000596,-1.1249999999999627,
0.6319999999999997,-0.5938999999999997,-0.9527999999999999,-1.0144000000000002,-0.07810000000000095,0.4540000000000006,0.5860000000000003,-0.20969999999999978,0.38450000000000095,1.1598000000000006,-0.779999999999994,-0.09900000000003573,-0.7890000000000263,-0.6269999999999776,0.35700000000002063,-0.012000000000025324,0.6360000000000099,0.834000000000028,0.9089999999999598,-0.2670000000000172,
0.6059999999999999,-0.5972000000000008,-0.9791000000000007,-1.0352999999999994,-0.06620000000000026,0.4535999999999998,0.6072000000000006,-0.18189999999999884,0.4147999999999996,1.1509,0.19800000000001816,0.0870000000000104,-0.23999999999997357,0.22199999999996223,-0.0420000000000087,0.09899999999998244,0.2579999999999849,0.1199999999999335,-0.045000000000001705,-0.28800000000002157,
0.6126000000000005,-0.5943000000000005,-0.9870999999999999,-1.0279000000000007,-0.06760000000000055,0.4568999999999992,0.6158000000000001,-0.17790000000000106,0.41329999999999956,1.1412999999999993,-0.2099999999999902,-0.9600000000000009,-0.22200000000001552,-0.23399999999998755,0.3330000000000233,0.2940000000000076,0.771000000000015,0.8670000000000577,0.4320000000000057,-0.7049999999999823,
0.6056000000000008,-0.6263000000000005,-0.9945000000000004,-0.05649999999999977,-1.0357000000000003,0.46669999999999945,0.6415000000000006,-0.14899999999999913,1.1178,0.42769999999999975,0.4619999999999891,0.9420000000000428,0.06000000000002004,0.9030000000000271,0.31200000000001893,-0.9479999999999755,0.5460000000000065,0.6239999999999846,-1.0050000000000026,0.5220000000000091,
0.6210000000000004,-0.5948999999999991,-0.9924999999999997,-0.02639999999999887,-1.0252999999999997,0.43510000000000026,0.6597000000000008,-0.12819999999999965,1.0842999999999998,0.44510000000000005,-1.8299999999999983,-0.36000000000001364,-0.06899999999999906,0.8939999999999948,0.2099999999999902,-1.077000000000048,0.7079999999999487,0.9269999999999712,-2.298,0.3449999999999953,
0.5600000000000005,-0.6068999999999996,-0.9947999999999997,0.003400000000000958,-1.0183,0.39919999999999867,0.6832999999999991,-0.09730000000000061,1.0076999999999998,0.4565999999999999,1.034999999999986,0.10500000000002174,-0.6120000000000125,0.9719999999999729,0.49200000000002575,5.3290705182007514E-14,1.152000000000033,0.378000000000025,-0.08699999999998376,0.02100000000000435,
0.5945,-0.6033999999999988,0.035800000000000054,-1.0152,-1.0018999999999991,0.39920000000000044,0.7217000000000002,1.0048000000000004,-0.08469999999999978,0.45730000000000004,0.05700000000002703,-0.012000000000025324,0.20100000000001117,0.1260000000000261,-0.05700000000002703,-0.28800000000002157,0.21600000000000286,-0.5940000000000012,0.32699999999998397,0.2910000000000146,
0.5964000000000009,-0.6037999999999997,0.042500000000000426,-1.0109999999999992,-1.0038,0.3895999999999997,0.7289000000000003,0.9850000000000003,-0.07380000000000031,0.4670000000000005,0.01799999999995805,0.31799999999995165,0.3029999999999866,-0.03600000000002268,0.27000000000001023,-0.3360000000000163,-0.417000000000014,-0.405000000000042,-0.35700000000002063,-0.4290000000000127,
0.5969999999999995,-0.5932000000000013,0.05259999999999998,-1.0122,-0.9947999999999997,0.3783999999999992,0.7149999999999999,0.9714999999999989,-0.085700000000001,0.4527000000000001,-0.40500000000001535,-0.1259999999999728,0.3839999999999577,-0.7920000000000194,-0.5010000000000048,-0.06899999999999906,-0.10200000000000209,-0.3779999999999717,0.4770000000000074,0.5339999999999812,
0.583499999999999,-0.5974000000000004,0.06539999999999857,-1.0386000000000006,-1.0114999999999998,0.3760999999999992,0.7115999999999998,0.9588999999999999,-0.06980000000000075,0.4704999999999995,0.09900000000003573,-0.0029999999999930083,0.9000000000000341,-0.1649999999999885,-0.2999999999999936,0.05099999999998772,0.5039999999999711,-0.44700000000002404,1.36199999999997,1.092000000000013,
0.5868000000000002,-0.5975000000000001,0.09539999999999971,-1.0441000000000003,-1.0214999999999996,0.3777999999999988,0.7283999999999988,0.9439999999999991,-0.024400000000001754,0.5068999999999999,-0.18299999999999983,1.0710000000000086,1.161000000000012,-0.8279999999999887,0.6269999999999776,-0.15600000000000946,0.06300000000001305,-0.5579999999999785,1.8840000000000323,1.5449999999999697,
0.5807000000000002,-0.5617999999999999,0.1341000000000001,-1.0716999999999999,-1.0006000000000004,0.3725999999999985,0.7304999999999993,0.9253999999999998,0.038399999999999324,0.5583999999999989,0.44700000000002404,0.6869999999999976,1.4430000000000476,-0.1649999999999885,0.6120000000000125,0.3360000000000696,0.6270000000000309,0.07800000000000473,0.9000000000000341,1.4820000000000633,
0.595600000000001,-0.5388999999999999,0.1822000000000017,-1.0771999999999995,-0.9802,0.3838000000000008,0.7514000000000003,0.9279999999999999,0.06840000000000046,0.607800000000001,0.17399999999996751,0.14399999999998414,0.8399999999999608,0.5969999999999942,0.07799999999997809,0.4199999999999804,0.18299999999999983,-0.7919999999999927,0.8939999999999948,0.9929999999999772,
0.6013999999999999,0.2102000000000004,-0.5341000000000005,-1.0572999999999997,-0.9776000000000007,0.39780000000000015,0.9016000000000002,0.7575000000000003,0.09820000000000029,0.6409000000000002,-0.3420000000000023,-0.1320000000000121,0.18900000000003914,-0.5640000000000178,-0.09899999999998244,-0.3509999999999813,0.4589999999999961,0.12899999999999245,-0.0809999999999711,-0.07799999999997809,
0.5899999999999999,-0.5277999999999992,0.20579999999999998,-1.0761000000000003,-0.9809000000000001,0.3861000000000008,0.7618,0.9169,0.09550000000000125,0.638300000000001,0.03900000000001569,0.05099999999998772,0.375000000000032,-0.2159999999999762,0.11100000000000776,0.31500000000001194,0.7980000000000054,-0.2639999999999709,0.7409999999999783,1.004999999999976,
0.5913000000000004,0.21830000000000105,-0.5260999999999996,-1.0832999999999995,-0.9771999999999998,0.3966000000000012,0.908100000000001,0.7884000000000002,0.12020000000000053,0.6718000000000002,-0.2129999999999832,0.8039999999999914,0.0420000000000087,0.02100000000000435,0.5460000000000065,-0.1770000000000671,-0.5640000000000445,0.39899999999997604,0.5099999999999838,0.9329999999999838,
0.5842000000000009,0.24510000000000076,-0.5246999999999993,-1.0825999999999993,-0.9589999999999996,0.39069999999999894,0.8892999999999995,0.8016999999999994,0.1372,0.7028999999999996,0.731999999999946,1.7909999999999826,1.2689999999999735,0.2099999999999902,0.7019999999999627,-0.32699999999998397,-1.0859999999999737,0.22800000000002818,0.831000000000035,0.8100000000000307,
0.6085999999999991,0.3048000000000002,-0.48240000000000016,-1.0755999999999997,-0.9356000000000009,0.37979999999999947,0.8531000000000004,0.8093000000000004,0.16490000000000116,0.7299000000000007,-0.5940000000000012,0.32699999999998397,-0.32699999999998397,-0.7830000000000403,-0.6329999999999636,-1.6919999999999469,-0.5879999999999885,-0.2879999999999949,0.5940000000000012,0.30600000000000627,
0.5887999999999991,0.31569999999999965,-0.4932999999999996,-1.101700000000001,-0.9566999999999997,0.32340000000000124,0.8335000000000008,0.7997000000000005,0.1847000000000012,0.7401000000000009,0.5280000000000484,1.224000000000025,1.0559999999999903,0.6960000000000299,0.7410000000000316,-0.5970000000000475,-1.2420000000000364,-0.34200000000002895,0.36599999999994637,-0.5490000000000528,
0.6064000000000007,0.3565000000000005,-0.45809999999999995,-1.0785,-0.9319999999999986,0.30349999999999966,0.7920999999999996,0.7882999999999996,0.1968999999999994,0.7217999999999991,-0.1680000000000348,-0.09000000000000341,0.11100000000000776,-0.31500000000001194,-0.28200000000003556,0.4290000000000127,0.4499999999999904,0.4410000000000114,0.2640000000000242,0.4440000000000044,
0.6007999999999996,0.35350000000000037,-0.4543999999999997,-1.0890000000000004,-0.9413999999999998,0.3178000000000001,0.8070999999999993,0.8029999999999999,0.20570000000000022,0.7365999999999993,-0.09000000000000341,0.8489999999999931,0.4320000000000057,0.2519999999999989,0.09299999999999642,-0.8760000000000367,-0.8460000000000001,-0.6960000000000299,0.0839999999999641,-0.4800000000000004,
0.5977999999999994,0.38180000000000014,-0.4399999999999995,-1.0806000000000004,-0.9382999999999999,0.28859999999999886,0.7788999999999993,0.7797999999999989,0.20849999999999902,0.7205999999999992,-0.27299999999994995,0.5850000000000222,0.3390000000000093,0.048000000000048004,0.11999999999998678,-1.1609999999999587,-1.0889999999999933,0.16200000000002213,-0.05399999999998073,-0.8129999999999971,
0.5887000000000011,0.4013000000000009,-0.4286999999999992,-1.0789999999999988,-0.9343000000000004,0.24990000000000023,0.7425999999999995,0.7851999999999997,0.20669999999999966,0.6934999999999993,-0.6120000000000658,0.5519999999999392,-0.28500000000002856,0.722999999999967,0.5250000000000021,-2.141999999999964,-1.9769999999999488,-0.9269999999999712,1.2450000000000294,-1.36199999999997,
0.5682999999999989,0.41969999999999885,-0.43820000000000014,-1.0549,-0.9168000000000003,0.17850000000000144,0.6767000000000012,0.7543000000000006,0.24820000000000064,0.6481000000000003,0.07199999999999207,0.7200000000000273,1.0769999999999946,0.8849999999999625,0.8309999999999818,-2.2710000000000896,-1.848000000000063,-1.3470000000000315,-0.825000000000049,-0.9870000000000445,
0.5706999999999987,0.44369999999999976,-0.4023000000000003,-1.0254000000000012,-0.8891000000000009,0.10279999999999845,0.6150999999999991,0.7093999999999996,0.220699999999999,0.6151999999999989,-0.40499999999996206,0.14099999999999113,0.029999999999983373,-0.722999999999967,-0.708000000000002,-1.1279999999999824,-1.7069999999999919,-0.06300000000001305,-0.3059999999999796,-0.4019999999999957,
0.5571999999999999,0.44839999999999947,-0.4013000000000009,-1.0495,-0.912700000000001,0.06519999999999904,0.5581999999999994,0.7072999999999992,0.2104999999999997,0.601799999999999,0.3360000000000163,0.15300000000001646,0.03300000000002967,0.7589999999999897,0.5580000000000318,0.4290000000000127,0.27599999999999625,-0.09900000000000908,0.2519999999999989,0.02100000000000435,
0.5684000000000005,0.4535,-0.4001999999999999,-1.0242000000000004,-0.8940999999999999,0.07949999999999946,0.5673999999999992,0.7039999999999988,0.21889999999999965,0.6024999999999991,-0.4260000000000197,0.19500000000002515,0.3059999999999796,-0.387000000000004,-0.4679999999999751,-1.5179999999999794,-1.214999999999966,-0.5219999999999558,0.15000000000002345,-0.7139999999999613,
0.5541999999999998,0.46000000000000085,-0.39000000000000057,-1.0371000000000006,-0.9096999999999991,0.028900000000000148,0.5269000000000004,0.6866000000000003,0.22390000000000043,0.5787000000000004,0.36599999999999966,1.0379999999999256,1.0559999999999903,1.0050000000000026,0.7649999999999224,-0.4290000000000127,-0.729000000000033,0.04799999999996807,0.15899999999994918,0.2609999999999779,
0.5663999999999998,0.4945999999999984,-0.3548000000000009,-1.0036000000000005,-0.8842000000000017,0.014599999999999724,0.5025999999999993,0.6881999999999993,0.22919999999999874,0.5873999999999997,0.48600000000003973,2.0100000000000584,1.8720000000000603,1.7280000000000229,0.9750000000000725,-1.5210000000000257,-1.877999999999993,0.25500000000001855,0.28500000000002856,-0.738000000000012,
0.5826000000000011,0.5616000000000003,-0.2923999999999989,-0.9459999999999997,-0.8516999999999992,-0.03610000000000113,0.4399999999999995,0.6966999999999999,0.2386999999999997,0.5627999999999993,0.23699999999998056,0.4260000000000197,-0.1260000000000261,-0.09599999999998943,0.43799999999999173,-0.5579999999999785,-1.1880000000000024,-0.21300000000000985,-0.24600000000001288,-0.47399999999998776,
0.5905000000000005,0.575800000000001,-0.29659999999999975,-0.9491999999999994,-0.8370999999999995,-0.054700000000000415,0.4003999999999994,0.6895999999999995,0.23049999999999926,0.5469999999999997,-0.31800000000005824,0.8279999999999355,0.7979999999999521,0.4199999999999804,0.0029999999999930083,0.05099999999998772,-0.5580000000000052,0.7530000000000037,0.3960000000000097,0.36599999999999966,
0.5798999999999985,0.6033999999999988,-0.27000000000000135,-0.9352,-0.8369999999999997,-0.053000000000000824,0.38179999999999925,0.7146999999999997,0.24369999999999958,0.5591999999999997,0.5490000000000528,0.2970000000000539,0.5130000000000834,0.4830000000000467,0.8670000000000044,0.381000000000018,-0.08999999999995012,0.0030000000000196536,0.831000000000035,0.2160000000000295,
0.5982000000000003,0.6133000000000006,-0.25289999999999857,-0.9190999999999985,-0.8080999999999996,-0.040300000000000225,0.3788000000000009,0.7148000000000003,0.27140000000000075,0.5664000000000007,0.3059999999999796,0.4109999999999481,0.0839999999999641,0.6209999999999383,0.6869999999999976,-0.9509999999999685,-1.1190000000000033,-0.47399999999998776,-0.5220000000000091,-0.702000000000016,
0.6083999999999996,0.6269999999999989,-0.25009999999999977,-0.8984000000000005,-0.7851999999999997,-0.07199999999999918,0.3415000000000008,0.6990000000000007,0.25400000000000045,0.5430000000000001,-0.1649999999999885,-0.020999999999951058,0.6899999999999906,0.3330000000000233,0.0420000000000087,-0.20400000000000418,-0.6840000000000312,0.5579999999999785,0.32699999999998397,0.1499999999999968,
0.6029,0.6263000000000005,-0.22710000000000008,-0.8872999999999998,-0.7837999999999994,-0.07879999999999932,0.31869999999999976,0.7176,0.2648999999999999,0.548,0.2940000000000076,1.1489999999999867,0.8489999999999931,1.5149999999999864,1.7130000000000045,-1.0470000000000113,-1.7969999999999953,-0.7560000000000233,-0.08099999999999774,0.09599999999998943,
0.6127000000000002,0.6646000000000001,-0.1988000000000003,-0.8368000000000002,-0.7266999999999992,-0.11369999999999969,0.2587999999999999,0.6923999999999992,0.2622,0.5511999999999997,0.5940000000000012,0.14699999999997715,0.2069999999999972,1.0559999999999903,0.5609999999999715,-0.8670000000000044,-0.6479999999999819,-0.5579999999999785,-0.08699999999998376,-0.19799999999999152,
0.6325000000000003,-0.1919000000000004,0.6694999999999993,-0.8016000000000005,-0.7080000000000002,-0.14259999999999984,0.6738,0.23720000000000052,0.25930000000000053,0.5446,-0.5880000000000152,0.3719999999999857,-0.06300000000001305,0.2639999999999709,-0.09299999999999642,-0.8460000000000001,-1.0110000000000152,-0.7710000000000417,-0.37200000000003897,-0.30300000000001326,
0.6128999999999998,-0.17950000000000088,0.6673999999999989,-0.7928000000000015,-0.7111000000000001,-0.17079999999999984,0.6400999999999994,0.21149999999999913,0.24689999999999923,0.5344999999999995,0.5310000000000414,0.8040000000000447,0.5610000000000248,0.36000000000006693,0.5279999999999951,0.2610000000000312,0.1080000000000414,-0.03599999999996939,0.1560000000000361,0.07800000000003138,
0.6306000000000012,-0.1526999999999994,0.6860999999999997,-0.7807999999999993,-0.6935000000000002,-0.1620999999999988,0.6437000000000008,0.21030000000000015,0.25210000000000043,0.5371000000000006,0.14999999999997016,0.8999999999999808,0.4320000000000057,0.9990000000000165,0.6060000000000265,-0.3420000000000023,0.07499999999998508,0.05999999999999339,-0.09000000000000341,0.15900000000000247,
-0.12270000000000003,0.6356000000000002,0.7004999999999999,-0.7474999999999987,-0.6732999999999993,0.6462000000000003,-0.17349999999999888,0.21229999999999993,0.24910000000000032,0.5424000000000007,0.3360000000000163,-0.5819999999999759,0.41100000000000136,0.6989999999999696,0.5279999999999951,-1.1520000000000064,-0.8820000000000228,-0.8520000000000127,-0.0840000000000174,-0.6840000000000312,
-0.11149999999999949,0.616200000000001,0.7142,-0.7241999999999997,-0.6556999999999995,0.6078000000000001,-0.20289999999999964,0.1838999999999995,0.24629999999999974,0.5195999999999996,0.7319999999999993,-1.2450000000000294,0.13500000000000512,0.8339999999999748,1.0229999999999606,-0.3270000000000106,-1.1219999999999963,-0.78599999999998,-0.2069999999999972,-0.8399999999999874,
-0.08709999999999951,0.5747,0.7187000000000001,-0.6964000000000006,-0.6216000000000008,0.5968999999999998,-0.24029999999999951,0.15770000000000017,0.23939999999999984,0.49160000000000004,0.722999999999967,-0.19200000000003214,0.05099999999998772,0.8790000000000298,1.1430000000000007,-0.2129999999999832,-0.3119999999999923,0.12599999999999945,-0.2669999999999906,-0.3270000000000106,
-0.06300000000000061,0.5682999999999989,-0.6670999999999996,0.7203999999999997,-0.5835000000000008,0.5898000000000003,-0.25069999999999926,0.23050000000000015,0.16190000000000015,0.4806999999999997,0.822000000000056,0.05400000000003402,0.8640000000000114,0.8100000000000307,0.9450000000000358,-0.22500000000000853,-0.33299999999999663,0.054000000000007375,0.3089999999999993,-0.05099999999998772,
-0.035599999999998744,0.5701,-0.6382999999999992,-0.5519999999999996,0.7474000000000007,0.5823,-0.26179999999999914,0.2323000000000004,0.4790000000000001,0.17220000000000013,0.5849999999999689,0.5940000000000012,0.6239999999999846,0.6719999999999793,0.5459999999999532,0.06600000000000605,0.23699999999995391,0.38399999999998435,-0.006000000000012662,-0.4019999999999957,
-0.01609999999999978,0.5899000000000001,-0.6174999999999997,-0.5296000000000003,0.7655999999999992,0.5845000000000002,-0.2539000000000007,0.24509999999999987,0.47879999999999967,0.15880000000000027,0.03900000000001569,-0.9149999999999991,-0.18899999999998585,0.06900000000005235,-0.3719999999999324,-0.22200000000001552,-0.6270000000000042,-0.3360000000000163,-0.11400000000000077,0.2639999999999709,
-0.014799999999999258,0.5594000000000001,-0.6237999999999992,-0.5272999999999985,0.7532000000000014,0.5770999999999997,-0.2748000000000008,0.23389999999999933,0.47499999999999964,0.1675999999999993,0.9479999999999755,-0.2549999999999919,0.6869999999999976,1.040999999999972,0.43799999999999173,0.45600000000000307,-0.32699999999998397,0.1949999999999985,-0.047999999999994714,0.8670000000000044,
0.016799999999999926,0.5509000000000004,-0.6008999999999993,-0.4925999999999995,0.7678000000000011,0.5922999999999998,-0.2857000000000003,0.24039999999999928,0.4733999999999998,0.19649999999999945,1.2179999999999858,-0.23700000000003385,1.1519999999999797,1.4099999999999646,0.3839999999999577,-0.27300000000000324,0.11699999999999378,-0.18899999999998585,-0.16199999999999548,0.5640000000000178,
0.05739999999999945,-0.5625,0.5429999999999993,-0.44560000000000066,0.7805999999999997,0.5831999999999997,0.23409999999999975,-0.2818000000000005,0.46799999999999997,0.21530000000000005,0.6420000000000492,0.7470000000000176,-0.4739999999999611,0.8910000000000551,0.14100000000004442,-0.9120000000000061,-0.27599999999999625,-0.17100000000000115,-0.6210000000000182,0.1709999999999745,
0.07880000000000109,-0.5375999999999994,0.5272000000000006,-0.4158999999999988,-0.22029999999999994,0.5527999999999995,0.22489999999999988,-0.28750000000000053,0.44729999999999936,0.7603999999999997,0.0059999999999860165,-0.39299999999999,-0.6479999999999819,0.39899999999997604,0.4349999999999987,0.2340000000000142,-0.1529999999999898,0.03300000000000303,-0.07499999999998508,-0.0029999999999930083,
0.07900000000000063,0.5056000000000012,-0.5506999999999991,-0.4025999999999996,-0.20579999999999998,0.5606,-0.28640000000000043,0.21980000000000022,0.44479999999999986,0.7603,0.3749999999999787,0.6299999999999706,0.4679999999999751,0.5430000000000135,0.19800000000001816,-0.2129999999999832,0.06300000000003969,0.1499999999999968,0.054000000000007375,0.40800000000000836,
0.09149999999999991,-0.5350999999999999,-0.3844999999999992,0.5266000000000002,-0.19919999999999938,0.5535000000000005,0.2248000000000001,0.4466000000000001,-0.2842999999999991,0.7739000000000003,0.0870000000000104,-0.2879999999999683,0.39599999999998303,-0.6449999999999889,0.7500000000000107,-0.49800000000001177,-0.4979999999999851,-0.17100000000000115,-0.1890000000000125,-0.37500000000000533,
0.09440000000000026,-0.37129999999999974,0.5051000000000005,-0.5446999999999989,-0.17419999999999902,0.5369000000000002,0.44090000000000007,-0.2905999999999995,0.2082000000000006,0.7614000000000001,1.3350000000000328,1.224000000000025,-0.18299999999999983,0.8819999999999695,1.7039999999999722,-0.1499999999999968,0.23099999999999454,0.8159999999999901,0.33899999999998265,0.1529999999999898,
0.13890000000000136,-0.3304999999999989,-0.5152999999999999,0.49900000000000055,-0.11739999999999995,0.5319000000000003,0.4485999999999999,0.21950000000000003,-0.26339999999999986,0.7664999999999997,0.5429999999999602,0.2670000000000172,-0.5039999999999978,-0.8729999999999905,0.5580000000000318,-0.9869999999999912,-0.43799999999999173,-0.32399999999999096,0.3360000000000163,0.02700000000001701,
0.15700000000000003,0.4699000000000009,-0.32159999999999833,-0.5320999999999998,-0.09879999999999889,0.49900000000000055,-0.2521999999999993,0.43400000000000016,0.20870000000000033,0.7674000000000003,0.44100000000003803,0.4290000000000127,0.9119999999999528,0.7260000000000133,1.3230000000000075,-0.5519999999999925,0.38999999999997037,-0.4169999999999874,0.1890000000000125,-0.14399999999998414,
0.1717000000000013,-0.2911999999999999,0.4842000000000013,-0.5078999999999994,-0.05469999999999864,0.4806000000000008,0.4201000000000006,-0.2392000000000003,0.21500000000000075,0.7626000000000008,0.44399999999997775,0.5969999999999942,-0.31200000000001893,-0.32700000000003726,0.3869999999999507,-0.34800000000001496,-0.3270000000000106,0.4680000000000284,-0.00900000000000567,0.11999999999998678,
-0.2713000000000001,0.18650000000000055,0.47380000000000067,-0.5188000000000006,0.7211999999999996,0.40920000000000023,0.4690000000000003,-0.22359999999999935,0.21470000000000056,0.2160000000000002,0.2879999999999683,0.008999999999979025,-0.07800000000003138,0.1320000000000121,0.24600000000001288,-0.15300000000001646,0.0,-0.04800000000002136,-0.1320000000000121,0.029999999999983373,
-0.26170000000000115,0.18679999999999986,0.4711999999999996,-0.5144000000000002,0.7294,0.4040999999999997,0.4690000000000003,-0.22520000000000007,0.21030000000000015,0.21699999999999964,0.435000000000052,0.012000000000025324,-0.3509999999999813,0.13500000000000512,-0.3479999999999883,0.381000000000018,0.0059999999999860165,0.7650000000000023,0.5790000000000095,0.36599999999999966,
-0.24719999999999942,0.45950000000000024,0.1872000000000007,-0.5099,0.7178000000000004,0.4168000000000003,-0.1997,0.46919999999999984,0.22960000000000047,0.22919999999999963,-0.41100000000005465,-0.40800000000000836,0.05999999999996675,-0.7500000000000107,-0.777000000000001,-0.25200000000002554,0.356999999999994,-0.6930000000000103,-0.06000000000002004,-0.8159999999999901,
0.44589999999999996,0.1891999999999996,-0.26090000000000124,-0.5349000000000004,0.6919000000000004,-0.1878000000000002,0.4460999999999995,0.40839999999999943,0.2275999999999998,0.20199999999999996,-0.5430000000000135,0.384000000000011,1.3410000000000721,0.1710000000000278,-0.11100000000000776,0.05100000000001437,-0.6929999999999836,0.34200000000002895,0.36000000000001364,-0.18599999999999284,
0.4277999999999995,0.20199999999999996,-0.21619999999999884,-0.5291999999999994,0.6882000000000001,-0.1860999999999997,0.42300000000000004,0.4198000000000004,0.23960000000000026,0.1958000000000002,0.048000000000048004,0.07199999999999207,0.33299999999997,-0.19500000000002515,-0.3059999999999796,0.5789999999999829,-0.15900000000000247,-0.8220000000000027,0.39299999999999,-0.5760000000000165,
-0.20509999999999984,0.4294000000000011,0.2043999999999997,-0.5357000000000003,0.6780000000000008,0.3924000000000003,-0.16680000000000028,0.41769999999999996,0.2526999999999999,0.17659999999999965,0.4169999999999874,-0.8730000000000437,-0.3029999999999866,-0.13500000000000512,-0.36600000000005295,0.32399999999999096,0.19500000000002515,-0.07799999999997809,0.36599999999999966,-0.20699999999997054,
0.40029999999999966,-0.19120000000000026,0.19430000000000014,-0.5402000000000005,0.6657999999999991,-0.16029999999999944,0.4032,0.4151000000000007,0.2648999999999999,0.16970000000000063,-0.23399999999998755,-0.3449999999999953,0.2879999999999683,-0.2940000000000076,-0.17399999999996751,-0.03000000000001002,0.15600000000000946,-0.09900000000000908,0.06899999999999906,0.14699999999997715,
0.39250000000000007,-0.2027000000000001,0.20389999999999908,-0.5500000000000007,0.6600000000000001,-0.16129999999999978,0.4084000000000003,0.4118000000000004,0.2671999999999999,0.17459999999999987,-0.40800000000000836,-0.13799999999999812,0.012000000000025324,-0.4619999999999358,-0.18299999999999983,-0.07800000000000473,-0.24299999999999322,-0.18000000000000682,-0.057000000000000384,-0.3119999999999923,
0.3788999999999998,-0.20730000000000004,0.20429999999999993,-0.5653999999999986,0.6539000000000001,-0.16389999999999993,0.40030000000000054,0.40580000000000016,0.26529999999999987,0.16420000000000012,-0.2970000000000006,0.19500000000002515,0.27000000000001023,-0.6570000000000142,-0.1649999999999885,-0.06300000000001305,0.0059999999999860165,-0.42000000000000703,-0.035999999999996035,-0.2850000000000019,
0.3689999999999998,0.21330000000000027,-0.2007999999999992,-0.587299999999999,0.30100000000000016,-0.16600000000000037,0.3917999999999999,0.4005000000000001,0.2641,-0.5877999999999997,0.09299999999999642,0.047999999999994714,0.1709999999999745,-0.27300000000000324,-0.1649999999999885,-0.08699999999998376,-0.008999999999979025,0.03900000000001569,-0.2729999999999766,-0.2669999999999906,
0.37209999999999965,0.2149000000000001,-0.19510000000000005,-0.5963999999999992,0.29550000000000054,-0.16889999999999983,0.3915000000000006,0.4018000000000006,0.2550000000000008,-0.5966999999999993,-0.07799999999997809,0.335999999999963,-0.3540000000000276,-0.5820000000000292,-0.18299999999999983,-0.27300000000000324,-0.2790000000000159,-0.00900000000000567,-0.7170000000000076,-0.09900000000003573,
0.3695000000000004,0.22609999999999886,-0.20690000000000097,-0.6158000000000001,0.28940000000000055,-0.17799999999999994,0.3822000000000001,0.4015000000000004,0.23110000000000053,-0.6000000000000005,0.6239999999999846,0.753000000000057,0.7440000000000246,0.6030000000000335,0.4679999999999751,0.13199999999998546,0.4349999999999987,0.6989999999999696,0.2309999999999679,0.1470000000000038,
0.39029999999999987,-0.18210000000000015,0.25120000000000076,-0.595699999999999,0.3049999999999997,-0.17360000000000042,0.4247999999999994,0.39670000000000005,0.23879999999999946,-0.5951000000000004,0.09000000000000341,0.0840000000000174,0.2159999999999762,-0.012000000000025324,0.19200000000003214,-0.4139999999999944,-0.2669999999999906,-0.1049999999999951,-0.24899999999997924,-0.09899999999998244,
0.3933,-0.17929999999999957,0.25839999999999996,-0.5960999999999999,0.3114000000000008,-0.18740000000000023,0.4158999999999997,0.3932000000000002,0.23050000000000015,-0.5983999999999998,0.32699999999998397,0.05399999999998073,0.02100000000000435,0.13799999999999812,0.014999999999965041,0.04800000000002136,0.6000000000000139,-0.00900000000000567,0.12000000000001343,0.19500000000002515,
0.40419999999999945,0.2591000000000001,-0.1775000000000002,-0.5914999999999999,0.3118999999999996,-0.18579999999999952,0.3929,0.4359000000000002,0.2345000000000006,-0.591899999999999,0.13500000000000512,0.5250000000000021,-0.026999999999990365,-0.07200000000004536,0.2579999999999849,0.07799999999997809,0.3960000000000097,0.27300000000000324,0.06599999999997941,0.008999999999979025,
0.4086999999999996,-0.1783999999999999,0.2766000000000002,-0.5939000000000014,0.3204999999999991,-0.18320000000000025,0.4450000000000003,0.40610000000000035,0.2366999999999999,-0.5915999999999997,1.040999999999972,0.4739999999999611,1.0050000000000026,0.6210000000000448,0.8550000000000324,-0.7980000000000054,0.5579999999999785,0.08999999999997677,0.4169999999999874,0.09599999999998943,
0.4433999999999987,-0.1626000000000012,0.31010000000000026,-0.5731999999999999,0.3490000000000002,-0.20980000000000043,0.46359999999999957,0.4090999999999996,0.2505999999999995,-0.5884,0.6420000000000492,0.06000000000002004,0.28199999999998226,0.5340000000000344,0.32699999999998397,0.14700000000003044,-0.03299999999997638,-0.3149999999999853,-0.03899999999998904,0.12599999999999945,
-0.16060000000000052,0.4648000000000003,0.3194999999999997,-0.5553999999999988,0.35989999999999966,0.46250000000000036,-0.20489999999999942,0.39860000000000007,0.24929999999999986,-0.5842,0.36300000000000665,0.5879999999999619,1.227000000000018,0.31199999999996564,0.5610000000000248,-0.18600000000001948,-0.33000000000003027,-0.08099999999999774,-0.21300000000000985,0.06899999999999906,
-0.1485000000000003,0.48439999999999905,0.3604000000000003,-0.5449999999999999,0.3786000000000005,0.4562999999999997,-0.21590000000000042,0.39590000000000014,0.24219999999999953,-0.5819000000000001,-0.5939999999999479,-0.6149999999999523,-0.5969999999999942,-0.5789999999999829,-0.48899999999997945,-0.020999999999977703,0.11700000000002042,0.31500000000001194,-0.03899999999998904,-0.04499999999997506,
-0.16829999999999856,0.46390000000000065,0.34050000000000047,-0.5642999999999994,0.3623000000000012,0.45560000000000045,-0.21199999999999974,0.40640000000000054,0.2408999999999999,-0.5833999999999993,0.22499999999995524,0.9449999999999825,0.6600000000000072,0.1259999999999728,0.3749999999999787,0.2609999999999779,0.17399999999999416,-0.19200000000003214,0.2820000000000089,0.002999999999966363,
-0.16080000000000005,0.49540000000000006,0.3625000000000007,-0.5601000000000003,0.37480000000000047,0.4642999999999997,-0.20619999999999994,0.39999999999999947,0.2503000000000002,-0.5833000000000004,0.36000000000001364,0.36899999999999267,0.44700000000002404,0.31800000000000495,-0.1259999999999728,-0.6029999999999802,-0.6030000000000069,-0.7319999999999727,-0.6119999999999859,-0.36299999999998,
-0.1487999999999996,0.3774000000000015,0.5076999999999998,-0.5495000000000001,0.3706000000000014,0.4442000000000004,0.3756000000000004,-0.22630000000000017,0.22990000000000066,-0.5953999999999997,0.012000000000025324,0.7409999999999783,1.7580000000000062,-0.33299999999997,1.235999999999997,-1.0409999999999986,-0.8489999999999931,-0.6149999999999789,-0.7140000000000146,-0.3779999999999717,
-0.14839999999999876,0.4021000000000008,-0.5605999999999991,0.5663,0.4118000000000013,0.4095000000000004,0.3473000000000006,0.20610000000000017,-0.24679999999999946,-0.6079999999999988,0.5429999999999602,0.5099999999999838,0.5069999999999908,0.7619999999999827,0.2069999999999439,0.029999999999983373,-0.2310000000000212,0.03899999999998904,0.23399999999998755,0.37799999999994505,
-0.13030000000000008,0.41910000000000025,-0.5436999999999994,0.5916999999999994,0.4186999999999994,0.41049999999999986,0.3395999999999999,0.2073999999999998,-0.23899999999999988,-0.5954000000000006,-0.44700000000002404,-0.19800000000001816,-0.8130000000000237,0.45600000000000307,-0.1260000000000261,-0.2669999999999906,-0.09599999999998943,-0.07499999999998508,0.24600000000001288,0.1770000000000138,
-0.14520000000000088,0.41249999999999964,-0.5708000000000002,0.6068999999999996,0.41449999999999854,0.4016000000000002,0.33640000000000025,0.2049000000000003,-0.23079999999999945,-0.5895000000000001,-0.3059999999999796,-0.5909999999999549,-0.2849999999999753,-0.41100000000000136,-0.5369999999999742,-0.38700000000003065,-0.6600000000000072,-0.5610000000000248,-0.4260000000000197,-0.4890000000000061,
-0.1554000000000002,0.39280000000000115,-0.5802999999999994,0.5931999999999995,0.3965999999999994,0.38869999999999916,0.3144,0.18619999999999948,-0.2450000000000001,-0.6058000000000003,-0.06299999999995975,0.39299999999999,-0.15300000000001646,0.5370000000000275,0.5010000000000581,-0.2849999999999753,-0.1079999999999881,-0.2879999999999683,0.22500000000000853,0.26700000000004387,
-0.15749999999999886,0.4059000000000008,-0.5853999999999999,0.6111000000000004,0.008800000000000807,0.3792,0.3108000000000004,0.17660000000000053,-0.23749999999999982,0.7241,0.18000000000000682,0.4169999999999874,0.1260000000000261,0.49500000000001876,0.39599999999998303,-0.384000000000011,-0.4380000000000184,-0.25200000000002554,-0.2190000000000225,-0.15600000000000946,
-0.15149999999999864,0.4198000000000004,-0.581199999999999,0.627600000000001,0.02200000000000024,0.3663999999999996,0.2961999999999998,0.16819999999999968,-0.24480000000000057,0.7188999999999997,-0.8940000000000481,-0.387000000000004,-0.9450000000000358,0.9659999999999869,0.047999999999994714,-0.38999999999997037,-0.6929999999999836,-0.9119999999999795,0.3240000000000176,-0.39299999999999,
-0.18130000000000024,0.40690000000000026,-0.6127000000000002,0.6598000000000006,0.023600000000000065,0.3534000000000006,0.27310000000000034,0.13780000000000037,-0.23399999999999999,0.7058,-0.3449999999999953,0.047999999999994714,-0.5399999999999672,0.31200000000001893,-0.44099999999998474,-0.6060000000000265,-0.19800000000001816,-0.11400000000000077,0.09299999999999642,-0.23099999999999454,
-0.19280000000000008,0.4085000000000001,-0.6306999999999992,0.008900000000000574,0.6702000000000012,0.3331999999999997,0.26649999999999974,0.13400000000000034,0.6981000000000002,-0.2309000000000001,-0.7950000000000124,-0.27300000000000324,-0.6390000000000029,0.5759999999999899,0.0,-0.4589999999999961,-0.8609999999999918,-0.5160000000000231,-0.2820000000000089,-0.21000000000001684,
-0.2193000000000005,0.3994,-0.6519999999999992,0.028100000000000236,0.6702000000000012,0.31789999999999985,0.2378,0.11679999999999957,0.6886999999999999,-0.23790000000000067,0.5070000000000441,0.23400000000004084,0.48599999999998644,0.4320000000000057,0.40199999999996905,0.48599999999998644,0.6389999999999763,0.3720000000000123,0.356999999999994,0.3960000000000097,
-0.20239999999999903,0.40720000000000134,-0.6357999999999997,0.042500000000000426,0.6836000000000002,0.3340999999999994,0.2590999999999992,0.12919999999999998,0.7005999999999997,-0.22470000000000034,-1.1100000000000243,-0.06899999999999906,-1.0529999999999973,-0.8670000000000044,-0.19799999999996487,-0.686999999999971,-1.037999999999979,-0.6209999999999916,-0.5459999999999798,-0.43799999999999173,
-0.23939999999999984,0.40490000000000137,-0.6708999999999996,0.013600000000000279,0.3852000000000011,0.31120000000000037,0.22449999999999992,0.10850000000000026,0.6824000000000003,0.5926999999999998,-0.6990000000000229,-0.3450000000000486,-0.41700000000004067,0.15599999999995617,0.10199999999992215,0.4589999999999961,0.5700000000000038,0.5580000000000052,0.5550000000000122,0.6180000000000252,
-0.2627000000000006,0.39339999999999975,-0.684800000000001,0.018799999999998818,0.6867999999999999,0.32650000000000023,0.24350000000000005,0.12710000000000043,0.7009000000000007,-0.21910000000000007,-2.1809999999999796,-0.5339999999999812,-1.2569999999999482,-0.6089999999999662,-0.4229999999999734,-0.06600000000000605,-0.33599999999998964,-0.9480000000000022,-0.12000000000001343,0.05700000000002703,
0.3756000000000004,-0.3353999999999999,-0.0015000000000000568,0.6727000000000007,0.49319999999999986,0.2323000000000004,0.32430000000000003,0.6969000000000003,-0.21719999999999917,-0.5086999999999993,-0.8610000000000184,-1.4610000000000056,-0.6840000000000046,-0.1770000000000671,0.15299999999996317,0.21600000000000286,0.6989999999999963,0.36300000000000665,0.359999999999987,0.5249999999999755,
0.34689999999999976,-0.3841000000000001,0.6667999999999985,0.49829999999999863,-0.02430000000000021,0.2395000000000005,0.3475999999999999,-0.2051999999999996,-0.4912000000000001,0.7090000000000005,-0.15300000000001646,-1.3410000000000188,-0.17999999999995353,-0.14099999999999113,-0.7500000000000107,-0.20700000000002383,-0.10500000000002174,0.0809999999999711,0.20399999999997753,-0.021000000000030994,
0.3417999999999992,-0.42880000000000074,0.6608,0.49359999999999893,-0.049300000000000566,0.2325999999999997,0.3440999999999992,-0.20250000000000057,-0.48440000000000083,0.7082999999999995,-0.11399999999994748,0.15000000000002345,0.10800000000001475,-0.18299999999994654,0.0870000000000104,0.09900000000000908,0.012000000000025324,-0.029999999999983373,0.03900000000001569,-0.023999999999997357,
0.33800000000000097,-0.42379999999999995,0.4875000000000007,0.6644000000000005,-0.04640000000000022,0.2359,0.34450000000000003,-0.4831000000000003,-0.20350000000000001,0.7074999999999996,-0.45300000000006335,-1.2060000000000137,-0.3870000000000573,-0.49500000000001876,-0.2940000000000076,0.17399999999999416,0.1470000000000038,0.13799999999999812,0.27300000000000324,0.21899999999999586,
0.32289999999999885,-0.4640000000000004,0.4745999999999988,0.6478999999999999,-0.05620000000000047,0.2416999999999998,0.34940000000000015,-0.47850000000000037,-0.1943999999999999,0.7147999999999994,-0.5399999999999672,-1.106999999999978,-0.2849999999999753,-0.2549999999999919,-0.9750000000000192,-0.1049999999999951,0.20100000000001117,0.4200000000000337,0.02100000000000435,-0.4679999999999751,
0.30489999999999995,-0.5008999999999997,0.4650999999999996,0.6394000000000002,-0.08870000000000111,0.23819999999999997,0.3561000000000005,-0.46449999999999925,-0.19369999999999976,0.6992000000000003,-1.7760000000000176,-2.568000000000037,-0.28800000000002157,-0.09599999999998943,-1.556999999999995,0.5190000000000161,0.2879999999999949,0.8639999999999848,0.2820000000000089,0.045000000000001705,
0.24569999999999936,0.4554999999999989,0.6362000000000005,-0.5865000000000009,-0.14060000000000095,0.2555000000000005,-0.43569999999999975,-0.18429999999999946,0.36570000000000036,0.7007000000000003,-0.4589999999999961,0.23700000000003385,-0.0840000000000174,-1.3019999999999499,-0.05399999999998073,0.1259999999999728,0.710999999999995,0.2729999999999766,-0.3270000000000106,0.23999999999997357,
0.2303999999999995,0.46340000000000003,0.6334,-0.1424000000000003,-0.6298999999999992,0.2596999999999996,-0.4119999999999999,-0.17520000000000024,0.7086999999999994,0.3548,-1.6499999999999915,-0.49800000000001177,-0.6809999999999583,-1.430999999999969,-1.9259999999999877,-0.00900000000000567,0.2699999999999836,0.029999999999983373,-0.46800000000000175,-0.10800000000001475,
0.17539999999999978,0.44679999999999964,0.6107000000000014,0.5358999999999998,-0.19009999999999927,0.2593999999999994,-0.40300000000000047,-0.1742000000000008,0.47549999999999937,0.6930999999999994,0.10800000000001475,-0.18299999999999983,-0.19500000000002515,-0.047999999999994714,0.5219999999999558,0.02700000000001701,-0.014999999999991687,0.15300000000001646,-0.0629999999999864,0.0870000000000104,
0.17900000000000027,0.44069999999999965,0.6042000000000005,0.5343,-0.17270000000000074,0.2603,-0.4035000000000002,-0.16910000000000025,0.4733999999999998,0.6959999999999997,-1.410000000000018,-0.5759999999999899,-0.40500000000001535,-0.9179999999999922,-0.9569999999999546,0.7919999999999927,0.5279999999999951,0.4139999999999944,0.5880000000000152,0.00900000000000567,
0.13199999999999967,0.4215,0.5907,0.5037000000000003,-0.20459999999999923,0.28669999999999973,-0.38590000000000035,-0.15530000000000044,0.4930000000000003,0.6962999999999999,-0.8519999999999861,-0.44700000000002404,-0.5759999999999899,-0.6479999999999819,-0.9570000000000078,-0.3300000000000036,0.03000000000001002,0.09000000000000341,0.27599999999999625,-0.11100000000000776,
0.10360000000000014,0.4065999999999992,0.5715000000000003,0.48210000000000086,-0.2364999999999995,0.2756999999999996,-0.3849,-0.15230000000000032,0.5022000000000002,0.6925999999999997,-2.2979999999999734,-0.8729999999999905,-0.4800000000000004,-1.7010000000000325,-2.3609999999999864,0.00900000000000567,0.24299999999999322,0.743999999999998,0.5849999999999955,-0.44399999999997775,
0.027000000000001023,0.3774999999999995,0.5555000000000003,0.4253999999999998,-0.31519999999999904,0.2759999999999998,-0.37680000000000025,-0.1275000000000004,0.5217,0.6778000000000004,-1.2990000000000634,-0.1679999999999815,-0.705000000000009,-0.8220000000000027,-0.9720000000000262,-0.36300000000000665,-0.12899999999999245,0.19800000000001816,0.36599999999999966,-0.378000000000025,
-0.01630000000000109,0.3719000000000001,0.532,0.3979999999999997,-0.3475999999999999,0.2638999999999996,-0.3811,-0.12089999999999979,0.5339,0.6651999999999996,-1.175999999999977,-0.7349999999999923,0.2879999999999683,-0.8699999999999974,-0.5999999999999872,0.5640000000000178,0.7590000000000163,1.2690000000000001,0.8760000000000101,0.44400000000003104,
-0.05550000000000033,0.3474000000000004,0.541599999999999,0.3689999999999998,-0.3675999999999995,0.2827000000000002,-0.35579999999999945,-0.07859999999999978,0.5631000000000004,0.6800000000000006,-0.09000000000000341,0.1770000000000138,-0.22499999999995524,-0.09899999999998244,-0.05100000000004101,-0.03900000000001569,-0.11100000000000776,-0.18299999999999983,-0.0870000000000104,0.07499999999998508,
-0.05850000000000044,0.35330000000000084,0.5341000000000005,0.36570000000000036,-0.36930000000000085,0.28139999999999965,-0.3594999999999997,-0.08469999999999978,0.5602,0.6825000000000001,-1.2779999999999525,-0.7440000000000246,-0.6360000000000099,-1.2419999999999831,-1.832999999999938,-0.0059999999999860165,0.2669999999999906,0.3149999999999853,0.4499999999999904,-0.10500000000002174,
-0.10109999999999886,0.3285,0.5129000000000001,0.3243000000000009,-0.4303999999999988,0.2812000000000001,-0.3506,-0.07420000000000027,0.5751999999999997,0.6789999999999994,-0.05400000000003402,0.48299999999999343,0.4229999999999734,-0.23700000000003385,0.35699999999991405,-0.8489999999999931,-0.3719999999999857,-0.04199999999998205,-0.3149999999999853,-0.7049999999999823,
-0.10289999999999999,0.3445999999999998,0.5269999999999992,0.3163999999999998,-0.41850000000000165,0.25290000000000035,-0.36299999999999955,-0.07559999999999967,0.5647000000000002,0.6555,-2.187000000000019,-0.375000000000032,-0.5039999999999978,-1.9860000000000078,-2.270999999999983,-0.8370000000000211,0.02399999999997071,0.48599999999998644,0.2129999999999832,-0.3390000000000093,
-0.17580000000000062,0.33209999999999873,0.5101999999999993,0.25019999999999953,-0.4942000000000011,0.22499999999999964,-0.3622000000000005,-0.05940000000000012,0.5717999999999996,0.6441999999999997,-1.2119999999999997,-0.13799999999999812,0.015000000000018332,-1.1459999999999937,-1.7279999999999696,-0.8939999999999948,-0.2129999999999832,0.1079999999999881,-0.4800000000000004,-0.3300000000000036,
-0.21620000000000061,0.3274999999999988,0.5106999999999999,0.21199999999999974,-0.5518000000000001,0.19519999999999982,-0.36929999999999996,-0.055800000000000516,0.5557999999999996,0.6331999999999995,-0.8729999999999905,-0.03599999999996939,0.389999999999997,-0.2639999999999709,-1.3200000000000145,-0.7019999999999893,0.42599999999999305,0.3240000000000176,0.054000000000007375,0.12300000000000644,
-0.2453000000000003,0.3262999999999998,0.5236999999999998,0.2032000000000007,-0.5958000000000006,0.17180000000000017,-0.3551000000000002,-0.04499999999999993,0.5575999999999999,0.6372999999999998,-0.0420000000000087,-0.047999999999994714,-0.329999999999977,-0.2610000000000312,0.36599999999999966,0.011999999999972033,-0.05100000000001437,-0.20700000000002383,-0.06600000000000605,-0.10200000000000209,
-0.24670000000000059,0.3247,0.5127000000000006,0.19449999999999967,-0.5836000000000006,0.17219999999999924,-0.35680000000000067,-0.05190000000000072,0.5553999999999997,0.6338999999999997,-1.0169999999999746,-0.14099999999999113,0.5399999999999672,-0.6299999999999706,-1.4129999999999576,-0.7889999999999731,-0.329999999999977,0.31800000000000495,-0.3149999999999853,0.22500000000000853,
-0.28059999999999974,0.3200000000000003,0.5306999999999995,0.17350000000000065,0.0757999999999992,0.14590000000000014,-0.3677999999999999,-0.04130000000000056,0.5449000000000002,0.8682999999999996,-0.9600000000000009,0.39900000000002933,0.5220000000000091,-0.6150000000000055,-0.1679999999999815,-0.7530000000000037,-0.21600000000000286,-0.13499999999997847,-0.6690000000000129,-0.359999999999987,
-0.31259999999999977,0.33330000000000126,0.15300000000000047,0.5480999999999998,0.07019999999999982,0.12080000000000002,-0.375,0.5225999999999997,-0.04579999999999984,0.8563000000000001,-2.187000000000019,-0.5850000000000222,-1.6620000000000168,-0.41100000000000136,-0.8610000000000184,-0.9660000000000135,-0.7919999999999927,-0.8519999999999861,0.2579999999999849,-0.34800000000001496,
-0.3855000000000004,0.09759999999999991,0.3138000000000005,0.5343999999999998,0.041499999999999204,0.08859999999999957,0.4942000000000002,-0.40139999999999976,-0.037200000000000344,0.8446999999999996,-1.1339999999999684,-1.1430000000000007,0.011999999999972033,-0.14999999999997016,-0.48299999999999343,-0.5459999999999798,-0.6960000000000033,-0.5580000000000052,-0.4589999999999961,-0.5069999999999908,
-0.42329999999999934,0.059499999999999886,0.3141999999999996,0.5294000000000008,0.025399999999999423,0.07040000000000024,0.4710000000000001,-0.41999999999999993,-0.05250000000000021,0.8277999999999999,-1.4580000000000126,-1.2449999999999761,-0.5549999999999855,-0.11999999999998678,-0.4229999999999734,-0.41100000000000136,-0.5519999999999925,0.02100000000000435,0.4919999999999991,-0.44099999999998474,
0.018000000000000682,-0.47189999999999976,0.2957000000000001,0.5254000000000012,0.01130000000000031,0.45260000000000034,0.056700000000000195,-0.4192999999999998,-0.03610000000000024,0.8131000000000004,0.19499999999997186,0.10800000000001475,0.011999999999972033,0.19799999999996487,0.14099999999999113,0.06599999999997941,0.05099999999998772,-2.6645352591003757E-14,-0.1470000000000038,0.13199999999998546,
0.024499999999999744,-0.4682999999999993,0.29609999999999914,0.532,0.016000000000000014,0.45479999999999965,0.058399999999999785,-0.41930000000000067,-0.04100000000000037,0.8174999999999999,-1.1519999999999797,-1.103999999999985,-0.0029999999999397176,-0.27599999999999625,-0.2999999999999936,-0.36300000000000665,-0.6030000000000069,-0.24299999999999322,0.03300000000000303,-0.42000000000000703,
-0.01389999999999958,-0.5050999999999988,0.29600000000000115,0.5228000000000002,0.006000000000000227,0.4426999999999994,0.03829999999999956,-0.42740000000000045,-0.03990000000000027,0.8034999999999997,-0.8040000000000447,-1.1010000000000453,-0.4200000000000337,-0.2580000000000382,-0.27000000000001023,-0.4769999999999808,-0.9359999999999769,-0.3779999999999717,-0.43199999999997907,-0.5459999999999798,
-0.04070000000000107,0.5141999999999989,0.28200000000000003,-0.5418000000000003,-0.0030000000000001137,0.42680000000000007,-0.05429999999999957,-0.4399999999999995,0.007100000000000328,0.7853000000000003,-1.7339999999999556,-0.18299999999994654,0.06000000000002004,-1.490999999999989,-0.18000000000000682,-0.12000000000001343,-0.06300000000001305,-2.6645352591003757E-14,-1.0110000000000152,-0.09300000000002306,
-0.09849999999999959,0.5081000000000007,0.2840000000000007,-0.5914999999999999,-0.009000000000000341,0.4227999999999996,-0.056400000000000006,-0.4400000000000004,-0.02660000000000018,0.7821999999999996,0.11699999999999378,0.6659999999999933,0.8279999999999887,-0.19199999999997885,0.7260000000000133,-0.08399999999999075,-0.14400000000001079,0.18000000000000682,-0.6480000000000086,-0.023999999999997357,
-0.0945999999999998,0.5303000000000004,0.3116000000000003,-0.5978999999999992,0.015200000000000102,0.41999999999999993,-0.061200000000000365,-0.43400000000000016,-0.048200000000000465,0.7813999999999997,-0.5670000000000108,-0.18600000000004613,0.0839999999999641,-0.429000000000066,0.22499999999995524,-0.6299999999999972,-0.008999999999979025,0.5070000000000174,-1.034999999999986,-0.6749999999999723,
-0.11350000000000016,0.3143999999999991,0.5240999999999989,-0.6122000000000014,0.02269999999999861,0.399,-0.4170999999999996,-0.061499999999999666,-0.0827,0.7589000000000006,-0.18899999999998585,0.19500000000002515,0.5010000000000581,-0.03299999999992309,-0.18899999999993256,0.08999999999997677,-0.19500000000002515,0.11699999999996713,0.17100000000000115,0.2129999999999832,
-0.11979999999999968,0.32089999999999996,0.5408000000000008,-0.6132999999999988,0.01640000000000086,0.40199999999999925,-0.4236000000000004,-0.05760000000000076,-0.07699999999999996,0.766,0.05699999999997374,0.8850000000000158,0.2099999999999902,-0.1290000000000191,0.39599999999998303,-0.0059999999999860165,0.3029999999999866,0.2340000000000142,-0.19800000000001816,0.09899999999998244,
-0.11790000000000056,0.3504000000000005,0.5478000000000005,-0.6175999999999995,0.029600000000000293,0.4017999999999997,-0.41350000000000087,-0.04980000000000029,-0.08360000000000056,0.7692999999999994,-0.4349999999999987,0.36899999999999267,0.11099999999995447,-0.40800000000000836,0.8519999999999861,0.045000000000001705,0.3690000000000193,-0.006000000000012662,-0.06899999999999906,0.047999999999994714,
-0.13240000000000052,0.36270000000000024,0.551499999999999,-0.6311999999999998,0.05799999999999983,0.40329999999999977,-0.4012000000000002,-0.05000000000000071,-0.08590000000000053,0.7708999999999993,-0.2879999999999683,1.1279999999999824,0.7320000000000526,-0.7410000000000316,0.6060000000000265,-0.07200000000001872,1.3649999999999896,0.6030000000000069,-0.46500000000000874,1.05900000000001,
-0.14199999999999946,0.40029999999999966,0.5759000000000007,-0.6559000000000008,0.07820000000000071,0.40089999999999915,-0.35570000000000057,-0.029900000000000482,-0.10140000000000082,0.8061999999999996,-1.0740000000000016,0.22500000000000853,-0.41700000000004067,-0.8849999999999625,0.041999999999955406,-0.5609999999999715,0.10200000000002873,-0.21899999999999586,-0.14999999999997016,0.07200000000001872,
-0.17779999999999951,0.40779999999999994,0.5619999999999994,-0.6853999999999996,0.07959999999999923,0.3822000000000001,-0.3522999999999996,-0.037200000000000344,-0.10639999999999983,0.8086000000000002,-0.3059999999999796,0.378000000000025,0.41400000000004766,-0.9239999999999782,0.3060000000000329,-0.32099999999999795,1.164000000000005,0.44700000000002404,0.08399999999999075,0.8670000000000044,
-0.18799999999999883,0.4204000000000008,0.575800000000001,-0.7161999999999988,0.08980000000000032,0.37150000000000016,-0.31349999999999945,-0.022299999999999542,-0.10360000000000014,0.8375000000000004,-0.08700000000006369,0.13499999999995183,-0.19800000000001816,0.0029999999999397176,0.05399999999998073,-0.03300000000000303,-0.1680000000000348,-0.1320000000000121,0.017999999999984695,-0.33000000000003027,
-0.19090000000000096,0.42489999999999917,0.5692000000000004,-0.7161000000000008,0.09159999999999968,0.37040000000000006,-0.3191000000000006,-0.026699999999999946,-0.10300000000000065,0.8264999999999993,-0.5069999999999908,0.22500000000000853,-0.2160000000000295,-0.722999999999967,-0.3479999999999883,-1.1820000000000164,0.30600000000000627,0.5159999999999965,0.024000000000024002,0.5100000000000104,
-0.20780000000000065,0.43239999999999945,0.5619999999999994,0.08000000000000007,0.8117999999999999,0.3309999999999995,-0.3089000000000004,-0.009500000000000064,0.8434999999999997,0.2829999999999995,-1.0529999999999973,0.15900000000000247,-0.3059999999999796,0.03299999999997638,-0.05100000000004101,-1.169999999999991,0.06900000000002571,0.3690000000000193,0.18600000000001948,-0.1409999999999645,
-0.24290000000000056,0.43769999999999953,0.5518000000000001,0.08109999999999928,0.8100999999999985,0.2919999999999998,-0.30659999999999954,0.00280000000000058,0.8497000000000003,0.27830000000000066,-2.2800000000000153,0.6179999999999986,-0.12300000000003308,-1.2239999999999718,-0.15899999999994918,-2.618999999999998,1.0799999999999876,0.6959999999999766,0.1529999999999898,-0.09000000000003006,
-0.31890000000000107,0.4582999999999995,0.547699999999999,0.8048000000000002,0.040300000000000225,0.20469999999999988,-0.27059999999999995,0.0259999999999998,0.27529999999999966,0.8548,-0.8369999999999678,0.2640000000000242,-0.19199999999997885,0.329999999999977,0.05099999999998772,-0.389999999999997,0.6869999999999976,0.17100000000000115,0.22800000000000153,0.37500000000000533,
-0.3468,0.4671000000000003,0.5412999999999997,0.8157999999999994,0.041999999999999815,0.19169999999999998,-0.24770000000000003,0.03169999999999984,0.2828999999999997,0.8673000000000002,-0.4260000000000197,0.36899999999999267,0.3029999999999866,0.3420000000000023,-0.22800000000000153,-0.5219999999999825,0.10200000000000209,0.5400000000000205,0.18600000000001948,0.23099999999999454,
-0.36100000000000065,0.47940000000000005,0.5513999999999992,0.034399999999999764,0.8271999999999995,0.17430000000000057,-0.24429999999999996,0.04970000000000052,0.875,0.28910000000000036,0.0029999999999930083,0.01799999999995805,-0.07799999999997809,0.14699999999997715,0.12299999999997979,-0.07200000000001872,0.2310000000000212,-0.21600000000000286,-0.20399999999997753,-0.07800000000000473,
-0.3609000000000009,0.47999999999999865,0.5488,0.039299999999999,0.8312999999999988,0.17189999999999994,-0.23659999999999926,0.042500000000000426,0.8682000000000007,0.2865000000000002,-0.5279999999999418,0.10800000000006804,0.13500000000000512,0.003000000000046299,0.27600000000004954,-0.6630000000000003,0.16199999999996884,0.4949999999999921,0.15899999999997583,0.07199999999999207,
-0.37849999999999895,0.4836000000000009,0.5533000000000001,0.039400000000000546,0.8405000000000005,0.14979999999999993,-0.2312000000000003,0.05900000000000016,0.8734999999999999,0.28889999999999993,-0.2580000000000382,0.45299999999995677,0.35699999999996734,-0.4200000000000337,0.36299999999995336,0.09899999999998244,0.5399999999999938,0.23399999999998755,-0.09900000000000908,0.3749999999999787,
-0.3871000000000002,0.4986999999999995,0.565199999999999,0.025399999999999423,0.8525999999999989,0.15309999999999935,-0.2132000000000005,0.06679999999999975,0.8701999999999996,0.3013999999999992,-1.23899999999999,0.8850000000000158,-0.2909999999999613,-0.5849999999999689,0.6480000000000352,0.13800000000002477,0.5850000000000222,0.09299999999999642,0.46200000000001573,0.25800000000001155,
-0.4283999999999999,0.5555000000000003,0.5282,0.00590000000000046,0.8742000000000001,0.15770000000000017,0.06989999999999963,-0.19369999999999976,0.8856000000000002,0.3099999999999996,-0.7470000000000176,0.06300000000001305,0.19199999999997885,0.0,0.23399999999998755,-0.9240000000000048,-0.24599999999998623,-0.1470000000000038,-1.095000000000006,-0.5609999999999715,
-0.4533000000000005,0.5576000000000008,0.5345999999999993,0.00590000000000046,0.8819999999999997,0.1269,0.06170000000000009,-0.1985999999999999,0.8491,0.29130000000000056,-1.1369999999999614,-0.20400000000000418,0.09000000000000341,-0.5039999999999978,0.13799999999999812,-0.07800000000000473,-0.15600000000000946,-0.09000000000000341,0.25800000000001155,0.2849999999999753,
-0.4911999999999992,0.5508000000000006,0.5375999999999994,-0.010899999999999466,0.8865999999999996,0.12429999999999986,0.05649999999999977,-0.2016,0.8577000000000004,0.30079999999999973,0.12299999999997979,-0.32399999999999096,0.2550000000000452,-0.02100000000000435,0.1320000000000121,0.13799999999999812,0.07500000000001172,0.0,-0.29700000000002724,0.10200000000000209,
0.5400000000000009,0.5461000000000009,-0.01159999999999961,0.891,0.6231000000000009,0.05900000000000016,-0.2016,0.8477999999999994,0.3041999999999998,0.7200999999999995,1.4789999999999637,1.1549999999999727,0.4289999999999594,0.7349999999999923,-0.015000000000018332,-0.06600000000000605,0.0420000000000087,0.08100000000002439,0.045000000000001705,-0.48599999999998644,
0.5892999999999997,0.5846,0.0026999999999990365,0.6226000000000003,0.9154999999999998,0.05679999999999996,-0.2001999999999997,0.8505000000000003,0.7039,0.30569999999999986,-0.15600000000000946,0.49199999999997246,0.4200000000000337,0.6539999999999679,0.389999999999997,0.43799999999999173,0.08399999999999075,-0.15900000000000247,0.26100000000000456,0.1499999999999968,
0.5840999999999994,0.6009999999999991,0.01670000000000016,0.6443999999999992,0.9284999999999997,0.07139999999999969,-0.19740000000000002,0.8452000000000002,0.7126000000000001,0.31069999999999975,0.2970000000000006,2.1420000000000172,0.9689999999999799,0.3749999999999787,1.0199999999999676,0.0420000000000087,0.16200000000002213,-0.5519999999999925,-0.20099999999998452,0.351000000000008,
0.5939999999999994,0.6723999999999997,0.04899999999999949,0.6568999999999985,0.9624999999999986,0.07279999999999998,-0.19199999999999928,0.8268000000000004,0.7059000000000006,0.3224,-0.35399999999997434,0.5490000000000528,-0.19799999999996487,-0.341999999999949,0.27600000000004954,0.27599999999999625,0.15899999999997583,0.36300000000000665,0.017999999999984695,0.30000000000002025,
0.5822000000000003,0.6907000000000014,0.04240000000000066,0.6455000000000002,0.9717000000000002,0.08199999999999985,-0.1867000000000001,0.8389000000000006,0.7065000000000001,0.3324000000000007,0.5309999999999881,0.8699999999999442,0.5039999999999978,0.023999999999997357,0.27899999999998926,-0.023999999999997357,-0.2129999999999832,-0.7230000000000203,-0.37799999999999834,-0.26100000000000456,
0.5998999999999999,0.7196999999999996,0.059200000000000585,0.6463000000000001,0.9809999999999999,0.08119999999999994,-0.19379999999999953,0.8148,0.6939000000000002,0.32370000000000054,0.18299999999999983,0.10200000000002873,0.17399999999996751,0.4740000000000144,0.05099999999998772,-0.31500000000001194,-0.3180000000000316,-0.4770000000000074,-0.381000000000018,-0.39000000000002366,
0.6059999999999999,0.7231000000000005,0.0649999999999995,0.6621000000000006,0.9826999999999995,0.07069999999999954,-0.20440000000000058,0.7988999999999997,0.6811999999999996,0.31069999999999975,0.9179999999999922,1.3440000000000119,0.45000000000001705,0.32699999999998397,0.5910000000000082,0.09000000000003006,-0.029999999999983373,-0.15599999999998282,-0.22499999999998188,-0.2879999999999949,
0.6365999999999996,0.7679000000000009,0.08000000000000007,0.673,1.0023999999999997,0.07370000000000054,-0.20540000000000003,0.7937000000000003,0.6737000000000002,0.3010999999999999,-1.0710000000000086,0.5969999999999942,-0.5489999999999995,-0.23999999999997357,-0.09000000000000341,-0.2850000000000019,-0.5519999999999925,-0.3089999999999993,-0.33299999999999663,-0.389999999999997,
0.6008999999999993,0.06170000000000009,0.7878000000000007,0.6650000000000009,0.9993999999999996,0.06420000000000048,0.7834000000000003,-0.22379999999999978,0.6626000000000003,0.2881,1.155000000000026,0.12299999999997979,2.5499999999999723,1.0709999999999553,1.2809999999999988,0.1499999999999968,0.2069999999999972,0.37500000000000533,-0.09900000000000908,-0.41100000000000136,
0.6394000000000002,0.06579999999999941,0.8727999999999998,0.7006999999999994,1.0420999999999996,0.06920000000000037,0.7903000000000002,-0.2112999999999996,0.6593,0.2744,0.8069999999999844,-0.0809999999999711,0.8850000000000158,0.6659999999999933,0.39599999999998303,0.5849999999999955,0.1529999999999898,0.2879999999999949,0.40800000000000836,0.07500000000001172,
0.6662999999999997,0.06310000000000038,0.9023000000000003,0.7228999999999992,1.055299999999999,0.08870000000000022,0.7953999999999999,-0.20169999999999977,0.6729000000000003,0.27690000000000037,1.4010000000000389,0.0059999999999860165,1.7760000000000176,0.5550000000000388,1.083000000000034,-0.10800000000001475,0.18000000000000682,0.39299999999999,0.02100000000000435,0.04199999999998205,
0.713000000000001,0.06329999999999991,0.9615000000000009,0.7414000000000005,1.0914000000000001,0.08509999999999973,0.8014000000000001,-0.1886000000000001,0.6736000000000004,0.27829999999999977,-1.1160000000000103,-0.5999999999999872,-0.5489999999999995,-0.5489999999999995,-0.5579999999999785,0.12599999999999945,-0.011999999999998678,0.12300000000000644,0.18299999999997318,0.12899999999999245,
0.6758000000000006,0.04330000000000034,0.9432000000000009,0.7231000000000005,1.0728000000000009,0.08929999999999971,0.8010000000000002,-0.1844999999999999,0.6796999999999995,0.2825999999999995,1.5720000000000134,0.1710000000000278,1.3230000000000075,0.4139999999999944,0.8009999999999984,0.8460000000000001,0.8609999999999918,0.5729999999999968,-0.0059999999999860165,0.3240000000000176,
0.7282000000000011,0.049000000000001265,0.9873000000000012,0.7369000000000003,1.0995000000000008,0.11749999999999972,0.8296999999999999,-0.1654,0.6795,0.2934000000000001,1.3949999999999996,-0.20400000000000418,1.181999999999963,0.3510000000000346,1.0020000000000095,1.1490000000000133,0.9990000000000165,1.3470000000000049,1.1730000000000107,1.1219999999999963,
0.774700000000001,0.042200000000001125,1.0267,0.7486000000000015,1.1329000000000011,0.15580000000000016,0.8630000000000004,-0.12049999999999983,0.7186000000000003,0.3308,0.39299999999993673,-0.7290000000000596,2.270999999999983,0.5039999999999445,1.106999999999978,1.166999999999998,1.526999999999985,1.5030000000000143,0.7950000000000124,1.05900000000001,
0.787799999999999,0.01789999999999914,0.7653999999999996,1.1023999999999994,1.1698000000000004,0.1947000000000001,0.9138999999999999,0.7451000000000008,-0.07039999999999935,0.3661000000000003,0.7200000000000273,-0.2069999999999439,0.03600000000002268,1.0650000000000226,0.5910000000000082,0.9000000000000075,0.6570000000000142,0.5939999999999745,1.0529999999999973,0.5879999999999885,
0.8117999999999999,0.7666000000000004,1.1379000000000001,1.1895000000000007,1.5554000000000006,0.22470000000000034,0.7648999999999999,-0.03529999999999944,0.38569999999999993,-0.07960000000000012,0.3029999999999866,0.45299999999995677,1.0500000000000043,0.7049999999999557,1.1459999999999404,1.1939999999999884,0.5279999999999951,0.9899999999999842,0.6150000000000055,1.4340000000000153,
0.8218999999999994,0.781699999999999,1.1729000000000003,1.2129999999999992,1.5935999999999986,0.26449999999999996,0.7824999999999998,-0.0022999999999999687,0.4062000000000001,-0.031799999999999606,0.3840000000000643,-0.48599999999993315,-0.11400000000000077,0.14100000000004442,-0.1229999999999265,-0.2849999999999753,-0.4949999999999921,-0.5489999999999995,-0.5309999999999881,-0.30600000000000627,
0.8347000000000016,0.7655000000000012,1.1691000000000003,1.2177000000000007,1.589500000000001,0.2550000000000008,0.766,-0.02059999999999995,0.3885000000000005,-0.041999999999999815,0.4769999999999541,-0.22200000000001552,0.5489999999999995,-0.1259999999999728,0.6509999999999749,0.8519999999999595,0.9719999999999995,0.9509999999999952,0.78599999999998,1.1939999999999884,
0.8506,0.7581000000000007,1.1874000000000002,1.2135000000000016,1.6112000000000002,0.28339999999999943,0.7984,0.011099999999999888,0.41469999999999985,-0.002200000000000202,0.05999999999996675,0.3509999999999813,1.490999999999989,0.8339999999999215,0.9810000000000052,0.46500000000000874,0.4290000000000127,0.8550000000000058,0.356999999999994,0.8939999999999948,
0.8525999999999989,0.7698,1.2370999999999999,1.241299999999999,1.6439000000000004,0.2988999999999997,0.8127000000000004,0.03960000000000008,0.42659999999999965,0.027599999999999625,0.6810000000000116,-0.5340000000000344,2.063999999999986,1.023000000000014,1.9919999999999938,0.5580000000000052,0.8099999999999774,1.811999999999987,0.771000000000015,1.8539999999999957,
0.8752999999999993,0.7519999999999989,1.3058999999999994,1.2753999999999994,1.7103000000000002,0.3174999999999999,0.8396999999999997,0.09999999999999964,0.45230000000000015,0.08939999999999948,0.5129999999999768,0.2519999999999989,1.233000000000004,0.36300000000000665,1.3109999999999822,0.3420000000000023,0.42000000000000703,0.4770000000000074,0.6269999999999776,0.6900000000000173,
0.8923999999999985,0.7603999999999989,1.3469999999999995,1.2874999999999996,1.7539999999999996,0.32889999999999997,0.8536999999999999,0.11589999999999989,0.4731999999999994,0.11240000000000006,0.5010000000000581,-0.3449999999999953,0.9419999999999895,0.5999999999999872,1.1190000000000033,0.4740000000000144,0.7290000000000063,0.9030000000000271,0.20100000000003782,1.0860000000000003,
