-0.5153999999999996,0.07789999999999964,0.4884000000000004,-0.3952,-0.023900000000000254,0.025599999999999845,-0.5949,0.4543999999999997,0.5882000000000005,0.8552,-0.4710000000000214,-0.06599999999997941,-0.12599999999999945,-0.1949999999999985,-0.3479999999999883,0.045000000000001705,0.1920000000000055,-0.5759999999999899,-0.2310000000000212,0.6989999999999963,
-0.5311000000000003,0.07570000000000032,0.4842000000000004,-0.40169999999999995,-0.035499999999999865,0.027099999999999902,-0.5884999999999998,0.43520000000000003,0.5804999999999998,0.8784999999999998,-0.6629999999999736,-0.09900000000000908,-0.36599999999999966,0.19800000000001816,-0.026999999999990365,-0.18599999999999284,0.09299999999999642,-1.131000000000002,0.08100000000002439,0.4230000000000267,
-0.5531999999999995,0.07240000000000002,0.4720000000000004,-0.39509999999999934,-0.036399999999999544,0.02090000000000014,-0.5853999999999999,0.39749999999999996,0.5832000000000006,0.8926000000000007,0.07199999999999207,0.03900000000001569,0.22800000000000153,-0.15000000000002345,0.3119999999999923,-0.03899999999998904,0.03000000000001002,0.006000000000012662,-0.2670000000000172,-0.03600000000002268,
-0.5507999999999997,0.07370000000000054,0.47960000000000047,-0.4001000000000001,-0.0259999999999998,0.019600000000000506,-0.5843999999999996,0.3977000000000004,0.5743,0.8914,-0.45600000000000307,0.47099999999999476,-0.11699999999999378,2.6645352591003757E-14,0.22500000000000853,-0.09300000000002306,0.0,-0.6960000000000033,0.0029999999999930083,0.7590000000000163,
-0.5659999999999998,0.08940000000000037,0.4757000000000007,-0.40009999999999923,-0.018499999999999517,0.016499999999999737,-0.5843999999999996,0.3745000000000003,0.5743999999999998,0.9167000000000005,-2.298,-0.8820000000000228,-0.0840000000000174,-2.6645352591003757E-14,-0.3720000000000123,-0.1679999999999815,0.11400000000000077,-1.4789999999999903,0.0,1.3379999999999992,
0.4729000000000001,0.05999999999999961,-0.6425999999999998,-0.4001000000000001,0.9337999999999997,0.3252000000000006,-0.5805999999999996,0.010900000000000354,0.5743999999999998,-0.04070000000000018,0.0029999999999930083,0.20700000000002383,-1.1730000000000107,0.0,0.1890000000000125,-0.8550000000000324,0.2699999999999836,-0.43500000000002537,0.0,-0.9780000000000122,
0.47299999999999986,0.0669000000000004,-0.6817000000000002,-0.4001000000000001,0.9401000000000002,0.2966999999999995,-0.5716000000000001,-0.0036000000000004917,0.5743999999999998,-0.07330000000000059,0.40200000000002234,-0.12899999999999245,-1.0589999999999833,0.18000000000000682,0.3420000000000023,-0.8939999999999948,-0.2549999999999919,-0.057000000000000384,-0.047999999999994714,-0.18899999999998585,
0.4864000000000006,0.06260000000000066,-0.3940999999999999,-0.7169999999999996,0.9515000000000002,0.2668999999999997,-0.5800999999999998,0.5728,-0.0055000000000005045,-0.07960000000000012,-0.22200000000001552,-0.5250000000000021,-0.1049999999999951,-1.166999999999998,-0.2820000000000089,-0.5189999999999895,0.30600000000000627,0.11699999999999378,0.19500000000002515,-0.22800000000000153,
0.4790000000000001,0.045100000000000584,-0.39759999999999973,-0.7558999999999996,0.9420999999999999,0.24960000000000004,-0.5698999999999996,0.5766999999999998,0.001000000000000334,-0.08720000000000017,0.21000000000001684,0.1949999999999985,0.1499999999999968,-0.03000000000001002,0.21000000000001684,-0.07200000000001872,0.30899999999997263,0.21899999999999586,0.2999999999999936,0.3270000000000106,
0.48600000000000065,0.051600000000000534,-0.39259999999999984,-0.7568999999999999,0.9491000000000005,0.24719999999999942,-0.5596000000000005,0.5839999999999996,0.01100000000000012,-0.07629999999999981,0.0059999999999860165,-0.6059999999999999,-0.14399999999998414,-1.3679999999999826,0.1949999999999985,-0.23399999999998755,-0.43199999999997907,-0.44099999999998474,-0.4800000000000004,-0.389999999999997,
0.4862000000000002,0.03140000000000054,-0.3973999999999993,-0.8024999999999993,0.9556000000000004,0.23939999999999984,-0.5739999999999998,0.5693000000000001,-0.004999999999999893,-0.08929999999999971,0.054000000000007375,-1.3530000000000175,0.08399999999999075,-2.8169999999999895,-0.15300000000001646,-1.070999999999982,0.2670000000000172,0.31200000000001893,0.45600000000000307,0.2340000000000142,
0.48800000000000043,-0.013700000000000045,-0.3945999999999996,-0.896399999999999,0.9504999999999999,0.20370000000000044,-0.5650999999999993,0.5797000000000008,0.010200000000000209,-0.08149999999999924,0.13799999999999812,-0.5010000000000048,0.5549999999999855,-1.8180000000000263,0.389999999999997,-1.3050000000000228,0.011999999999972033,0.7319999999999727,0.27300000000000324,0.03299999999997638,
0.49260000000000037,-0.030400000000000205,-0.3761000000000001,-0.9569999999999999,0.9634999999999998,0.16019999999999968,-0.5647000000000002,0.6040999999999999,0.019300000000000317,-0.08040000000000003,0.6329999999999902,-0.5940000000000012,0.21899999999999586,-0.9270000000000245,0.354000000000001,-0.9719999999999995,0.07499999999998508,-0.11100000000000776,0.5009999999999781,-0.39300000000001667,
0.5137,-0.050200000000000244,-0.36880000000000024,0.9752999999999998,-0.9879000000000007,0.1277999999999997,-0.5622000000000007,0.6003999999999996,-0.09350000000000058,0.03599999999999959,1.202999999999994,-1.0740000000000016,0.779999999999994,0.389999999999997,-1.1459999999999937,-0.4979999999999851,-0.0809999999999711,-0.27599999999999625,-0.26399999999999757,-0.05399999999998073,
0.5537999999999998,-0.0860000000000003,-0.34280000000000044,0.9882999999999997,-1.0261000000000005,0.11120000000000019,-0.5648999999999997,0.5911999999999997,-0.1023000000000005,0.03420000000000023,0.14400000000001079,0.6840000000000046,0.07500000000001172,0.2519999999999989,-0.0839999999999641,-0.2999999999999936,0.351000000000008,0.2940000000000076,-0.014999999999991687,-0.1320000000000121,
-0.06320000000000014,0.5586000000000002,-0.34030000000000005,0.9966999999999997,0.20809999999999995,-0.5531999999999995,0.1012000000000004,0.601,-0.10280000000000022,-1.0023999999999997,-0.47099999999999476,1.3199999999999878,0.8220000000000027,0.4800000000000004,-0.5940000000000012,0.4169999999999874,-0.7920000000000194,-0.1890000000000125,-0.3119999999999923,-1.5660000000000007,
-0.07889999999999997,0.6025999999999998,-0.31289999999999996,1.0126999999999997,0.007600000000000051,-0.5392999999999999,0.07479999999999976,0.5946999999999996,-0.11319999999999997,1.0288000000000004,-0.2400000000000002,2.6369999999999827,3.0389999999999784,2.5979999999999936,2.018999999999984,0.5759999999999899,-1.5329999999999977,0.16199999999999548,0.22199999999998887,0.4679999999999751,
-0.08689999999999998,-0.21160000000000068,0.6904999999999992,0.07489999999999952,-0.5345000000000004,-0.5201000000000002,0.6000999999999994,0.023699999999999832,1.0443999999999996,-0.9311000000000007,0.1920000000000055,1.5240000000000453,1.6170000000000417,0.9540000000000148,-0.4079999999999817,0.680999999999985,0.8460000000000001,-0.6240000000000112,0.15300000000001646,1.8870000000000253,
-0.0804999999999998,-0.16079999999999917,0.7444000000000006,-0.5480999999999998,0.10670000000000002,-0.49740000000000073,0.6282999999999994,0.0028999999999994586,-0.8681999999999999,1.0495,-0.5279999999999951,1.9289999999999807,1.4009999999999856,-0.9389999999999965,1.1219999999999963,0.46200000000001573,0.1320000000000121,-0.48899999999997945,0.45600000000000307,0.05399999999998073,
-0.09809999999999963,-0.09649999999999981,0.7911000000000001,-0.5793999999999997,0.1440999999999999,-0.4820000000000002,0.6326999999999998,-0.013399999999999856,-0.8529999999999998,1.0512999999999995,0.39299999999999,1.883999999999979,1.5689999999999937,-0.8399999999999874,0.7589999999999897,0.777000000000001,0.2999999999999936,-0.1920000000000055,0.5699999999999772,0.09900000000000908,
-0.08499999999999996,-0.03370000000000051,0.8433999999999999,-0.6073999999999993,0.16939999999999955,-0.45610000000000017,0.6426999999999996,-0.01980000000000004,-0.8340000000000005,1.0545999999999998,-0.15600000000000946,0.387000000000004,0.26100000000000456,0.7919999999999927,0.5850000000000222,-0.1949999999999985,-0.1949999999999985,-0.774000000000008,-0.09000000000000341,-0.3300000000000036,
-0.09020000000000028,-0.020800000000000374,0.8521000000000001,-0.5809999999999995,0.1889000000000003,-0.4626000000000001,0.6361999999999997,-0.04560000000000031,-0.8370000000000006,1.0435999999999996,0.09599999999998943,2.2170000000000023,1.4099999999999913,-0.765000000000029,1.4009999999999856,0.5190000000000161,0.2190000000000225,-0.4199999999999804,0.021000000000030994,-0.11999999999998678,
-0.08700000000000063,0.0530999999999997,0.8990999999999998,-0.6065000000000005,0.2355999999999998,-0.4452999999999996,0.6435000000000004,-0.05959999999999965,-0.8362999999999996,1.0396,0.19800000000001816,4.629000000000003,3.4109999999999907,-1.2840000000000185,2.435999999999998,0.9389999999999965,-0.8520000000000127,-1.5149999999999864,-0.5460000000000065,-0.4529999999999834,
-0.08040000000000003,0.2073999999999998,1.0127999999999995,0.31679999999999975,-0.6493000000000011,-0.4139999999999997,0.6151,-0.1100999999999992,1.0245000000000006,-0.8544999999999998,-0.06300000000001305,2.6069999999999993,2.154000000000016,1.589999999999998,-1.6289999999999605,0.2069999999999972,0.2640000000000242,-1.1430000000000007,-0.4770000000000074,-0.8489999999999931,
-0.08250000000000046,0.2942999999999998,0.3697999999999997,1.0846,-0.7035999999999998,-0.4070999999999998,0.6239000000000008,1.0086000000000004,-0.14819999999999922,-0.8827999999999996,-0.1289999999999658,2.0250000000000234,0.9690000000000065,1.3860000000000205,-1.2419999999999831,0.48599999999998644,-0.34500000000002196,-0.7620000000000093,-0.7830000000000137,-0.3420000000000023,
-0.08679999999999932,0.36180000000000057,0.4020999999999999,1.1308000000000007,-0.7449999999999992,-0.39090000000000025,0.6124,0.9832000000000001,-0.17429999999999968,-0.8941999999999997,0.08999999999997677,2.9399999999999693,1.4819999999999833,1.8329999999999647,-0.16500000000004178,0.27300000000000324,-0.0840000000000174,-0.35700000000002063,-1.7190000000000172,-0.40500000000001535,
-0.0838000000000001,0.45979999999999954,0.45149999999999935,-0.04070000000000018,-0.7505000000000006,-0.38180000000000014,0.6095999999999995,0.9712999999999994,1.1465999999999994,-0.9077000000000002,0.11100000000000776,0.44700000000002404,0.7410000000000316,0.03000000000001002,-0.1259999999999728,0.18000000000000682,0.24000000000002686,0.18000000000000682,0.4860000000000131,0.22200000000001552,
-0.08009999999999984,0.47470000000000034,0.4762000000000004,-0.039699999999999847,-0.7546999999999997,-0.3757999999999999,0.6176000000000004,0.9772999999999996,1.1627999999999998,-0.9002999999999997,-0.2940000000000076,1.9589999999999907,0.8790000000000031,1.4339999999999886,-0.7739999999999814,-0.19800000000001816,-0.34500000000002196,-0.9689999999999799,-0.4019999999999957,-0.3240000000000176,
-0.08990000000000009,0.54,0.5055000000000005,0.008099999999999774,-0.7804999999999991,-0.3824000000000005,0.6060999999999996,0.9450000000000003,1.1494,-0.9111000000000002,-0.8219999999999761,4.206000000000003,1.3920000000000066,2.610000000000019,-1.9560000000000244,0.49800000000001177,0.378000000000025,-0.6270000000000042,0.4740000000000144,0.2910000000000146,
-0.1172999999999993,0.6802000000000001,0.5519000000000007,0.0951000000000004,-0.8456999999999999,-0.3658000000000001,0.6187000000000005,0.9241000000000001,1.1652000000000005,-0.9013999999999998,-0.43500000000002537,2.616000000000005,1.0139999999999816,1.562999999999981,-1.5719999999999867,-0.34800000000001496,0.029999999999983373,-0.6720000000000059,0.2579999999999849,0.4529999999999834,
-0.13180000000000014,0.7674000000000003,0.5857000000000001,0.14719999999999978,-0.8980999999999995,-0.3774000000000006,0.6196999999999999,0.9017,1.1738,-0.8863000000000003,0.20100000000001117,2.102999999999975,0.722999999999967,1.358999999999977,-0.5790000000000362,-0.29399999999998094,-0.2340000000000142,-0.5550000000000122,-0.49500000000001876,-0.026999999999990365,
-0.12509999999999977,0.8374999999999995,0.609799999999999,0.192499999999999,-0.9174000000000007,-0.3872,0.6118999999999994,0.8831999999999995,1.1572999999999993,-0.8872,-0.27000000000001023,1.587000000000005,0.8820000000000228,1.155000000000026,-1.1579999999999657,0.12599999999999945,0.354000000000001,-0.0059999999999860165,0.2820000000000089,0.4139999999999944,
-0.1341000000000001,0.8903999999999996,0.6391999999999998,0.23099999999999987,-0.9559999999999995,-0.383,0.6236999999999995,0.883,1.1666999999999996,-0.8734000000000002,0.05700000000002703,0.23100000000004783,0.2580000000000382,0.408000000000035,0.05400000000003402,-0.6780000000000186,-0.06599999999997941,-0.22200000000001552,-0.38399999999998435,-0.11400000000000077,
-0.1321999999999992,0.647800000000001,0.8981000000000012,0.24460000000000104,-0.9541999999999984,-0.4056000000000006,0.8755999999999995,0.6215000000000002,1.1539000000000001,-0.8772000000000002,-0.2190000000000225,0.5429999999999602,2.1599999999999486,1.0229999999999606,-1.0080000000000489,0.10800000000001475,-0.5699999999999772,0.21899999999999586,0.389999999999997,-0.023999999999997357,
-0.13949999999999996,0.6658999999999997,0.9700999999999995,0.2786999999999997,-0.9878,-0.40200000000000014,0.8566000000000003,0.6288,1.1669,-0.8780000000000001,-0.2099999999999902,2.682000000000011,4.968000000000039,3.17400000000001,-0.5279999999999951,-0.33299999999999663,-0.4380000000000184,0.1949999999999985,0.3420000000000023,0.22199999999998887,
-0.14649999999999963,0.7553000000000001,0.38450000000000006,1.1357000000000008,-1.0053999999999998,-0.4131,0.8419999999999996,1.1783000000000001,0.6353,-0.8706000000000005,-0.3360000000000163,0.771000000000015,1.1579999999999924,2.0369999999999955,-1.2809999999999988,-0.1920000000000055,-0.78599999999998,-0.4619999999999891,-0.26100000000000456,0.006000000000012662,
-0.15770000000000017,0.7810000000000006,0.4230999999999998,1.2036000000000007,-1.0480999999999998,-0.4195000000000002,0.8158000000000003,1.1629000000000005,0.6265999999999998,-0.8704000000000001,-0.06899999999999906,1.1819999999999897,1.410000000000018,2.198999999999991,-0.49800000000001177,0.36300000000000665,-0.8700000000000241,-0.4380000000000184,-0.4380000000000184,0.029999999999983373,
-0.16000000000000014,0.8204000000000002,0.4701000000000004,-1.0152,-1.0647000000000002,-0.4074,0.7867999999999995,1.1482999999999999,0.8845999999999998,-0.8694000000000006,0.2069999999999972,1.518000000000006,1.6499999999999915,0.5190000000000161,-0.05099999999998772,-0.2069999999999972,-0.5009999999999781,-0.5489999999999995,-1.523999999999992,-0.14099999999999113,
-0.15310000000000024,0.8710000000000004,0.5251000000000001,-0.9978999999999996,-1.0663999999999998,-0.4142999999999999,0.7701000000000002,1.13,0.8338000000000001,-0.8741000000000003,-0.18299999999999983,-0.5790000000000095,-0.13500000000000512,-0.03600000000002268,-0.6479999999999819,-0.32099999999999795,0.389999999999997,0.24900000000000588,-0.3029999999999866,-0.2729999999999766,
-0.15920000000000023,0.8517000000000001,0.5206,-0.9991000000000003,-1.0879999999999992,-0.4249999999999998,0.7831000000000001,1.1383,0.8237000000000005,-0.8831999999999995,0.012000000000025324,1.6710000000000225,1.5180000000000327,-0.5189999999999628,-0.14099999999999113,-0.4139999999999944,-1.0229999999999873,-0.8460000000000001,-1.8930000000000113,-0.381000000000018,
-0.15879999999999939,0.9074000000000009,0.571200000000001,-1.016399999999999,-1.092699999999999,-0.43879999999999963,0.7490000000000006,1.1101,0.7606000000000002,-0.8959000000000001,0.5279999999999951,3.3119999999999816,3.87299999999998,0.5579999999999785,5.532000000000004,-1.0650000000000226,-1.9410000000000327,-2.08800000000001,-3.2610000000000205,-0.9210000000000118,
-0.14119999999999955,-0.9977999999999998,1.0178000000000003,0.7003000000000004,-0.9082999999999988,-0.4743000000000004,0.6518999999999995,0.6842999999999995,1.0404999999999998,-0.9266000000000005,-0.7170000000000343,-0.13799999999999812,0.47399999999998776,0.6509999999999749,1.9049999999999834,0.6720000000000059,-0.683999999999978,-0.6539999999999679,-0.7679999999999954,-0.14099999999999113,
-0.1651000000000007,-1.0023999999999997,1.0335999999999999,0.7219999999999995,-0.8447999999999993,-0.4519000000000002,0.6291000000000002,0.6625000000000005,1.0149,-0.9313000000000002,-0.7379999999999853,-0.44700000000002404,1.034999999999986,1.233000000000004,-7.638000000000051,-0.6239999999999846,-1.6859999999999875,-0.9360000000000035,-1.2539999999999818,-0.38399999999998435,
-0.1897000000000002,-1.0173000000000005,0.7630999999999997,1.0680999999999994,-1.099400000000001,-0.4726999999999997,0.5729000000000006,0.9731000000000005,0.6313000000000004,-0.9440999999999997,0.6990000000000229,0.9270000000000245,2.046000000000028,1.4370000000000083,-1.0739999999999483,-0.5640000000000178,-1.164000000000005,-1.2420000000000098,-1.1880000000000024,-0.5580000000000052,
-0.16639999999999944,-0.9863999999999997,0.8313000000000006,1.1159999999999997,-1.4545999999999992,-0.49150000000000027,0.5341000000000005,0.9317000000000002,0.5917000000000003,-0.3144,-0.28200000000003556,-0.4770000000000074,-0.24300000000001987,-0.2609999999999779,0.10799999999996146,0.741000000000005,0.7349999999999923,0.42899999999998606,0.8189999999999831,1.202999999999994,
-0.17580000000000062,-1.0023,0.8231999999999999,1.1073000000000004,1.4218000000000002,-0.4668000000000001,0.5586000000000002,0.9459999999999997,0.6189999999999998,-0.3921999999999999,-0.3509999999999813,0.2940000000000076,1.2869999999999848,0.8639999999999581,-0.30000000000002025,-0.035999999999996035,-0.9690000000000065,-0.6929999999999836,-1.1219999999999963,0.12899999999999245,
-0.1875,-0.9924999999999997,0.8660999999999994,1.136099999999999,1.4117999999999995,-0.46799999999999997,0.5263,0.9229000000000003,0.5815999999999999,-0.38790000000000013,0.8430000000000071,0.06899999999999906,2.766000000000002,2.6670000000000194,0.14700000000003044,-1.2870000000000115,-2.4599999999999955,-1.062000000000003,-1.064999999999996,-1.5809999999999924,
-0.15939999999999976,-0.9901999999999997,0.9582999999999995,1.2249999999999996,-1.0900999999999996,-0.5109000000000004,0.44430000000000014,0.8875000000000002,0.5461,-0.9617000000000004,-0.7440000000000246,0.5099999999999838,1.043999999999965,0.6209999999999916,-2.184000000000026,0.09600000000001607,-0.5790000000000095,-0.07500000000001172,-0.4890000000000061,-0.07799999999997809,
-0.18420000000000059,-0.9732000000000003,0.9930999999999983,1.2456999999999994,1.3825999999999983,-0.5076999999999998,0.4249999999999998,0.8849999999999998,0.5297999999999998,-0.43740000000000023,-0.32099999999994466,0.24600000000001288,0.7860000000000866,0.8820000000000228,-0.7169999999999277,-0.18299999999999983,-1.3680000000000092,0.08399999999999075,-0.38099999999999135,-0.047999999999994714,
-0.19489999999999874,-0.9649999999999999,1.0193000000000012,1.2751000000000001,1.3587000000000007,-0.5137999999999998,0.3793999999999995,0.8877999999999995,0.5171000000000001,-0.43900000000000006,0.344999999999942,0.4289999999999594,1.379999999999928,0.8609999999999651,-0.10500000000002174,0.5459999999999798,-0.47099999999999476,0.8760000000000101,0.11999999999998678,0.2669999999999906,
-0.18340000000000067,-0.9507000000000012,0.408199999999999,1.303799999999999,1.0652999999999988,-0.4956000000000005,0.3636999999999997,-1.3418999999999999,0.5210999999999997,0.9169999999999998,0.1290000000000191,0.4800000000000537,0.4349999999999987,-0.07499999999998508,0.2940000000000076,-0.749999999999984,-0.5099999999999838,-0.6299999999999972,-0.25199999999997225,-0.8009999999999984,
-0.17910000000000004,-0.9346999999999994,1.075099999999999,1.3012999999999995,0.42269999999999897,-0.5206,0.34670000000000023,0.8902999999999999,0.5127000000000006,-1.3628999999999998,-0.35700000000002063,0.31499999999995865,0.6269999999999776,0.7980000000000054,0.2610000000000312,0.5580000000000052,-0.4619999999999891,0.6660000000000199,0.07800000000000473,1.4669999999999916,
-0.19100000000000072,-0.9242000000000008,0.4314,1.3516999999999992,1.3278999999999996,-0.5019999999999998,0.3313000000000006,-1.314,-0.4277999999999995,0.5153000000000008,-0.44999999999996376,-0.8369999999999678,-0.389999999999997,-1.2509999999999621,1.3650000000000162,0.3420000000000023,-3.0870000000000264,1.910999999999996,0.43199999999997907,-0.7620000000000093,
-0.20599999999999952,-0.9520999999999997,0.4184000000000001,1.3100000000000005,1.3734000000000002,-0.4905999999999997,0.22839999999999971,-1.2503000000000002,-0.4134000000000002,0.48990000000000045,0.2940000000000076,0.2970000000000006,-0.335999999999963,-0.3420000000000023,0.6930000000000369,0.8969999999999878,0.5039999999999978,2.162999999999995,0.1470000000000038,0.3449999999999953,
-0.19619999999999926,-0.9421999999999997,0.40720000000000134,1.2986000000000004,1.3965000000000014,-0.4607000000000001,0.24519999999999964,-1.1782000000000004,-0.4085000000000001,0.5014000000000003,-0.027000000000043656,0.3509999999999813,0.7799999999999407,-0.765000000000029,0.728999999999953,0.5189999999999895,-0.9240000000000048,1.8570000000000153,0.6480000000000086,-0.22800000000002818,
-0.19710000000000072,-0.9305000000000003,0.43319999999999936,1.2730999999999995,-1.1614000000000004,-0.44340000000000046,0.21439999999999948,-1.1162999999999998,-0.3868999999999998,-0.9287999999999998,0.5130000000000301,0.5610000000000248,0.5460000000000065,-0.3509999999999813,0.5940000000000012,0.04800000000002136,-0.7559999999999967,1.6110000000000024,0.4979999999999851,0.3029999999999866,
-0.17999999999999972,-0.9117999999999995,0.4513999999999996,1.2614,-1.1416000000000004,-0.44179999999999975,0.1891999999999996,-1.0625999999999998,-0.3703000000000003,-0.9187000000000003,-0.18900000000003914,-0.6030000000000335,0.03299999999997638,-0.20100000000001117,-0.4320000000000057,0.3509999999999813,0.1499999999999968,0.1079999999999881,0.0029999999999930083,0.25800000000001155,
-0.18630000000000102,-0.9319000000000006,0.4524999999999988,1.2546999999999997,-1.1560000000000006,-0.43010000000000037,0.19419999999999948,-1.0590000000000002,-0.37020000000000053,-0.9100999999999999,0.2940000000000076,0.31200000000001893,0.2130000000000365,-0.40199999999996905,0.4770000000000074,-0.5580000000000052,-1.3199999999999878,1.2660000000000071,-0.026999999999990365,-0.17100000000000115,
-0.17650000000000077,-0.9215,0.4596,1.2413000000000007,-1.1401000000000003,-0.44870000000000054,0.1501999999999999,-1.0168,-0.3711000000000002,-0.9158,0.02100000000000435,0.49500000000001876,0.8160000000000167,-0.45300000000001006,0.9960000000000235,1.0050000000000292,-0.9810000000000052,3.3450000000000113,0.9750000000000192,0.37500000000000533,
-0.17580000000000062,-0.9049999999999994,0.48680000000000057,1.2262000000000004,-1.1068999999999996,-0.41519999999999957,0.11749999999999972,-0.9052999999999995,-0.33859999999999957,-0.9032999999999998,0.19800000000001816,0.18000000000000682,1.08900000000002,0.14699999999997715,0.5220000000000091,-0.37500000000000533,-1.1489999999999867,1.6920000000000002,1.131000000000002,0.42899999999998606,
-0.16920000000000002,-0.8989999999999991,0.5231000000000012,1.2310999999999996,-1.0894999999999992,-0.42769999999999975,0.07920000000000016,-0.8488999999999995,-0.3008999999999995,-0.8890000000000002,-0.27300000000000324,0.09299999999994313,-0.28200000000003556,-0.4770000000000074,0.4169999999999341,0.06300000000001305,-1.559999999999988,1.1129999999999907,0.045000000000001705,-0.08699999999998376,
-0.17830000000000013,-0.895900000000001,0.5137,1.2151999999999994,-1.0756000000000014,-0.4255999999999993,0.027200000000000557,-0.8117999999999999,-0.29939999999999944,-0.8918999999999997,-0.029999999999983373,0.5190000000000694,0.0870000000000104,-0.8039999999999381,0.19500000000007844,-0.9090000000000398,-1.9110000000000227,0.7019999999999893,-0.009000000000032315,-0.3180000000000316,
-0.17929999999999957,-0.8785999999999987,0.5166000000000004,1.1884000000000015,-1.0690999999999988,-0.45590000000000064,-0.0365000000000002,-0.7884000000000002,-0.2997000000000005,-0.9025000000000007,-0.07199999999999207,-0.44100000000003803,0.11100000000000776,0.0029999999999397176,-0.006000000000039307,0.351000000000008,0.2879999999999949,0.0629999999999864,0.27300000000000324,0.1740000000000208,
-0.1816999999999993,-0.8933,0.5203000000000007,1.1884999999999994,-1.0693000000000001,-0.4442000000000004,-0.026900000000000368,-0.7863000000000007,-0.2906000000000004,-0.8967,0.40199999999996905,1.1519999999999797,0.44699999999997075,-0.2129999999999832,0.41100000000000136,-0.4919999999999991,-1.4429999999999943,0.8910000000000284,0.16800000000000814,0.49800000000001177,
-0.16830000000000034,-0.8549000000000007,0.5351999999999997,1.1814,-1.0556,-0.46060000000000034,-0.07500000000000018,-0.7565999999999997,-0.28500000000000014,-0.8800999999999997,0.0840000000000174,1.1760000000000304,0.1710000000000278,-0.7589999999999897,0.5820000000000292,-1.6439999999999788,-2.5439999999999863,0.43799999999999173,0.6780000000000186,0.5549999999999855,
-0.16549999999999976,-0.8156999999999996,0.5409000000000006,1.1561000000000003,-1.0361999999999991,-0.5153999999999996,-0.15979999999999972,-0.742,-0.2623999999999995,-0.8616000000000001,0.8099999999999774,0.8610000000000184,-0.18000000000000682,-0.047999999999994714,0.6390000000000029,0.3509999999999813,-0.11400000000000077,0.8550000000000058,1.3649999999999896,1.2750000000000128,
-0.1385000000000005,-0.786999999999999,0.5349000000000004,1.1545000000000005,-1.014899999999999,-0.5037000000000003,-0.16359999999999975,-0.7134999999999998,-0.21689999999999987,-0.8190999999999997,-0.1679999999999815,0.0389999999999624,-0.6179999999999986,-0.3540000000000276,0.07199999999999207,-0.810000000000004,-1.131000000000002,0.5069999999999908,0.3509999999999813,0.05699999999997374,
-0.1440999999999999,-0.7857000000000003,0.5143000000000004,1.1426999999999996,-1.0124999999999993,-0.5307000000000004,-0.2012999999999998,-0.6966000000000001,-0.2052000000000005,-0.8172000000000006,0.5400000000000205,0.5519999999999925,-0.14700000000003044,-0.7589999999999897,0.4739999999999611,0.22500000000000853,-0.3420000000000023,0.1740000000000208,0.28200000000003556,1.1430000000000273,
-0.1260999999999992,-0.7673000000000005,0.5093999999999994,1.1174,-0.9967000000000006,-0.5232000000000001,-0.2126999999999999,-0.6907999999999994,-0.1957999999999993,-0.7790999999999997,0.43799999999999173,0.3030000000000399,0.05400000000003402,0.3480000000000416,0.23400000000004084,-0.09299999999999642,-0.2669999999999906,-0.0840000000000174,-0.06899999999999906,-0.45300000000001006,
-0.11149999999999949,-0.7571999999999992,0.5112000000000005,1.1290000000000013,-0.9888999999999992,-0.5263,-0.22159999999999958,-0.6936,-0.19809999999999928,-0.7942,0.1770000000000138,-0.03900000000001569,-0.710999999999995,-0.6540000000000212,0.9570000000000078,-0.5460000000000065,-0.6660000000000199,0.18599999999999284,0.2609999999999779,0.4589999999999961,
-0.10559999999999903,-0.7584999999999997,0.4875000000000007,1.1072000000000006,-0.956999999999999,-0.5445000000000002,-0.24380000000000024,-0.6874000000000002,-0.1894,-0.7789000000000001,0.6989999999999696,0.3449999999999953,-0.8820000000000228,-0.7319999999999993,1.181999999999963,0.0840000000000174,-0.06599999999997941,0.5880000000000152,0.4349999999999987,0.7860000000000067,
-0.08230000000000004,-0.7469999999999999,0.45809999999999995,1.0828000000000007,-0.9176000000000002,-0.5416999999999996,-0.24599999999999955,-0.6677999999999997,-0.17490000000000006,-0.7526999999999999,-0.3749999999999787,-0.23099999999999454,-0.19799999999996487,-0.9960000000000235,0.378000000000025,-0.1920000000000055,-0.8400000000000141,0.6539999999999946,0.4830000000000201,0.1320000000000121,
-0.09479999999999933,0.4515000000000011,-0.7546999999999997,1.0495999999999999,-0.9049999999999994,-0.5480999999999998,-0.6459999999999999,-0.274,-0.15879999999999939,-0.7482999999999995,0.9629999999999939,-0.28200000000003556,0.5969999999999942,-0.2579999999999849,0.9780000000000122,-0.011999999999998678,0.6179999999999986,-0.08999999999997677,0.7229999999999936,0.3390000000000093,
-0.06269999999999953,0.44209999999999994,-0.7347999999999999,1.0410000000000004,-0.872399999999999,-0.5484999999999998,-0.6254,-0.27699999999999925,-0.1346999999999996,-0.7369999999999992,0.0,-0.2069999999999972,-0.14399999999998414,-0.6239999999999846,0.4649999999999821,-0.15600000000000946,-0.11699999999999378,-0.33000000000003027,0.1529999999999898,0.3149999999999853,
-0.06269999999999953,0.43520000000000003,-0.7395999999999994,1.0202000000000009,-0.8568999999999996,-0.5537000000000001,-0.6292999999999997,-0.28800000000000026,-0.12959999999999994,-0.7264999999999997,0.5459999999999532,0.05099999999998772,0.03599999999996939,0.5069999999999375,0.05699999999997374,0.1920000000000055,0.5309999999999881,0.5070000000000174,1.0199999999999942,0.008999999999979025,
-0.044500000000001094,0.4368999999999996,-0.7384000000000004,1.0370999999999988,-0.8550000000000004,-0.5472999999999999,-0.6116000000000001,-0.2710999999999997,-0.09560000000000013,-0.7262000000000004,-0.2609999999999779,-0.5610000000000248,0.16199999999999548,-1.3409999999999656,0.4290000000000127,-0.17100000000000115,0.30600000000000627,-0.4680000000000284,0.5039999999999978,0.22500000000000853,
-0.05320000000000036,0.4181999999999988,-0.7330000000000005,0.9924,-0.8407,-0.5529999999999999,-0.6013999999999999,-0.2867000000000006,-0.0788000000000002,-0.7187000000000001,0.768000000000022,-0.2999999999999403,1.0050000000000026,-1.410000000000018,1.955999999999971,-0.017999999999984695,0.30300000000001326,-0.9539999999999615,0.09300000000002306,-0.0059999999999860165,
-0.027599999999999625,0.4082000000000008,-0.6995000000000005,0.9453999999999994,-0.775500000000001,-0.5535999999999994,-0.5912999999999995,-0.31849999999999934,-0.07569999999999943,-0.7188999999999997,0.19199999999997885,-0.09299999999999642,0.4620000000000424,-0.6479999999999819,-0.5189999999999628,-0.03300000000000303,0.36899999999999267,-0.28800000000002157,0.22199999999998887,0.2699999999999836,
-0.02120000000000033,0.4051000000000009,-0.684099999999999,0.9238,-0.7927999999999997,-0.5546999999999995,-0.5789999999999997,-0.32810000000000006,-0.0682999999999998,-0.7099000000000002,0.32399999999999096,-0.49200000000002575,0.45299999999995677,-0.6899999999999906,-0.16500000000004178,0.3719999999999857,0.7889999999999997,0.026999999999990365,0.48599999999998644,0.36899999999999267,
-0.010400000000000631,0.38870000000000005,-0.6690000000000005,0.9008000000000003,-0.7983000000000011,-0.5423,-0.5526999999999997,-0.3272000000000004,-0.05210000000000026,-0.6976000000000004,0.2610000000000312,-0.1770000000000138,0.48299999999999343,-0.8009999999999984,0.5580000000000318,0.07199999999999207,0.78599999999998,0.5370000000000008,-0.4800000000000004,0.25500000000001855,
-0.0016999999999995907,0.3827999999999996,-0.6529000000000007,0.8741000000000003,-0.7797000000000001,-0.5399000000000003,-0.5265000000000004,-0.30930000000000035,-0.06810000000000027,-0.6890999999999998,0.2129999999999832,0.5340000000000344,0.31500000000001194,0.18899999999998585,0.378000000000025,-0.15600000000000946,-0.17699999999998717,-0.11699999999999378,0.19799999999999152,0.24899999999997924,
0.005399999999999849,0.40060000000000073,-0.6424000000000003,0.8803999999999998,-0.7670999999999992,-0.5451000000000006,-0.5324,-0.31320000000000014,-0.061500000000000554,-0.6808000000000005,-0.11999999999998678,-0.5640000000000178,-0.2639999999999709,-1.0589999999999833,-0.5549999999999855,0.3690000000000193,0.9389999999999965,0.7290000000000063,0.07500000000001172,0.384000000000011,
0.00140000000000029,0.38180000000000014,-0.6511999999999993,0.8451000000000004,-0.7855999999999987,-0.5327999999999999,-0.5011000000000001,-0.28889999999999993,-0.05900000000000016,-0.6680000000000001,-0.7409999999999783,-0.008999999999979025,0.41100000000000136,-0.7619999999999827,0.13500000000000512,0.7619999999999827,2.096999999999989,1.454999999999993,1.1730000000000107,2.433000000000005,
-0.023299999999998988,0.38150000000000084,-0.6374999999999993,0.819700000000001,-0.7810999999999986,-0.5074000000000005,-0.43120000000000047,-0.24040000000000017,-0.019899999999999807,-0.5869,-0.27599999999999625,-0.4199999999999804,-0.06000000000002004,-1.3979999999999926,-0.28800000000002157,-0.1859999999999662,0.6090000000000195,0.49800000000001177,0.30300000000001326,0.2400000000000002,
-0.03249999999999886,0.3675000000000015,-0.6395,0.7731000000000012,-0.7906999999999993,-0.5135999999999994,-0.4108999999999998,-0.22379999999999978,-0.009799999999999365,-0.5789,-0.12300000000003308,0.1289999999999658,0.28800000000002157,-0.7470000000000176,-0.13500000000000512,-0.14100000000001778,0.23699999999998056,0.1529999999999898,0.3779999999999717,0.1079999999999881,
-0.036599999999999966,0.37180000000000035,-0.6298999999999992,0.7482000000000006,-0.7951999999999995,-0.5183,-0.40300000000000047,-0.21870000000000012,0.0027999999999996916,-0.5753000000000004,0.5820000000000292,-0.1260000000000261,0.5159999999999698,0.1679999999999815,0.06600000000000605,0.24600000000001288,-0.08999999999997677,0.24300000000001987,0.021000000000030994,0.5490000000000261,
-0.017199999999998994,0.3675999999999995,-0.6127000000000002,0.7538,-0.7929999999999993,-0.5100999999999996,-0.4059999999999997,-0.21059999999999945,0.0035000000000007248,-0.5569999999999995,-0.3540000000000809,0.1679999999999815,-0.19800000000001816,-0.2160000000000295,-0.15900000000005576,0.45899999999996943,0.5639999999999912,0.4529999999999834,0.20999999999996355,0.4229999999999734,
-0.02900000000000169,0.37319999999999887,-0.6193000000000008,0.746599999999999,-0.7983000000000011,-0.4948000000000006,-0.3872,-0.1955,0.01049999999999951,-0.5429000000000004,0.1770000000000138,-0.15299999999996317,0.7170000000000343,-0.4770000000000074,-0.047999999999994714,-0.08399999999999075,-0.4440000000000044,0.2999999999999936,0.26399999999999757,0.7200000000000006,
-0.02310000000000123,0.3681000000000001,-0.5953999999999997,0.7306999999999988,-0.7999000000000009,-0.49760000000000026,-0.40200000000000014,-0.18550000000000022,0.01929999999999943,-0.5189000000000004,-0.26999999999995694,0.4679999999999751,0.4229999999999734,-1.0589999999999833,-0.5430000000000135,0.5970000000000208,-0.11999999999998678,1.158000000000019,0.6000000000000139,0.8940000000000214,
-0.032099999999999795,0.38369999999999926,-0.5813000000000006,0.6953999999999994,-0.8180000000000014,-0.47769999999999957,-0.4059999999999997,-0.1468999999999996,0.03929999999999989,-0.48909999999999965,-0.20400000000000418,5.3290705182007514E-14,0.8640000000000647,0.06300000000006634,-0.45299999999995677,-0.2310000000000212,-0.09900000000000908,-0.12300000000000644,0.05100000000001437,0.18299999999999983,
-0.038899999999999935,0.38370000000000104,-0.5524999999999984,0.6975000000000016,-0.8331,-0.4854000000000003,-0.4093,-0.1509999999999998,0.04100000000000037,-0.48299999999999965,-0.4290000000000127,-0.36300000000005994,0.06899999999994577,-0.825000000000049,-0.7890000000000263,0.27599999999999625,-0.24900000000000588,0.3029999999999866,0.2159999999999762,0.5069999999999908,
-0.05320000000000036,0.37159999999999904,-0.5502000000000002,0.6699999999999999,-0.8594000000000008,-0.4762000000000004,-0.4176000000000002,-0.14090000000000025,0.048199999999999577,-0.46609999999999996,-0.22200000000001552,-0.41100000000000136,0.22200000000001552,-0.15600000000000946,-0.5759999999999899,0.384000000000011,0.07200000000001872,0.15600000000000946,0.05400000000003402,0.14400000000001079,
-0.060600000000000875,0.357899999999999,-0.5427999999999997,0.6647999999999996,-0.8786000000000005,-0.46340000000000003,-0.41519999999999957,-0.13569999999999993,0.05000000000000071,-0.4612999999999996,-0.17399999999996751,0.3390000000000093,0.24599999999995958,0.27300000000000324,0.2069999999999972,0.09899999999998244,0.04499999999997506,0.13499999999997847,0.4229999999999734,0.5549999999999855,
-0.06639999999999979,-0.5346000000000011,0.3691999999999993,0.6738999999999997,-0.8717000000000006,-0.4601000000000006,-0.13120000000000065,-0.4137000000000004,0.06409999999999982,-0.4428000000000001,0.3330000000000233,0.75600000000005,0.29100000000006787,-0.0809999999999711,-0.44099999999998474,0.7530000000000037,0.05100000000001437,-0.4979999999999851,-0.49800000000001177,0.29099999999998793,
-0.05529999999999902,-0.5093999999999994,0.37890000000000157,0.6712000000000007,0.11880000000000024,-0.4350000000000005,-0.12950000000000017,-0.4302999999999999,0.04749999999999943,-0.9733,-0.19800000000001816,0.6899999999999906,0.0839999999999641,-0.18000000000000682,0.6360000000000099,0.5610000000000248,0.8430000000000071,0.6179999999999986,-0.014999999999991687,0.9570000000000078,
-0.06189999999999962,-0.4863999999999997,0.3817000000000004,0.6652000000000005,0.14000000000000057,-0.41629999999999967,-0.10139999999999993,-0.40969999999999995,0.04699999999999971,-0.9413999999999998,-0.9150000000000524,-0.3390000000000093,-1.1190000000000566,-0.20700000000005048,-0.5850000000000222,0.2549999999999919,-0.36000000000001364,-0.06600000000000605,-0.37500000000000533,0.8069999999999844,
-0.09240000000000137,-0.49770000000000003,0.3443999999999985,0.6582999999999988,0.12049999999999983,-0.40779999999999994,-0.11340000000000039,-0.41190000000000015,0.03449999999999953,-0.9145000000000003,-0.14999999999997016,0.2549999999999919,0.5430000000000668,0.41400000000004766,-0.047999999999994714,0.22200000000001552,0.2190000000000225,0.11400000000002741,0.24300000000001987,0.6330000000000169,
-0.09740000000000038,-0.4892000000000003,0.3625000000000007,0.6721000000000004,0.1189,-0.4003999999999994,-0.10609999999999964,-0.40809999999999924,0.04260000000000019,-0.8933999999999997,-0.22200000000001552,-0.20400000000000418,-0.2190000000000225,-0.2670000000000172,-0.8100000000000307,0.23999999999997357,0.2609999999999779,0.1409999999999645,-0.5640000000000178,0.5789999999999829,
-0.10480000000000089,-0.49600000000000044,0.35519999999999996,0.6631999999999998,0.09189999999999898,-0.3924000000000003,-0.09740000000000038,-0.4034000000000004,0.0237999999999996,-0.8741000000000003,-0.4259999999999664,-0.2970000000000006,-0.012000000000025324,-0.22200000000001552,-0.03299999999997638,0.06300000000001305,-0.029999999999983373,-0.1079999999999881,-0.4799999999999738,-0.2729999999999766,
-0.11899999999999977,-0.5059000000000005,0.3547999999999991,0.6557999999999993,0.09079999999999977,-0.39029999999999987,-0.09839999999999982,-0.40700000000000003,0.007800000000000473,-0.8831999999999995,-0.8309999999999818,-0.6989999999999696,-0.31499999999995865,-0.10199999999997544,-1.0139999999999816,0.2099999999999902,-0.15300000000001646,-0.4440000000000044,0.2849999999999753,0.8609999999999651,
-0.14669999999999916,-0.5291999999999994,0.3443000000000005,0.6524000000000001,0.057000000000000384,-0.3833000000000002,-0.10350000000000037,-0.4218000000000002,0.01729999999999965,-0.8545000000000007,-0.41100000000000136,-0.2519999999999989,0.10499999999996845,0.09599999999998943,-0.9869999999999912,0.15000000000002345,-0.5009999999999781,-0.6659999999999933,-1.142999999999974,0.2760000000000229,
-0.1603999999999992,-0.5375999999999994,0.34779999999999944,0.6555999999999997,0.024100000000000676,-0.3782999999999994,-0.12019999999999964,-0.44399999999999995,-0.020799999999999486,-0.8452999999999999,-0.6600000000000605,-1.1280000000000356,-0.4320000000000057,-0.5640000000000178,-0.44100000000003803,0.2849999999999753,0.22499999999998188,-0.1499999999999968,0.5039999999999711,1.4429999999999943,
-0.18240000000000123,0.33339999999999925,-0.5752000000000006,0.6367999999999991,0.009399999999999409,-0.36880000000000024,-0.44899999999999984,-0.11270000000000024,-0.004000000000000448,-0.7972000000000001,-0.24299999999996658,-0.17999999999995353,-0.335999999999963,0.015000000000018332,-0.7049999999999557,-0.1920000000000055,-0.6869999999999976,0.01800000000001134,-0.6899999999999906,-0.6840000000000046,
-0.1905000000000001,0.3274000000000008,-0.5863999999999994,0.6372999999999998,-0.014099999999999113,-0.3752000000000004,-0.47189999999999976,-0.11209999999999987,-0.027000000000000135,-0.8200000000000003,0.36899999999999267,0.6719999999999793,0.39599999999998303,0.09899999999998244,0.3029999999999866,0.1049999999999951,-0.381000000000018,0.023999999999997357,0.27899999999998926,0.5460000000000065,
-0.17820000000000036,-0.5731999999999999,0.3498000000000001,0.6405999999999992,-0.0039999999999995595,-0.3717000000000006,-0.11129999999999995,-0.48460000000000036,-0.017700000000000493,-0.8018000000000001,-0.09899999999998244,-0.20400000000000418,-0.32099999999999795,-0.15299999999996317,-0.05400000000003402,0.10500000000002174,0.1290000000000191,-0.07199999999999207,-0.24599999999998623,-0.13799999999999812,
-0.18149999999999977,-0.5800000000000001,0.3391000000000002,0.6355000000000004,-0.0058000000000006935,-0.36819999999999986,-0.10699999999999932,-0.4870000000000001,-0.025900000000000034,-0.8064,-0.10800000000001475,-0.2610000000000312,0.44699999999997075,0.2999999999999936,-0.10799999999996146,0.06899999999999906,0.7439999999999714,-0.023999999999997357,0.05999999999999339,0.03300000000000303,
-0.18510000000000026,-0.5887000000000011,0.3539999999999992,0.6455000000000002,-0.009399999999999409,-0.3658999999999999,-0.08220000000000027,-0.4878,-0.023900000000000254,-0.8052999999999999,-0.6899999999999906,-1.1339999999999684,-0.9239999999999782,-0.834000000000028,-1.536000000000044,0.1649999999999885,1.1460000000000203,-0.6630000000000003,0.17100000000000115,0.13500000000000512,
-0.20809999999999995,0.32319999999999993,0.6176999999999992,-0.6265000000000001,-0.060600000000000875,-0.3604000000000003,-0.5099,-0.018200000000000216,-0.043999999999999595,-0.8007999999999997,-0.32699999999998397,-0.1290000000000191,0.20100000000001117,-0.06300000000001305,-0.8699999999999974,0.6480000000000086,0.5639999999999912,-0.47399999999998776,1.100999999999992,0.12899999999999245,
-0.21899999999999942,0.3188999999999993,0.6243999999999996,-0.6286000000000005,-0.08960000000000079,-0.3388,-0.4911000000000003,-0.03399999999999981,-0.007299999999999862,-0.7965,-0.710999999999995,0.03900000000001569,-0.27000000000001023,-0.6089999999999662,-0.8549999999999791,-0.047999999999994714,-0.3149999999999853,0.18299999999999983,1.031999999999993,-0.14400000000001079,
-0.24269999999999925,0.3201999999999998,0.6153999999999993,-0.6488999999999994,-0.1181000000000001,-0.3403999999999998,-0.5015999999999998,-0.027899999999999814,0.027099999999999902,-0.8013000000000003,-0.5430000000000135,-0.5369999999999742,-0.3420000000000023,-0.8760000000000367,-0.9750000000000192,0.3779999999999717,0.09599999999998943,-0.29700000000002724,0.6479999999999819,0.00900000000000567,
-0.2607999999999997,0.3023000000000007,0.6039999999999992,-0.6781000000000006,-0.15060000000000073,-0.32780000000000076,-0.4984000000000002,-0.03780000000000072,0.0486999999999993,-0.8010000000000002,0.4800000000000004,0.5819999999999759,0.009000000000032315,0.4260000000000197,0.4169999999999874,0.31800000000000495,0.18599999999999284,-0.06599999999997941,-0.014999999999991687,-0.1499999999999968,
-0.24479999999999968,0.3216999999999999,0.6043000000000003,-0.6638999999999999,-0.13670000000000115,-0.3172000000000006,-0.4922000000000004,-0.040000000000000036,0.048199999999999577,-0.806,-0.10199999999997544,-0.36299999999995336,-0.1289999999999658,-0.40199999999996905,-1.2149999999999395,0.375000000000032,-0.1079999999999881,-0.2400000000000002,0.8370000000000211,-0.011999999999998678,
-0.24819999999999887,0.30960000000000143,0.6000000000000014,-0.6772999999999989,-0.17719999999999914,-0.3046999999999995,-0.4958,-0.04800000000000004,0.07610000000000028,-0.8064,-0.9300000000000175,-0.1740000000000208,0.3509999999999813,-0.7830000000000403,-2.247000000000039,0.8399999999999874,-1.031999999999993,-1.0889999999999933,1.1549999999999994,-1.7580000000000062,
-0.27919999999999945,0.30380000000000074,0.6117000000000008,-0.7034000000000002,-0.25210000000000043,-0.27669999999999995,-0.5301999999999998,-0.08429999999999982,0.11460000000000026,-0.8650000000000002,-0.2970000000000006,-0.5279999999999951,-0.40200000000002234,-0.5369999999999742,-1.0649999999999693,0.8759999999999835,0.9779999999999855,-0.08100000000002439,1.1279999999999824,-0.3720000000000123,
-0.28909999999999947,0.2862000000000009,0.5983,-0.7212999999999994,-0.2875999999999994,-0.2475000000000005,-0.49760000000000026,-0.08700000000000063,0.15219999999999967,-0.8774000000000006,-0.8549999999999791,-0.4740000000000144,-0.35699999999996734,-0.36899999999999267,-1.3260000000000005,0.5069999999999908,-0.36599999999999966,-0.06899999999999906,0.713999999999988,-0.3029999999999866,
-0.31759999999999877,0.2704000000000004,0.5864000000000011,-0.33179999999999943,0.8501000000000012,-0.2306000000000008,-0.5098000000000003,-0.0893000000000006,-0.8875000000000002,0.6523999999999992,-0.3000000000000469,0.338999999999956,0.5129999999999235,1.1939999999999884,-0.09600000000004272,0.6600000000000072,0.04199999999998205,-0.36599999999999966,-2.6910000000000167,-0.5609999999999982,
-0.32760000000000034,0.28169999999999895,0.6034999999999986,-0.2919999999999998,0.8468999999999998,-0.20860000000000056,-0.5084000000000009,-0.10150000000000059,-0.9772000000000007,0.6336999999999993,-0.15000000000002345,-0.11699999999999378,-0.11699999999999378,-1.0590000000000366,-0.06899999999999906,-0.03899999999998904,-0.2339999999999609,-0.20099999999998452,0.8970000000000411,0.20700000000002383,
-0.3326000000000011,0.27779999999999916,0.5995999999999988,-0.32730000000000103,0.8445999999999998,-0.2099000000000002,-0.5161999999999995,-0.10820000000000007,-0.9472999999999994,0.6406000000000001,-0.6059999999999732,-0.2639999999999709,0.048000000000048004,-0.719999999999974,-0.06600000000000605,-0.42599999999999305,-0.762000000000036,-1.260000000000021,-0.6420000000000226,-1.0050000000000026,
-0.3528000000000002,0.26900000000000013,0.6012000000000004,-0.35130000000000017,0.8423999999999996,-0.22409999999999997,-0.5416000000000007,-0.15020000000000078,-0.9687000000000001,0.6071,-1.5419999999999767,-0.8519999999999861,-0.1260000000000261,-0.6929999999999836,0.15600000000000946,0.680999999999985,-0.4949999999999921,-1.0889999999999933,-1.2269999999999914,-1.5300000000000047,
-0.40419999999999945,0.2406000000000006,0.5969999999999995,0.8475999999999999,-0.3743999999999996,-0.20140000000000047,-0.5581000000000005,-0.18650000000000055,0.5560999999999998,-1.0095999999999998,-0.40200000000002234,-0.28500000000002856,0.12300000000003308,-0.24299999999996658,-2.1119999999999806,-0.19799999999999152,-0.8879999999999821,-0.9659999999999869,-1.3169999999999948,0.035999999999996035,
-0.4176000000000002,0.23109999999999964,0.6011000000000006,0.839500000000001,-0.444799999999999,-0.20800000000000018,-0.5876999999999999,-0.21870000000000012,0.5122,-1.0084,-0.5940000000000012,-0.28199999999998226,-0.45300000000001006,0.0809999999999711,-1.1400000000000077,0.31800000000000495,-0.2999999999999936,-0.12899999999999245,-0.7379999999999853,0.07800000000000473,
-0.43740000000000023,0.5860000000000003,0.22170000000000023,0.8422000000000001,-0.48279999999999923,-0.19740000000000002,-0.22299999999999986,-0.5976999999999997,0.4876000000000005,-1.0057999999999998,-0.20100000000001117,-0.2610000000000312,-0.0029999999999930083,0.11400000000000077,-0.5460000000000065,0.5280000000000218,-0.36299999999998,-0.36899999999999267,-0.5460000000000065,-0.5489999999999995,
-0.4441000000000006,0.5772999999999993,0.22160000000000046,0.8460000000000001,-0.5009999999999994,-0.1797999999999993,-0.2350999999999992,-0.6099999999999994,0.46940000000000026,-1.0240999999999998,0.27300000000000324,0.6690000000000396,0.5639999999999645,0.4349999999999987,0.9089999999999598,-0.3300000000000036,-0.3210000000000246,-0.22500000000000853,-0.4499999999999904,-0.354000000000001,
-0.4350000000000005,0.5996000000000006,0.24039999999999928,0.8605,-0.4707000000000008,-0.19079999999999941,-0.24580000000000002,-0.6174999999999997,0.4544000000000006,-1.0358999999999998,-0.7049999999999557,-0.3090000000000259,-0.2519999999999456,-0.09899999999998244,-1.0169999999999746,1.1969999999999814,-0.24299999999999322,-0.22200000000001552,-0.3210000000000246,-0.0029999999999930083,
-0.458499999999999,0.5892999999999997,0.2320000000000011,0.8572000000000006,0.3893000000000004,-0.15090000000000003,-0.2538999999999998,-0.6249000000000002,0.44369999999999976,-1.0644,-0.03300000000002967,-0.48299999999999343,-1.083000000000034,0.40499999999996206,-0.009000000000032315,1.6019999999999968,0.07499999999998508,-0.4469999999999974,-1.0769999999999946,1.0199999999999942,
-0.4596,0.5731999999999999,0.19589999999999996,0.8706999999999994,0.38899999999999935,-0.09750000000000014,-0.2514000000000003,-0.6398000000000001,0.40779999999999994,-1.0304000000000002,0.7410000000000316,-0.2159999999999762,-0.13799999999999812,0.7830000000000403,-0.2129999999999832,0.48599999999998644,-0.11400000000000077,-0.46800000000000175,-0.8460000000000001,-0.08399999999999075,
-0.43489999999999895,0.5660000000000007,0.19130000000000003,0.8968000000