-0.13599999999999923,-0.15279999999999916,-0.8022999999999998,-1.1296,-0.8291999999999993,-0.6403999999999996,0.8559999999999999,-0.34970000000000034,0.1838999999999995,0.8195999999999994,-0.6780000000000186,-1.1070000000000313,-0.4800000000000004,-0.8790000000000031,-0.8730000000000171,-0.762000000000036,-0.5790000000000095,-1.0050000000000026,-1.2209999999999788,-1.0829999999999806,
-0.15859999999999985,-0.1897000000000002,-0.8182999999999998,-0.8582999999999998,-1.1589,-0.6658000000000008,0.8366999999999996,-0.38320000000000043,0.7835000000000001,0.14320000000000022,-0.4769999999999808,-0.8339999999999748,-0.5849999999999955,-0.6179999999999986,-1.6109999999999758,-0.5340000000000078,-0.7530000000000037,-0.6240000000000112,-0.39300000000001667,-0.5340000000000078,
-0.1744999999999992,-0.21749999999999936,-0.8377999999999997,-0.8788999999999998,-1.2125999999999992,-0.6836000000000011,0.8115999999999994,-0.4040000000000008,0.7703999999999995,0.12539999999999996,0.2849999999999753,0.026999999999990365,-0.45000000000001705,-0.16199999999999548,0.1649999999999885,0.05100000000004101,-0.05699999999997374,-0.05399999999998073,-0.20699999999997054,-0.0029999999999930083,
-0.16500000000000004,-0.21659999999999968,-0.8528000000000002,-0.8842999999999996,-1.2070999999999996,-0.6818999999999997,0.8097000000000003,-0.40580000000000016,0.7635000000000005,0.1253000000000002,-0.7620000000000093,-0.804000000000018,-0.5370000000000008,-1.2840000000000185,-1.4310000000000223,-0.8190000000000097,-0.6810000000000116,-1.2450000000000028,-0.804000000000018,-1.1520000000000064,
-0.19040000000000035,-0.24340000000000028,-0.8707000000000003,-0.9271000000000003,-1.2548000000000004,-0.7092,0.7869999999999999,-0.44730000000000025,0.7366999999999999,0.08689999999999998,-0.7469999999999644,-1.6769999999999818,-0.9089999999999865,-1.2209999999999788,-3.3299999999999663,-0.34800000000001496,-0.4019999999999957,-0.5820000000000025,-0.9389999999999965,-0.5550000000000122,
-0.21529999999999916,-0.2992999999999997,-0.9009999999999998,-0.9677999999999995,-0.6471,-0.7208000000000006,0.7736000000000001,-0.46670000000000034,0.7054,1.133,-0.5100000000000104,-1.023000000000014,-0.9089999999999865,-1.1579999999999924,-0.3749999999999787,-0.5789999999999829,-0.4649999999999821,-0.6029999999999802,-0.9119999999999795,-0.07499999999998508,
-0.2322999999999995,-0.33340000000000014,-0.9312999999999994,-1.0063999999999993,-0.6595999999999993,-0.7401,0.7581000000000007,-0.4867999999999997,0.6750000000000007,1.1305000000000005,-0.34200000000002895,-0.6810000000000116,0.20099999999998452,-0.48900000000003274,-0.4290000000000127,-0.7410000000000316,-0.8610000000000184,-0.9480000000000288,-0.8640000000000381,-1.161000000000012,
-0.24370000000000047,-0.3561000000000005,-0.9245999999999999,-1.0227000000000004,-0.6738999999999997,-0.764800000000001,0.7294,-0.5184000000000006,0.6461999999999994,1.0918,-0.1079999999999881,-1.1459999999999937,-0.5340000000000078,-0.9329999999999838,-0.7530000000000037,0.03000000000001002,0.19799999999999152,0.2670000000000172,0.31800000000000495,0.5489999999999995,
-0.24730000000000008,-0.3943000000000003,-0.9424000000000001,-1.0537999999999998,-0.6989999999999998,-0.7638000000000007,0.7359999999999998,-0.5095000000000001,0.6567999999999996,1.1101,-0.13500000000000512,-0.24599999999998623,-0.6539999999999946,-0.03600000000002268,-0.16800000000000814,-0.011999999999998678,0.011999999999998678,-0.30000000000002025,-0.1890000000000125,0.05699999999997374,
-0.25180000000000025,-0.40249999999999986,-0.9642,-1.0550000000000006,-0.7046000000000001,-0.7642000000000007,0.7363999999999997,-0.5195000000000007,0.6504999999999992,1.1119999999999992,-0.08999999999997677,-0.5879999999999885,-0.09000000000000341,-1.0649999999999693,-0.5339999999999812,-0.43199999999997907,-0.5460000000000065,-0.8099999999999774,-0.8879999999999821,-0.8879999999999821,
-0.25479999999999947,-0.4220999999999995,-0.9672000000000001,-1.0904999999999996,-0.7223999999999995,-0.7786,0.7181999999999995,-0.5465,0.6208999999999998,1.0823999999999998,-0.09600000000001607,-1.869000000000014,0.13500000000000512,-1.4970000000000017,-1.194000000000015,-0.8609999999999918,-1.14899999999996,-0.9749999999999925,-0.19199999999997885,-0.5609999999999715,
-0.48439999999999994,-0.258,-0.9626999999999999,-1.1403999999999996,-0.7622,0.6799000000000008,-0.8072999999999997,-0.5789999999999997,0.6145000000000005,1.0637000000000008,-0.8640000000000114,0.0029999999999930083,0.33899999999998265,-0.9660000000000135,-0.5610000000000248,-0.5880000000000418,-0.1049999999999951,-0.39900000000002933,0.06599999999997941,-0.32700000000003726,
-0.5132000000000003,-0.25790000000000024,-0.9514000000000005,-0.7809000000000008,-1.1726,0.6602999999999994,-0.8107999999999995,-0.5923000000000007,1.0527999999999995,0.6166999999999998,-0.6329999999999902,0.14400000000001079,-0.4529999999999834,-0.8369999999999944,-1.197000000000008,-0.3479999999999883,0.054000000000007375,0.05700000000002703,0.06300000000001305,0.5070000000000174,
-0.5343,-0.2530999999999999,-0.9664999999999999,-0.8088000000000006,-1.2125000000000004,0.6486999999999998,-0.8089999999999993,-0.5903999999999998,1.0549,0.6336000000000004,-0.9149999999999991,0.02100000000000435,-0.1049999999999951,-1.2779999999999792,-1.20899999999998,-0.743999999999998,0.011999999999998678,-0.09000000000000341,0.36000000000001364,0.047999999999994714,
-0.5648,-0.25239999999999974,-0.9699999999999998,-0.8513999999999999,-1.2527999999999997,0.6238999999999999,-0.8085999999999993,-0.5933999999999999,1.0669000000000004,0.6352000000000002,0.09000000000000341,0.24600000000001288,0.09900000000000908,0.5489999999999995,-0.18000000000000682,0.006000000000012662,-0.1560000000000361,0.0870000000000104,0.1920000000000055,0.16800000000000814,
-0.5617999999999999,-0.2441999999999993,-0.9666999999999994,-0.8331,-1.2588,0.6241000000000003,-0.8138000000000005,-0.5904999999999996,1.0733000000000006,0.6408000000000005,-0.6510000000000016,0.37799999999999834,-0.13799999999999812,-0.5279999999999951,-0.6479999999999819,-1.3949999999999996,0.19800000000001816,-0.45600000000000307,0.5879999999999885,0.78599999999998,
-0.5834999999999999,-0.23159999999999936,-0.9712999999999994,-0.8506999999999998,-1.2803999999999993,0.5776000000000003,-0.8071999999999999,-0.6056999999999997,1.0929000000000002,0.6669999999999998,-1.4340000000000153,0.40199999999996905,-0.6630000000000269,-1.5329999999999977,-2.070000000000025,-1.4789999999999903,0.0660000000000327,0.24299999999999322,0.5460000000000065,0.9930000000000039,
-0.6313000000000004,-0.2182000000000004,-0.9934000000000003,-0.9017999999999997,-1.3494000000000002,0.5283000000000007,-0.8049999999999988,-0.5975999999999999,1.1111000000000004,0.7001,-0.13500000000000512,0.7919999999999927,-0.0420000000000087,-0.35700000000002063,-0.9570000000000078,-1.3470000000000049,-0.33000000000003027,-0.6209999999999916,0.06599999999997941,1.2720000000000198,
-0.6358000000000006,-0.19180000000000064,-0.9948000000000006,-0.9137000000000004,0.22219999999999995,0.4834000000000005,-0.8159999999999998,-0.6182999999999996,1.1132999999999997,-1.5194,-0.05999999999999339,0.7950000000000124,-0.0629999999999864,-0.9269999999999978,0.78599999999998,-1.617000000000015,-0.11099999999998111,-0.0840000000000174,0.4440000000000044,-0.1079999999999881,
-0.6378000000000004,-0.16530000000000022,-0.9969000000000001,-0.9446000000000003,0.2483999999999993,0.4295,-0.8196999999999992,-0.6211000000000002,1.1280999999999999,-1.5229999999999997,-0.5820000000000025,0.13799999999999812,-0.8129999999999971,-0.4619999999999891,-0.4559999999999764,-1.0199999999999942,0.7019999999999627,-0.8460000000000001,0.41100000000000136,-0.1770000000000138,
-0.6572000000000005,-0.1607000000000003,-1.024,-0.96,0.23320000000000007,0.3955000000000002,-0.7963000000000005,-0.6493000000000002,1.1418,-1.5289000000000001,0.13500000000000512,-0.07199999999999207,-0.035999999999996035,-0.4890000000000061,0.2940000000000076,-0.03900000000001569,-0.30299999999995997,0.2069999999999972,0.2820000000000089,0.20099999999998452,
-0.6527000000000003,-0.16310000000000002,-1.0252,-0.9763000000000002,0.24300000000000033,0.39419999999999966,-0.8063999999999991,-0.6424000000000003,1.1512000000000002,-1.5222000000000007,-0.08399999999999075,0.9449999999999825,0.014999999999991687,-0.24300000000001987,0.33899999999998265,-1.4729999999999777,0.1709999999999745,-0.05999999999996675,0.20400000000000418,-0.5849999999999689,
-0.6555,-0.1316000000000006,-1.0247000000000002,-0.9844000000000008,0.0016999999999995907,0.3451000000000004,-0.8007,-0.6443999999999992,1.1580000000000004,1.5437000000000003,-0.21600000000000286,1.3170000000000215,-0.5879999999999885,-1.1249999999999627,2.08800000000001,-1.5600000000000147,0.8399999999999874,0.5339999999999545,1.9889999999999741,-0.46500000000000874,
-0.6627000000000001,-0.08769999999999989,-1.0442999999999998,0.07129999999999992,-0.5500999999999996,0.2930999999999999,-0.7727000000000004,-0.6266000000000007,1.5282,-1.438600000000001,-0.4019999999999957,0.5399999999999938,-0.36300000000000665,1.6320000000000068,0.356999999999994,-0.8129999999999971,0.06899999999999906,0.2130000000000365,-0.9359999999999769,-0.5609999999999715,
-0.6760999999999999,-0.0697000000000001,-1.0564,0.12570000000000014,0.30379999999999985,0.266,-0.7704000000000004,-0.6194999999999995,1.4970000000000008,-1.5105000000000004,-0.3420000000000023,0.8160000000000167,-0.02100000000000435,1.2060000000000137,0.5820000000000025,-0.40800000000000836,0.6029999999999802,0.5669999999999842,-0.2730000000000299,0.39899999999997604,
-0.6875,-0.04249999999999954,-1.0571000000000002,0.1659000000000006,0.32319999999999993,0.25239999999999974,-0.7503000000000011,-0.6006,1.4878999999999998,-1.4972000000000012,-0.24600000000001288,0.8429999999999804,-0.29099999999998793,1.2329999999999774,0.7919999999999927,0.047999999999994714,0.39900000000002933,0.5279999999999951,-1.0889999999999933,0.012000000000025324,
-0.01440000000000019,-0.6957000000000004,-1.0667999999999997,0.20699999999999985,-0.5145999999999997,-0.7370000000000001,0.25399999999999956,-0.5830000000000002,1.4516,-1.4316999999999993,-0.5130000000000035,-0.7619999999999827,-0.4349999999999987,-0.08099999999999774,-0.6210000000000182,-0.1649999999999885,-0.4829999999999668,-0.36899999999999267,-0.5010000000000048,-0.774000000000008,
-0.031500000000000306,-0.7210999999999999,-1.0812999999999997,0.20429999999999993,0.3324999999999996,-0.7424999999999997,0.23790000000000067,-0.5952999999999999,1.4348999999999998,-1.501199999999999,0.9269999999999978,-0.10200000000000209,-0.45000000000001705,1.3289999999999935,0.6570000000000142,0.6930000000000103,0.5099999999999838,1.449000000000007,-0.32099999999999795,0.5009999999999781,
-6.00000000000378E-4,-0.7244999999999999,-1.0963000000000003,0.2485999999999997,-0.5453000000000001,-0.7193999999999994,0.2549000000000001,-0.5469999999999997,1.4242,-1.4102000000000006,0.22800000000000153,-1.6260000000000208,-1.515000000000013,1.2090000000000067,-0.8670000000000044,1.1009999999999653,0.9360000000000035,1.775999999999991,-1.2719999999999931,2.0160000000000178,
0.006999999999999673,-0.7787000000000006,-1.1468000000000007,0.28889999999999993,-0.5742000000000003,-0.6827000000000005,0.28610000000000024,-0.4878,1.3818000000000001,-1.343,0.2820000000000089,-0.44999999999996376,-0.13199999999998546,1.1460000000000203,0.2640000000000242,0.2519999999999989,-0.31800000000000495,0.7919999999999927,-0.8640000000000114,0.78599999999998,
0.01639999999999997,-0.7936999999999994,-1.1512000000000002,0.3271000000000006,-0.5653999999999995,-0.6743000000000006,0.2755000000000001,-0.46140000000000025,1.3529999999999998,-1.3168000000000006,0.22500000000000853,-0.9179999999999922,-0.5999999999999872,0.351000000000008,-0.9629999999999939,0.06000000000004668,0.2910000000000146,0.735000000000019,-0.16199999999999548,2.043000000000008,
0.023900000000000254,-0.8242999999999991,-1.1711999999999998,-0.5974999999999993,0.3388000000000009,-0.672299999999999,0.28520000000000056,-0.4368999999999996,-1.2487000000000004,1.3476,-0.1949999999999985,-1.053000000000024,-0.5370000000000275,-0.771000000000015,0.365999999999973,0.11699999999996713,-0.2519999999999989,0.09299999999999642,0.2879999999999949,-0.9389999999999965,
0.017400000000000304,-0.8593999999999999,-1.1891000000000007,0.351,-0.6231999999999998,-0.6684000000000001,0.2768000000000006,-0.43379999999999974,1.3163,-1.2391000000000005,0.10499999999996845,0.5099999999999838,0.047999999999994714,0.023999999999997357,0.2579999999999849,-0.0840000000000174,0.0629999999999864,0.365999999999973,0.5250000000000021,0.2610000000000312,
0.020899999999999253,-0.8424000000000005,-1.1875000000000009,-0.6146000000000003,0.3517999999999999,-0.6712000000000007,0.27890000000000015,-0.42160000000000064,-1.2303999999999995,1.3338,0.0840000000000174,-0.6419999999999959,-0.6089999999999662,-0.7559999999999967,0.2970000000000006,0.03300000000002967,-0.24900000000000588,0.795000000000039,1.3109999999999822,-0.1049999999999951,
0.023699999999999832,-0.8638000000000003,-1.2077999999999998,-0.6398000000000001,0.3616999999999999,-0.6700999999999997,0.27059999999999995,-0.39509999999999934,-1.1867,1.3303000000000003,0.24300000000001987,-0.1470000000000038,-0.9420000000000162,-0.5009999999999781,0.24600000000001288,-0.029999999999983373,-2.1239999999999792,0.09000000000000341,1.9830000000000148,-0.029999999999983373,
0.031800000000000495,-0.8687000000000005,-0.6564999999999994,-1.2392000000000003,0.36990000000000034,-0.6710999999999991,0.19980000000000064,-1.1205999999999996,-0.3920999999999992,1.3293000000000008,-0.04800000000002136,-0.743999999999998,-0.834000000000028,-0.05999999999999339,-0.5910000000000082,-0.6990000000000496,0.3779999999999717,0.9149999999999725,-0.14100000000004442,0.16199999999996884,
0.030199999999999783,-0.8935000000000004,-0.6843000000000004,-1.2412,0.35020000000000007,-0.6944000000000008,0.2123999999999997,-1.0901000000000005,-0.3968000000000007,1.3346999999999998,-0.09299999999996977,-0.08399999999999075,-0.6899999999999906,-1.131000000000002,-0.779999999999994,-0.03599999999996939,-0.48299999999999343,0.5460000000000065,0.2340000000000142,-0.3059999999999796,
0.02710000000000079,-0.8963000000000001,-0.7073,-1.2789000000000001,0.32420000000000027,-0.6955999999999998,0.19629999999999992,-1.0719000000000003,-0.38900000000000023,1.3245000000000005,-0.4980000000000384,-0.6179999999999986,-1.1760000000000304,-1.3559999999999839,-1.3020000000000298,0.2099999999999902,0.0870000000000104,0.5400000000000205,1.092000000000013,0.9209999999999852,
0.01049999999999951,-0.9169,-0.746500000000001,-1.3240999999999996,0.2807999999999993,-0.6886000000000001,0.19920000000000027,-1.0538999999999996,-0.3525999999999998,1.3552,0.20700000000002383,0.006000000000012662,0.34200000000002895,0.24299999999999322,0.30000000000002025,-0.22800000000000153,-0.2970000000000006,-0.4230000000000267,-0.777000000000001,0.0870000000000104,
0.017400000000000304,-0.9166999999999996,-0.7351000000000001,-1.3159999999999998,0.29079999999999995,-0.6962000000000002,0.18930000000000025,-1.0680000000000005,-0.37849999999999984,1.3581000000000003,0.22200000000001552,0.1920000000000055,-0.8790000000000031,-0.4499999999999904,-0.6509999999999749,0.12300000000000644,0.0629999999999864,0.5070000000000174,1.0499999999999776,0.29099999999998793,
0.02480000000000082,-0.9102999999999994,-0.7644000000000002,-1.3309999999999995,0.2691000000000008,-0.6920999999999999,0.1913999999999998,-1.0511,-0.3435000000000006,1.3678,-0.5040000000000244,-0.7200000000000273,-1.6739999999999888,-0.7349999999999923,-2.439000000000018,0.34200000000002895,0.45300000000001006,-0.24899999999997924,0.6210000000000182,1.7190000000000172,
0.008000000000000007,-0.9343000000000004,-0.8201999999999998,-1.3554999999999993,0.1878000000000002,-0.680699999999999,0.20650000000000013,-1.0593999999999992,-0.3228,1.4251000000000005,0.31500000000001194,-0.49800000000001177,-1.3739999999999952,-0.6030000000000335,-1.385999999999994,-0.1950000000000518,0.1529999999999898,-1.0410000000000519,-0.02700000000001701,-0.2370000000000072,
0.018500000000000405,-0.9509000000000007,-0.8659999999999997,-1.3756000000000004,0.1416000000000004,-0.6872000000000007,0.2115999999999998,-1.094100000000001,-0.32370000000000054,1.4172000000000002,0.4619999999999891,0.36300000000000665,-0.4589999999999961,-0.381000000000018,-0.14400000000001079,-0.5519999999999659,0.46500000000000874,-0.41699999999996074,0.13200000000003875,0.0029999999999930083,
0.03390000000000004,-0.9388000000000005,-0.8812999999999995,0.13680000000000003,-1.388300000000001,-0.7055999999999996,0.22710000000000008,-1.1079999999999997,1.4173,-0.31929999999999925,-0.18299999999999983,0.026999999999990365,-0.9090000000000131,-0.9750000000000192,-0.9959999999999702,0.6779999999999653,0.7589999999999897,0.27300000000000324,0.8249999999999957,1.0859999999999737,
0.027800000000000047,-0.9379000000000008,-0.9116,0.1042999999999994,-1.4215,-0.6830000000000007,0.25239999999999974,-1.0988999999999995,1.4447999999999999,-0.28310000000000013,0.18299999999999983,-0.13499999999997847,0.024000000000024002,0.02700000000001701,0.6299999999999972,-0.00899999999995238,0.03000000000001002,-0.14400000000001079,-0.47399999999998776,-0.045000000000001705,
0.03390000000000004,-0.9424000000000001,-1.4005,-0.9107999999999992,0.10519999999999996,-0.6832999999999991,0.25340000000000007,-0.2846000000000002,-1.1037,1.4290000000000003,-0.08999999999997677,-0.7919999999999927,-1.2509999999999888,-0.8670000000000311,-1.424999999999983,0.2159999999999762,0.33299999999999663,0.4410000000000114,0.2940000000000076,0.48299999999999343,
0.030900000000000816,-0.9687999999999999,-0.9397000000000002,0.05770000000000053,-1.4421999999999997,-0.6760999999999999,0.26449999999999996,-1.0938999999999997,1.4451,-0.2698999999999998,0.4979999999999851,-0.738000000000012,-1.0499999999999776,-1.3350000000000062,-0.11400000000002741,0.9179999999999922,1.841999999999997,1.2689999999999735,-1.2269999999999914,0.710999999999995,
0.04750000000000032,-0.9934000000000003,0.013200000000000323,-0.9746999999999995,-1.4460000000000006,-0.6455000000000002,0.32589999999999986,1.4042000000000003,-1.0516000000000005,-0.24619999999999997,-0.03000000000001002,0.10800000000001475,-1.5150000000000396,-0.6600000000000072,-1.1939999999999884,-0.07500000000001172,0.9600000000000009,-0.8730000000000171,-0.6239999999999579,-0.0629999999999864,
0.046499999999999986,-0.9897999999999998,-0.037300000000001,-0.9966999999999997,-1.4858000000000002,-0.6480000000000006,0.3578999999999999,1.3750999999999998,-1.0723999999999991,-0.24829999999999952,-0.19800000000001816,-0.8400000000000407,-1.1849999999999827,-0.6990000000000496,0.017999999999984695,-0.14400000000001079,0.33599999999998964,-1.100999999999992,-0.10500000000004839,-0.6180000000000252,
0.03989999999999938,-1.0178000000000011,-0.07680000000000042,-1.0200000000000014,-1.4852000000000007,-0.6528000000000009,0.36909999999999954,1.3384,-1.0759000000000007,-0.26890000000000036,0.3510000000000346,-0.8159999999999634,-0.6359999999999566,-0.5759999999999366,-0.6209999999999916,-0.5339999999999812,0.1290000000000191,-1.5960000000000107,-0.24299999999996658,-0.3300000000000036,
0.051600000000000534,-1.045,-0.09799999999999898,-1.0391999999999992,-1.5059000000000005,-0.6706000000000003,0.3734000000000002,1.2851999999999997,-1.0839999999999996,-0.2799000000000005,0.23099999999994125,0.4769999999999541,0.10499999999996845,0.029999999999983373,0.6540000000000212,0.3270000000000106,0.045000000000001705,0.22200000000001552,-0.22800000000002818,0.15000000000002345,
0.059299999999998576,-1.0291000000000015,-0.09450000000000003,-1.0381999999999998,-1.4840999999999998,-0.6597,0.37490000000000023,1.2926000000000002,-1.0916000000000006,-0.2748999999999997,-0.20099999999995788,-0.3869999999999507,-0.8160000000000167,-0.9120000000000061,-0.834000000000028,-0.9119999999999795,-0.06300000000001305,-1.0079999999999956,-0.07199999999996542,-0.7950000000000124,
0.05259999999999998,-1.0419999999999998,-0.12170000000000059,-1.0686,-1.5119000000000007,-0.6900999999999993,0.3727999999999998,1.2590000000000003,-1.0939999999999994,-0.3014000000000001,0.5610000000000248,-0.3719999999999857,-1.2329999999999508,-0.22500000000000853,0.05400000000003402,-1.3200000000000411,-0.054000000000007375,-1.5330000000000243,-0.26100000000000456,-1.2450000000000028,
0.07130000000000081,-1.0543999999999993,-0.16279999999999895,-1.0761000000000003,-1.5100999999999996,-0.7341000000000006,0.37099999999999955,1.2078999999999995,-1.1026999999999996,-0.3429000000000002,-0.03600000000002268,-0.8519999999999861,-0.8580000000000254,0.09299999999999642,-0.2849999999999753,-1.3169999999999948,-0.07800000000000473,-2.093999999999996,-0.6840000000000312,-0.771000000000015,
0.07010000000000005,-1.0827999999999989,-0.1913999999999998,-1.0730000000000004,-1.5195999999999987,-0.7780000000000005,0.3683999999999994,1.1380999999999997,-1.1255000000000006,-0.3686000000000007,-0.7319999999999993,-0.5760000000000431,-2.121000000000013,-1.103999999999985,-0.9240000000000315,-0.9539999999999882,0.6870000000000243,-0.5219999999999825,-0.5669999999999842,-0.9389999999999965,
0.045700000000000074,-0.2621000000000002,-1.1020000000000003,-1.1098,-1.5503999999999998,-0.8098000000000001,1.1207000000000003,0.3913000000000002,-1.1444,-0.3999000000000006,0.49500000000001876,-0.8069999999999844,0.09000000000000341,-0.4199999999999804,0.1770000000000138,-1.2900000000000045,-0.7770000000000277,0.33599999999998964,-0.5609999999999982,-0.5999999999999872,
0.0622000000000007,-0.2889999999999997,-1.0990000000000002,-1.5444999999999993,-1.1237999999999992,-0.8528000000000002,1.0947999999999993,0.40249999999999986,-0.41990000000000016,-1.1631,-5.3290705182007514E-14,0.23399999999998755,0.4679999999999751,0.27599999999999625,0.24599999999995958,0.0,-0.1529999999999898,-0.047999999999994714,-0.11999999999998678,0.0059999999999860165,
0.06219999999999892,-0.2812000000000001,-1.083400000000001,-1.5352999999999994,-1.1156000000000006,-0.8528000000000002,1.0896999999999997,0.40090000000000003,-0.4238999999999997,-1.1629000000000005,-0.1619999999999422,-1.115999999999957,-0.5009999999999515,-0.5519999999999925,-1.1669999999999447,-0.9030000000000005,-0.8249999999999957,0.46800000000000175,-0.6210000000000182,-0.29099999999998793,
0.05680000000000085,-0.3183999999999987,-1.1000999999999994,-1.5536999999999992,-1.1544999999999987,-0.8829000000000002,1.0621999999999998,0.4165000000000001,-0.44460000000000033,-1.1726,-0.1679999999999815,-1.6890000000000072,-0.4199999999999804,-0.1260000000000261,-1.0710000000000086,-2.0610000000000195,-1.8239999999999856,0.5460000000000065,-1.916999999999982,-1.133999999999995,
0.05120000000000147,-0.3746999999999989,-1.1140999999999988,-1.5579,-1.190199999999999,-0.9516000000000009,1.0014000000000003,0.4347000000000003,-0.5084999999999997,-1.2104,-0.2610000000000312,-0.6420000000000492,0.2999999999999936,-0.41100000000000136,0.047999999999994714,-0.5519999999999659,-0.3089999999999993,0.2519999999999989,0.08099999999999774,0.2850000000000019,
0.042500000000000426,-0.39610000000000056,-1.104099999999999,-1.5716,-1.1885999999999992,-0.9699999999999998,0.9911000000000003,0.44310000000000027,-0.5057999999999998,-1.2008999999999999,-0.045000000000001705,-0.27899999999998926,-0.0840000000000174,-0.045000000000001705,-0.1290000000000191,-0.801000000000025,-0.8129999999999971,0.2549999999999919,-0.749999999999984,0.43500000000002537,
0.04100000000000037,-0.4054000000000002,-1.1068999999999996,-1.5731000000000002,-0.06430000000000113,-0.9967000000000006,0.9640000000000004,0.4516,-0.5307999999999993,1.6731000000000007,-0.1290000000000191,-0.9719999999999729,-0.08100000000002439,-0.32399999999999096,-0.4739999999999611,-0.5549999999999855,-0.6090000000000195,0.10200000000000209,0.17999999999998018,-1.473000000000031,
0.03669999999999973,-0.4377999999999993,-1.1096000000000004,-0.08009999999999984,-1.5838999999999999,-1.0152,0.9436999999999998,0.45500000000000007,1.6239999999999997,-0.5247999999999999,0.2160000000000295,0.20099999999995788,0.3090000000000259,0.5129999999999768,0.2069999999999972,0.047999999999994714,0.11400000000000077,-0.09600000000001607,-0.03899999999998904,-0.3449999999999953,
0.043900000000000716,-0.4311000000000007,-1.0992999999999995,-0.06300000000000061,-1.577,-1.0136000000000003,0.9474999999999998,0.45179999999999954,1.6227,-0.5362999999999998,-0.23400000000004084,-0.6509999999999749,0.008999999999979025,0.009000000000032315,-0.2099999999999902,-0.5279999999999951,-0.5609999999999982,0.16200000000002213,-0.9480000000000022,-0.023999999999997357,
0.036099999999999355,-0.45279999999999987,-1.0990000000000002,-0.06269999999999953,-1.5839999999999996,-1.0312000000000001,0.9287999999999998,0.4572000000000003,1.5911,-0.5370999999999997,-0.31199999999996564,-0.9689999999999799,-0.0389999999999624,0.39900000000002933,-0.2849999999999753,-1.1189999999999767,-1.3649999999999896,-1.6050000000000164,-2.8499999999999925,-1.383000000000001,
-0.4850999999999992,0.0257000000000005,-1.100299999999999,-0.049399999999998556,-1.5934999999999988,0.8833000000000002,-1.0684999999999993,0.4036999999999997,1.4961000000000002,-0.5831999999999997,-0.6300000000000239,0.13499999999995183,-0.762000000000036,0.13499999999995183,-1.074000000000055,-0.2370000000000072,0.09899999999995579,-0.746999999999991,-0.9600000000000009,0.017999999999984695,
-0.5061,0.030199999999998894,-1.1257000000000001,-0.04490000000000016,-1.2668999999999997,0.8754,-1.0652000000000008,0.3788,1.4641000000000002,-1.1325000000000003,-0.03900000000001569,0.18300000000005312,-0.3029999999999866,0.07799999999997809,-0.11100000000000776,-0.5070000000000174,-0.16199999999996884,-0.351000000000008,-1.2180000000000124,-0.19799999999999152,
-0.5074000000000005,0.036300000000000665,-1.1357999999999997,-0.04230000000000089,-1.2706,0.8584999999999994,-1.0705999999999998,0.36709999999999976,1.4234999999999998,-1.1391,-0.722999999999967,-0.32399999999999096,-0.11100000000000776,0.05400000000003402,-0.27899999999998926,-1.3529999999999642,-0.6719999999999793,-1.460999999999979,-1.6920000000000002,-0.8249999999999957,
-0.5314999999999994,0.025500000000000966,-1.1395,-0.04049999999999976,-1.612499999999999,0.8134000000000006,-1.092999999999999,0.31840000000000046,1.3670999999999998,-0.6133999999999995,-0.0420000000000087,0.0029999999999397176,-0.3360000000000163,-0.2190000000000225,-0.23700000000003385,-0.06600000000000605,-0.2940000000000076,-0.08100000000002439,-0.017999999999984695,0.017999999999984695,
-0.5328999999999997,0.025599999999998957,-1.1507000000000005,-0.04780000000000051,-1.6204,0.8112000000000004,-1.1027999999999993,0.31569999999999965,1.3665000000000003,-0.6128,-0.7230000000000203,-0.6539999999999679,-0.779999999999994,0.2549999999999919,0.35699999999996734,-0.8310000000000084,-0.46500000000000874,-0.9059999999999935,-1.1880000000000024,-0.47399999999998776,
-0.5570000000000004,0.0038000000000000256,-1.1767000000000003,-0.03930000000000078,-1.6085000000000012,0.7835000000000001,-1.1182999999999996,0.28549999999999986,1.3269000000000002,-0.6285999999999996,-0.716999999999981,-0.18899999999998585,-0.8670000000000044,0.10800000000001475,0.08100000000002439,-2.0970000000000155,-1.0320000000000462,-1.943999999999999,-2.460000000000022,-0.7920000000000194,
-0.5808999999999997,-0.0024999999999995026,-1.2056000000000004,-0.03570000000000029,-1.6058000000000003,0.7135999999999996,-1.1527000000000012,0.2206999999999999,1.2448999999999995,-0.6550000000000002,-1.0380000000000322,-0.7320000000000526,-0.23999999999997357,0.2849999999999753,-0.22200000000001552,-0.746999999999991,-1.139999999999981,-0.5760000000000165,-1.5300000000000047,-0.6480000000000086,
-0.6155000000000008,-0.026900000000001256,-0.02620000000000111,-1.2135999999999996,-1.6132000000000009,0.6886999999999999,-1.1907000000000005,1.1938999999999993,0.20149999999999935,-0.6766000000000005,-0.5609999999999715,0.21000000000004349,0.06000000000002004,-0.5850000000000222,0.11400000000005406,-0.36899999999999267,-0.35399999999997434,-0.9449999999999825,-0.47399999999998776,-0.24599999999998623,
-0.6341999999999999,-0.024200000000000443,-0.019899999999999807,-1.2331000000000003,-1.609399999999999,0.6764000000000001,1.1623999999999999,-1.2024999999999997,0.18569999999999975,-0.6848000000000001,-0.5549999999999855,0.13799999999999812,-0.4800000000000004,-0.13799999999999812,0.27899999999998926,-1.7460000000000075,-2.0310000000000095,-1.7340000000000089,-2.015999999999991,-1.0020000000000095,
-0.6526999999999994,-0.019600000000000506,-1.2377000000000002,-0.03589999999999982,-0.31349999999999945,0.6181999999999999,1.0946999999999996,0.11850000000000005,-1.2603,1.7088,0.47999999999994714,-0.14399999999998414,0.023999999999997357,0.3479999999999883,0.4289999999999594,1.3739999999999952,0.5190000000000161,0.8849999999999891,1.0799999999999876,1.103999999999985,
-0.6367000000000012,-0.024399999999999977,-0.02430000000000021,-1.2369000000000003,-1.718300000000001,0.6639999999999997,1.112,-1.2243000000000004,0.1479999999999997,0.21229999999999993,-0.9089999999999598,0.6509999999999749,-0.16199999999999548,-0.1290000000000191,0.1710000000000278,-0.9059999999999935,-1.3350000000000062,-0.6059999999999999,-1.103999999999985,-1.5809999999999924,
-0.6669999999999998,-0.002700000000000813,-0.02970000000000006,-1.241200000000001,-1.7126000000000001,0.6337999999999999,1.0675,-1.2445000000000004,0.11120000000000019,0.1596000000000002,-0.7530000000000037,0.8460000000000534,0.06000000000002004,0.3570000000000739,1.4250000000000362,-2.372999999999985,-2.303999999999986,-1.8719999999999803,-2.162999999999995,-2.483999999999993,
-0.6920999999999999,0.025500000000000966,-1.2292999999999985,-0.027699999999999392,-0.2668999999999997,0.5547000000000004,0.9907000000000004,0.03910000000000036,-1.3068999999999997,1.6062000000000003,-0.4290000000000127,0.011999999999972033,0.1259999999999728,-0.023999999999997357,-0.40500000000001535,-1.2090000000000067,-1.48200000000001,-1.062000000000003,-0.38399999999998435,-1.2780000000000058,
-0.7064000000000004,0.025900000000000034,-1.2250999999999994,-0.028499999999999304,-0.2804000000000002,0.5144000000000002,0.9413,0.0037000000000002586,-1.3196999999999992,1.5636,-0.3719999999999857,-0.09900000000003573,-0.1740000000000208,0.19199999999997885,0.78599999999998,-1.48200000000001,-1.941000000000006,-1.1789999999999967,-0.8400000000000141,-1.6259999999999941,
-0.7187999999999999,0.022599999999998843,-1.2309,-0.02210000000000001,-0.25420000000000087,0.46499999999999986,0.8765999999999998,-0.03559999999999963,-1.3476999999999997,1.5094000000000003,-0.5369999999999742,0.3900000000000503,0.0870000000000104,-0.23399999999998755,-0.2609999999999779,-2.015999999999991,-1.4489999999999803,-0.7500000000000107,-0.18599999999999284,-1.84499999999999,
0.03560000000000052,-0.736699999999999,-1.2279999999999998,-0.029899999999999594,-0.26290000000000013,0.8283000000000005,0.39780000000000015,-0.06059999999999999,-1.3538999999999994,1.4479000000000006,-0.18299999999999983,-0.1740000000000208,0.1710000000000278,-0.0029999999999930083,-0.17999999999995353,0.6899999999999906,0.743999999999998,0.3690000000000193,0.07800000000000473,0.9179999999999922,
0.029500000000000526,-0.7424999999999997,-1.2222999999999988,-0.02999999999999936,-0.2688999999999986,0.8513000000000002,0.4226000000000001,-0.04829999999999934,-1.3512999999999993,1.4785000000000004,0.3899999999999437,-0.23400000000004084,0.2609999999999246,-0.1680000000000348,-0.24900000000005917,-0.4320000000000057,-0.6120000000000125,0.25199999999997225,0.9539999999999882,-0.21600000000000286,
0.04249999999999865,-0.7503000000000011,-1.2136000000000013,-0.03560000000000052,-0.27720000000000056,0.8369,0.40219999999999967,-0.03990000000000027,-1.3194999999999997,1.4713000000000003,-0.023999999999944066,-0.8279999999999355,-0.07499999999993179,0.5580000000000318,-0.6089999999999662,-1.8869999999999987,-1.457999999999986,-0.5340000000000078,0.5279999999999951,-1.8270000000000053,
0.041700000000000514,-0.7778999999999989,-1.216099999999999,-0.01699999999999946,-0.29749999999999943,0.774,0.35360000000000014,-0.05770000000000053,-1.3018999999999998,1.4104,1.3559999999999839,0.03299999999997638,1.0109999999999886,0.17699999999996052,0.7769999999999477,-0.5940000000000012,0.10800000000001475,0.414000000000021,0.4589999999999961,-0.8220000000000027,
0.08689999999999998,-0.7767999999999997,-1.1823999999999995,-0.011100000000000776,-0.2716000000000012,0.7542,0.35720000000000063,-0.04389999999999983,-1.2866,1.383,0.32399999999999096,-0.5999999999999872,0.27599999999999625,-0.3839999999999577,0.03900000000001569,-0.9000000000000075,-0.34200000000002895,-0.4830000000000201,0.1470000000000038,-1.0889999999999933,
0.09769999999999968,-0.7967999999999993,-1.1731999999999996,-0.023899999999999366,-0.27030000000000065,0.7241999999999997,0.34579999999999966,-0.0600000000000005,-1.2816999999999998,1.3467000000000002,0.2670000000000172,0.01799999999995805,-0.27600000000004954,0.3479999999999883,-0.008999999999979025,-0.6749999999999723,-0.33299999999997,-0.44399999999997775,0.4800000000000004,-0.705000000000009,
0.10660000000000025,-0.7962000000000007,-1.1824000000000012,-0.012299999999999756,-0.27059999999999995,0.7017000000000007,0.33470000000000066,-0.07479999999999976,-1.2656999999999998,1.3232,-0.0059999999999860165,0.2190000000000225,0.6030000000000335,0.06300000000001305,0.39299999999999,-0.22200000000004216,-0.33900000000003594,0.014999999999991687,-0.15900000000000247,0.05099999999998772,
0.10640000000000072,-0.7888999999999999,-1.1623,-0.01019999999999932,-0.2575000000000003,0.6942999999999993,0.32339999999999947,-0.07430000000000003,-1.271,1.3248999999999995,0.7230000000000203,-0.15900000000000247,0.16500000000004178,-0.1679999999999815,0.22500000000000853,-0.7139999999999613,-0.4169999999999874,-1.1249999999999893,0.054000000000007375,-1.067999999999989,
0.1305000000000014,-0.7942,-1.1567999999999987,-0.015799999999998704,-0.25,0.6705000000000005,0.3094999999999999,-0.11179999999999968,-1.2691999999999997,1.2893,1.5329999999999444,0.30899999999997263,1.835999999999931,1.4159999999999506,0.9419999999999895,-0.7260000000000133,-0.3720000000000123,-1.092000000000013,0.8939999999999948,-1.4069999999999983,
0.18159999999999954,-0.7839000000000009,-1.095600000000001,0.03139999999999965,-0.21860000000000035,0.6463000000000001,0.2970999999999995,-0.1482000000000001,-1.2393999999999998,1.2424,0.22500000000000853,0.378000000000025,0.31500000000001194,-0.1260000000000261,-0.09599999999998943,-0.3990000000000027,0.12000000000001343,-0.03000000000001002,0.10199999999997544,-0.5970000000000208,
0.18909999999999982,-0.7713000000000001,-1.0851000000000006,0.02719999999999878,-0.2218,0.633,0.3010999999999999,-0.14920000000000044,-1.2360000000000007,1.2224999999999993,0.36899999999999267,0.31200000000001893,0.774000000000008,0.5250000000000554,-0.06600000000000605,-0.6420000000000226,-0.31500000000001194,-0.779999999999994,0.8310000000000084,-0.8189999999999831,
0.20139999999999958,-0.7608999999999995,-1.0593000000000004,0.04470000000000063,-0.2240000000000002,0.6115999999999993,0.2905999999999995,-0.17520000000000024,-1.2083000000000004,1.1951999999999998,0.28800000000002157,0.6689999999999863,0.4139999999999944,0.6449999999999889,0.375000000000032,-0.3749999999999787,-0.23699999999998056,-0.21899999999999586,0.8790000000000031,-0.713999999999988,
0.2110000000000003,-0.7385999999999999,-1.0455000000000005,0.06620000000000026,-0.21149999999999913,0.5991,0.2827000000000002,-0.1825000000000001,-1.1790000000000003,1.1714000000000002,0.2609999999999779,0.1770000000000138,0.24300000000001987,0.029999999999983373,0.026999999999990365,0.15600000000000946,0.1890000000000125,-0.18899999999998585,-0.3059999999999796,-0.0029999999999930083,
0.21969999999999956,-0.7326999999999995,-1.0373999999999999,-0.21059999999999945,0.0671999999999997,0.6043000000000003,0.2890000000000006,-0.18879999999999963,1.1713000000000005,-1.1891999999999996,0.36300000000000665,0.2549999999999919,0.6270000000000309,0.2639999999999709,0.2640000000000242,-0.30300000000001326,-0.4530000000000367,-0.45300000000001006,-0.24600000000001288,0.9209999999999852,
0.23179999999999978,-0.7241999999999997,-1.0164999999999988,0.07600000000000051,-0.20180000000000042,0.5941999999999998,0.27389999999999937,-0.20389999999999997,-1.1585,1.1631,0.8190000000000097,0.7619999999999827,1.0259999999999536,0.14399999999998414,0.5100000000000371,-0.8249999999999957,-0.6899999999999906,-0.057000000000000384,1.0439999999999916,-1.587000000000005,
0.2591000000000001,-0.6988000000000003,-0.9823000000000004,-0.1847999999999992,0.08079999999999998,0.5667,0.2508999999999997,-0.20579999999999998,1.1101999999999999,-1.1237000000000004,0.015000000000018332,0.5910000000000082,-0.32099999999999795,-0.07199999999999207,0.3960000000000363,-0.41100000000000136,-0.4619999999999891,-0.1529999999999898,-0.32399999999999096,0.8640000000000114,
0.2596000000000007,-0.6791,-0.9930000000000003,0.0940000000000012,-0.18719999999999892,0.5529999999999999,0.23550000000000004,-0.21089999999999964,-1.0949,1.0994000000000002,0.16199999999999548,0.7500000000000107,0.8790000000000298,0.5249999999999488,-0.2130000000000365,-0.2699999999999836,-0.4589999999999961,-0.5879999999999885,-0.12899999999999245,-1.0079999999999956,
0.26500000000000057,-0.6540999999999997,-0.9636999999999993,-0.19430000000000014,0.11149999999999949,0.5440000000000005,0.22020000000000017,-0.23049999999999926,1.0658000000000003,-1.0991999999999997,0.5789999999999829,0.4770000000000074,0.5250000000000021,0.06000000000002004,0.375000000000032,-0.32399999999999096,-0.8790000000000031,-0.1740000000000208,-0.1920000000000055,0.7559999999999967,
0.2843,-0.6381999999999994,-0.9461999999999993,-0.19229999999999947,0.12400000000000055,0.5332000000000008,0.19090000000000007,-0.23629999999999995,1.0594000000000001,-1.0739999999999998,0.09900000000003573,-0.10500000000002174,0.10499999999996845,-0.13500000000000512,-0.023999999999997357,0.5819999999999759,0.047999999999994714,0.4199999999999804,0.11099999999998111,-0.15300000000001646,
0.2876000000000012,-0.6417000000000002,-0.9427000000000003,-0.19679999999999964,0.12320000000000064,0.5526,0.1924999999999999,-0.2223000000000006,1.0630999999999995,-1.0791000000000004,-0.0029999999999930083,0.7230000000000203,0.5100000000000371,0.24000000000002686,0.44700000000002404,-0.7530000000000037,-0.5940000000000012,-1.3229999999999809,-1.0529999999999973,0.2549999999999919,
0.2875000000000014,-0.6175999999999995,-0.9256999999999991,-0.18879999999999875,0.13810000000000144,0.5274999999999999,0.17269999999999985,-0.26639999999999997,1.0279999999999996,-1.0706000000000007,1.2389999999999368,1.1999999999999744,1.2089999999999534,-0.006000000000039307,1.4729999999999777,-0.2519999999999989,-0.9119999999999795,-0.4349999999999987,-0.5219999999999825,0.9390000000000231,
-0.5776000000000003,0.3287999999999993,-0.8854000000000006,-0.18900000000000006,0.1872000000000007,0.14230000000000054,0.5190999999999999,-0.2808999999999999,1.0106000000000002,-1.0393,-0.2069999999999972,-0.7469999999999644,-0.07499999999998508,-0.716999999999981,-0.11700000000004707,-0.2340000000000142,-0.48299999999999343,-0.8879999999999821,-0.9959999999999969,0.27000000000001023,
0.3039000000000005,-0.5845000000000002,-0.8879000000000001,-0.21289999999999942,0.18329999999999913,0.5030000000000001,0.13450000000000006,-0.31049999999999933,0.9774000000000003,-1.0302999999999995,0.6869999999999976,0.779999999999994,0.5850000000000222,0.5039999999999978,-0.026999999999990365,0.10200000000000209,-0.2850000000000019,-0.2820000000000089,-0.08099999999999774,0.5219999999999825,
-0.5585000000000004,0.3268000000000004,-0.8683999999999994,-0.1960999999999995,0.18239999999999945,0.125,0.5064000000000002,-0.31989999999999963,0.9747000000000003,-1.0129000000000001,-0.006000000000039307,0.011999999999972033,0.5669999999999575,-0.22500000000006182,0.6089999999999662,0.4619999999999891,0.03899999999998904,-0.19800000000001816,-0.40500000000001535,0.29099999999998793,
-0.5587000000000018,0.3271999999999995,-0.8495000000000008,-0.20360000000000156,0.20269999999999833,0.14039999999999964,0.5076999999999998,-0.32650000000000023,0.9611999999999998,-1.0032000000000005,0.14400000000009072,0.15600000000006276,-0.023999999999944066,0.27300000000005653,0.33300000000007657,0.23099999999999454,0.45600000000000307,0.4049999999999887,0.5370000000000008,0.31800000000000495,
-0.5538999999999987,0.3324000000000016,-0.850299999999999,-0.19449999999999967,0.21380000000000088,0.14809999999999945,0.5228999999999999,-0.3130000000000006,0.9790999999999999,-0.9926000000000004,-0.24300000000001987,-0.435000000000052,-0.09600000000004272,-0.5759999999999899,0.1709999999999745,0.01800000000001134,-0.40800000000000836,-0.06599999999997941,-0.17699999999998717,0.40500000000001535,
-0.5619999999999994,0.31789999999999985,-0.8535000000000004,-0.21369999999999933,0.21950000000000003,0.14869999999999983,0.5092999999999996,-0.3151999999999999,0.9732000000000003,-0.9790999999999999,0.16199999999999548,0.3930000000000433,0.07200000000004536,-0.31200000000001893,0.1740000000000208,0.6360000000000099,0.2340000000000142,-0.19799999999999152,-0.5219999999999825,1.0350000000000126,
-0.5565999999999995,0.3310000000000013,-0.8510999999999989,0.22530000000000072,-0.22409999999999997,0.16990000000000016,0.5171000000000001,-0.32179999999999964,-0.9445999999999994,0.9558000000000009,0.2159999999999762,-0.1350000000000584,-0.11400000000005406,0.8099999999999774,-0.387000000000004,0.1049999999999951,0.7349999999999923,1.142999999999974,1.2599999999999945,0.03599999999996939,
-0.5494000000000003,0.32649999999999935,-0.8549000000000007,0.25229999999999997,-0.24380000000000024,0.1734,0.5415999999999999,-0.2837000000000005,-0.9025999999999996,-0.9337,0.014999999999965041,0.06300000000001305,0.32399999999999096,-0.2580000000000382,0.4349999999999987,0.30300000000001326,0.17100000000000115,-0.19499999999997186,0.5219999999999825,0.9000000000000075,
-0.5489000000000015,0.3285999999999998,-0.844100000000001,0.2436999999999987,-0.22930000000000028,0.18350000000000044,0.5472999999999999,-0.29019999999999957,-0.8852000000000002,-0.9036999999999997,0.045000000000001705,0.24599999999995958,-0.14999999999997016,-0.05099999999998772,0.15900000000000247,0.014999999999965041,0.04199999999998205,0.4079999999999817,0.42599999999999305,1.2869999999999848,
-0.5474000000000014,0.33679999999999843,-0.2240000000000002,-0.8491,0.2419999999999991,0.18399999999999928,0.5486999999999993,-0.8608000000000002,-0.2766000000000002,-0.8710000000000004,-0.43799999999993844,-0.2879999999999683,-0.09899999999998244,0.13500000000000512,-0.026999999999990365,-0.4349999999999721,-0.7619999999999827,-0.5039999999999978,-0.18299999999999983,-0.03299999999997638,
-0.5619999999999994,0.3271999999999995,-0.8445999999999998,0.24109999999999943,-0.2272999999999996,0.1695000000000002,0.5232999999999999,-0.2827000000000002,-0.8720999999999997,-0.8776000000000002,0.5489999999999995,0.49200000000002575,0.31500000000001194,0.4740000000000144,0.06299999999995975,0.3749999999999787,0.38399999999998435,0.5069999999999908,0.8399999999999874,1.5660000000000007,
-0.5436999999999994,0.34360000000000035,-0.22520000000000095,-0.8340999999999994,0.2568999999999999,0.1819999999999995,0.5360999999999994,-0.8254000000000001,-0.2658000000000005,-0.8441000000000001,0.8910000000000018,0.3420000000000023,0.5970000000000475,0.36599999999999966,1.092000000000013,-0.5459999999999798,-0.14399999999998414,2.126999999999999,-0.48899999999997945,1.2900000000000045,
-0.5139999999999993,0.3550000000000004,-0.20529999999999937,0.29330000000000034,-0.8218999999999994,0.16380000000000017,0.5312999999999999,-0.7545000000000002,-0.8010999999999999,-0.2820999999999998,-0.012000000000025324,0.31800000000000495,-0.03600000000002268,0.31200000000001893,-0.13799999999999812,-0.015000000000018332,0.0870000000000104,1.6560000000000041,1.3590000000000035,1.0439999999999916,
-0.5144000000000002,0.3656000000000006,-0.20650000000000013,0.30370000000000097,-0.8264999999999993,0.16329999999999956,0.5342000000000002,-0.6993,-0.7557999999999998,-0.24730000000000008,-0.06299999999995975,0.18599999999999284,0.5070000000000441,0.6269999999999776,-0.18000000000000682,0.5399999999999938,0.47399999999998776,1.454999999999993,0.8729999999999905,0.24299999999999322,
-0.5164999999999988,0.37180000000000035,-0.18959999999999866,0.3246000000000002,-0.8324999999999996,0.18129999999999935,0.5499999999999998,-0.6508000000000003,-0.7267000000000001,-0.2392000000000003,0.4769999999999541,0.10500000000002174,-0.7860000000000333,0.3060000000000329,0.3029999999999866,-0.2729999999999766,-0.07499999999998508,0.6090000000000195,0.705000000000009,0.13500000000000512,
-0.5006000000000004,0.3753000000000011,-0.21579999999999977,0.3348000000000013,-0.8224,0.17220000000000013,0.5475000000000003,-0.6304999999999996,-0.7031999999999998,-0.23470000000000013,0.0839999999999641,0.14099999999993784,0.48899999999997945,0.026999999999937074,0.0839999999999641,-0.2970000000000006,-0.057000000000000384,0.359999999999987,-0.12300000000000644,-0.329999999999977,
-0.4978000000000016,-0.19950000000000045,0.379999999999999,0.3356999999999992,-0.8196000000000012,0.1623000000000001,-0.6185,0.5456000000000003,-0.7073,-0.24569999999999936,0.10800000000006804,0.015000000000018332,0.3030000000000399,0.6510000000000282,-0.2039999999999509,-0.11700000000002042,1.3020000000000032,0.07499999999998508,0.8670000000000044,0.3809999999999647,
-0.4941999999999993,-0.19899999999999984,0.39010000000000034,0.35740000000000016,-0.8263999999999996,0.15839999999999943,-0.5751,0.5480999999999998,-0.6783999999999999,-0.23300000000000054,-0.03300000000002967,0.20100000000001117,0.4709999999999681,0.9360000000000035,-0.7589999999999897,-0.029999999999983373,1.7400000000000215,0.10500000000002174,1.6890000000000072,0.5640000000000178,
-0.4953000000000003,-0.19229999999999947,0.4057999999999993,0.3886000000000003,-0.8516999999999992,0.15739999999999998,-0.5170999999999992,0.5516000000000005,-0.6220999999999997,-0.21419999999999995,0.15900000000000247,0.13199999999995882,0.3090000000000259,-0.023999999999997357,-0.24900000000005917,-0.5250000000000021,0.26999999999995694,-0.1770000000000138,0.6449999999999889,-0.4469999999999974,
-0.4900000000000002,-0.18790000000000084,0.41610000000000014,0.38780000000000037,-0.8600000000000012,0.1398999999999999,-0.5081000000000007,0.5457000000000001,-0.6006,-0.22909999999999986,-0.6719999999999793,-0.72599999999996,-0.012000000000025324,0.40500000000001535,-0.5009999999999515,0.5279999999999951,0.8880000000000088,0.3719999999999857,0.6840000000000046,0.356999999999994,
-0.2120999999999995,-0.5123999999999995,0.4156999999999993,0.4013000000000009,-0.18820000000000014,-0.47850000000000037,0.15749999999999975,0.5580999999999996,-0.5777999999999999,-0.867,-0.36900000000004596,-0.2940000000000609,0.03299999999997638,0.2489999999999526,-0.006000000000039307,0.2790000000000159,-0.14399999999998414,-0.4769999999999808,0.27599999999999625,0.36899999999999267,
-0.22440000000000104,-0.5222000000000016,0.4167999999999985,0.4095999999999993,-0.18840000000000146,-0.46919999999999984,0.15270000000000028,0.5422000000000002,-0.5686,-0.8547000000000002,-0.3059999999999796,0.10500000000007503,0.07200000000004536,0.09900000000003573,-0.03599999999996939,0.24900000000000588,-0.09900000000000908,0.26399999999999757,0.2820000000000089,0.31500000000001194,
-0.23460000000000036,-0.518699999999999,0.4192,0.4129000000000005,-0.18960000000000043,-0.46089999999999964,0.14939999999999998,0.5510000000000002,-0.5591999999999997,-0.8441999999999998,-0.1259999999999728,-0.32700000000003726,0.20100000000001117,-0.06600000000000605,-0.3029999999999866,0.7349999999999923,0.15900000000000247,0.017999999999984695,0.5609999999999982,0.5820000000000025,
-0.23879999999999946,-0.5296000000000003,0.4107000000000003,0.4259000000000004,-0.1997,-0.4363999999999999,0.15470000000000006,-0.5404999999999998,0.5515999999999996,-0.8247999999999998,-0.08100000000002439,-0.8999999999999808,0.9719999999999729,0.6209999999999916,0.23399999999998755,0.5310000000000148,-0.05999999999999339,0.5340000000000078,-0.9059999999999668,0.3300000000000036,
-0.24150000000000027,-0.5595999999999997,0.4430999999999994,0.4466000000000001,-0.1919000000000004,-0.4186999999999994,0.15270000000000028,-0.5226999999999995,0.5214000000000008,-0.8137999999999996,-0.8729999999999905,-1.3800000000000345,-0.06000000000002004,-0.23400000000004084,-0.9419999999999895,1.1190000000000033,0.6840000000000046,0.9719999999999995,0.9689999999999799,1.3289999999999935,
-0.27059999999999995,-0.6056000000000008,0.4410999999999987,0.43879999999999875,-0.22330000000000005,-0.3813999999999993,0.17550000000000043,-0.4902999999999995,0.5537000000000001,-0.7694999999999999,0.11400000000000077,-0.11100000000000776,-0.05699999999997374,0.030000000000036664,-0.22800000000000153,0.4349999999999987,0.0029999999999930083,-0.03300000000000303,-0.9930000000000039,0.7140000000000146,
-0.2667999999999999,-0.6093000000000011,0.4391999999999996,0.43979999999999997,-0.2309000000000001,-0.36689999999999934,0.1756000000000002,-0.4913999999999996,0.5206,-0.7456999999999994,-0.18000000000000682,-0.9749999999999659,-0.27300000000000324,0.14999999999997016,-1.0740000000000016,0.3059999999999796,-0.46200000000001573,0.18299999999997318,-0.5940000000000012,0.04199999999998205,
-0.27280000000000015,0.4300999999999995,-0.6417999999999999,0.444799999999999,-0.26670000000000016,-0.3567,-0.4853000000000005,0.16019999999999968,0.5007999999999999,-0.7443,-0.6059999999999732,0.02100000000000435,-0.0420000000000087,-0.2579999999999849,0.047999999999994714,-0.00900000000000567,-0.0629999999999864,0.3240000000000176,0.17699999999998717,-0.09000000000000341,
-0.29299999999999926,0.4307999999999996,-0.6432000000000002,0.4361999999999995,-0.26510000000000034,-0.3570000000000002,-0.48740000000000006,0.17100000000000026,0.5066999999999995,-0.7473000000000001,0.338999999999956,-0.19500000000002515,-1.0109999999999886,-0.01800000000001134,-0.0870000000000104,0.20700000000002383,0.12000000000001343,-0.07499999999998508,-0.32699999999998397,0.381000000000018,
-0.2817000000000007,0.4242999999999988,0.4355999999999991,-0.6768999999999998,-0.2680000000000007,-0.3500999999999994,-0.4833999999999996,0.4958,0.16850000000000076,-0.7345999999999995,-0.3749999999999787,0.20400000000000418,0.09599999999998943,-0.6600000000000072,-0.8670000000000044,1.5719999999999867,0.8520000000000127,-0.008999999999979025,0.09599999999998943,1.3470000000000049,
-0.2942,0.43109999999999893,0.43879999999999875,-0.6989000000000001,-0.29690000000000083,-0.29769999999999985,-0.4549999999999992,0.4955000000000007,0.1717000000000004,-0.6896999999999993,-0.722999999999967,-0.6299999999999706,-0.39299999999993673,-0.5729999999999968,-0.4259999999999664,0.38399999999998435,0.02399999999997071,0.17699999999996052,-0.19800000000001816,0.3059999999999796,
-0.3182999999999989,0.4100999999999999,0.42570000000000086,-0.718,-0.3110999999999997,-0.2849000000000004,-0.45420000000000016,0.5013999999999994,0.1650999999999998,-0.6795,-0.2130000000000365,0.1770000000000138,0.8939999999999948,0.0840000000000174,0.6209999999999916,0.5069999999999908,0.28199999999998226,-0.2970000000000006,0.1949999999999985,0.3029999999999866,
-0.32540000000000013,0.41600000000000037,0.4555000000000007,-0.2904,-0.7151999999999994,-0.2680000000000007,-0.44480000000000075,0.4914999999999994,-0.6694000000000004,0.17159999999999975,-0.5369999999999742,-0.31800000000000495,-0.2130000000000365,-0.45600000000000307,-0.828000000000042,0.24300000000001987,0.0870000000000104,-0.17399999999999416,0.738000000000012,-0.42300000000000004,
-0.3432999999999993,0.4054000000000002,0.44839999999999947,-0.3056000000000001,-0.32010000000000005,-0.2599,-0.4419000000000004,0.4856999999999996,-0.6448,0.6867999999999999,0.722999999999967,0.09599999999998943,0.12299999999997979,0.21899999999996922,0.09599999999998943,-0.1320000000000121,0.18000000000000682,-0.08099999999999774,-0.14400000000001079,-0.27000000000001023,
-0.3192000000000004,0.40859999999999985,0.4524999999999988,-0.2983000000000011,-0.7263000000000002,-0.2643000000000004,-0.4359000000000002,0.48299999999999965,-0.6496000000000004,0.1667999999999994,-0.6869999999999976,-0.49800000000001177,-0.15599999999995617,-0.14999999999997016,-0.8670000000000044,0.7319999999999993,0.4770000000000074,0.5849999999999955,0.804000000000018,-0.05999999999999339,
-0.3421000000000003,0.39199999999999946,0.44730000000000025,-0.3033000000000001,-0.33140000000000036,-0.23990000000000045,-0.41999999999999993,0.5024999999999995,-0.6227999999999998,0.6734,-0.9629999999999939,0.32699999999998397,-0.12000000000004007,-0.39299999999999,0.07499999999998508,0.6840000000000312,0.9839999999999982,0.40500000000001535,1.2510000000000154,0.06000000000002004,
-0.3742000000000001,0.4028999999999989,-0.3163999999999998,0.4432999999999989,-0.32890000000000086,-0.2170999999999994,-0.3872,-0.5810999999999993,0.516,0.6754000000000007,-0.710999999999995,-0.3719999999999857,-0.4290000000000127,-0.6899999999999906,-0.5849999999999689,0.5849999999999955,0.0420000000000087,0.5459999999999798,0.1890000000000125,-0.42000000000000703,
-0.3978999999999999,0.3904999999999994,-0.3307000000000002,0.42029999999999923,-0.3483999999999998,-0.19759999999999955,-0.3857999999999997,-0.5629,0.5223000000000004,0.6614000000000004,0.9899999999999842,0.37200000000003897,0.710999999999995,0.5520000000000458,0.35700000000002063,0.05099999999998772,0.38399999999998435,0.09600000000001607,-0.14100000000001778,-0.5820000000000025,
-0.36490000000000045,0.4029000000000007,-0.3070000000000004,0.43870000000000076,-0.33649999999999913,-0.19589999999999996,-0.3730000000000002,-0.5596999999999994,0.5175999999999998,0.6420000000000003,-1.1219999999999963,-0.015000000000018332,-0.3420000000000023,-0.01800000000006463,-0.24300000000007316,0.42000000000000703,0.378000000000025,0.8220000000000027,0.2760000000000229,-0.20400000000000418,
-0.4023000000000003,0.4024000000000001,-0.31840000000000046,0.4380999999999986,-0.34460000000000157,-0.18189999999999973,-0.3603999999999994,-0.5322999999999993,0.5268000000000006,0.6352000000000002,0.4230000000000267,0.13500000000000512,0.4349999999999987,0.027000000000043656,0.18300000000005312,0.23099999999999454,0.11399999999997412,0.2129999999999832,0.2159999999999762,-0.1499999999999968,
-0.38819999999999943,0.40690000000000026,-0.3039000000000005,0.43900000000000006,-0.3384999999999998,-0.1741999999999999,-0.35660000000000025,-0.5251999999999999,0.5339999999999998,0.6302000000000003,-1.2360000000000504,0.041999999999955406,-0.3719999999999857,-0.2130000000000365,-0.05400000000003402,-0.15900000000000247,0.21600000000000286,0.27599999999999625,0.03000000000001002,0.047999999999994714,
-0.4294000000000011,0.4082999999999988,-0.3163,0.43189999999999884,-0.34030000000000094,-0.1795,-0.34940000000000015,-0.516,0.5350000000000001,0.6318000000000001,-1.760999999999946,-0.12299999999997979,-0.11100000000000776,-0.22499999999995524,-0.1259999999999728,0.6599999999999806,0.9299999999999908,1.2869999999999848,-0.012000000000025324,-0.9630000000000205,
-0.4880999999999993,0.40419999999999945,-0.3200000000000003,0.42440000000000033,-0.34450000000000003,-0.15750000000000064,-0.31840000000000046,-0.4731000000000005,0.5345999999999993,0.5996999999999995,0.11099999999995447,0.719999999999974,0.2549999999999919,0.4649999999999821,0.26999999999995694,0.6150000000000055,0.738000000000012,0.8160000000000167,0.09300000000002306,0.20400000000000418,
-0.48440000000000083,0.4281999999999986,-0.31150000000000055,-0.33550000000000146,0.43989999999999974,-0.13700000000000045,-0.29380000000000006,-0.44589999999999996,0.6064999999999996,0.5377000000000001,-1.7100000000000115,-0.40800000000000836,0.15300000000001646,-0.02100000000000435,-0.5370000000000275,-0.15599999999998282,0.32399999999999096,0.5969999999999942,-0.3509999999999813,-0.42000000000000703,
0.4145999999999983,-0.3064,-0.5414000000000012,0.4219999999999988,-0.3362000000000016,-0.28300000000000036,-0.42600000000000016,-0.14219999999999988,0.5236999999999998,0.5948000000000002,0.11400000000000077,0.14699999999997715,-0.5309999999999881,0.19200000000003214,-0.10499999999996845,0.2160000000000295,0.9420000000000162,0.7230000000000203,-0.1259999999999728,-0.24299999999999322,
-0.30150000000000077,0.41839999999999833,-0.5591000000000008,0.4283999999999999,-0.33970000000000056,-0.3945999999999996,-0.2757999999999994,-0.1180999999999992,0.5195000000000007,0.5867000000000004,-0.22800000000000153,0.20700000000005048,-0.014999999999965041,-0.047999999999994714,0.2099999999999902,-0.4290000000000127,-0.18600000000001948,-0.411000000000028,-0.1740000000000208,-0.1920000000000055,
0.4253,-0.3091000000000008,-0.5595999999999997,0.42680000000000007,-0.3327000000000009,-0.28200000000000003,-0.40890000000000004,-0.13180000000000014,0.5137,0.5803000000000003,0.759000000000043,0.6990000000000229,0.1740000000000208,0.48600000000003973,0.4200000000000337,0.5249999999999755,0.2729999999999766,-0.054000000000007375,-0.3240000000000176,-0.4260000000000197,
-0.28580000000000005,0.45060000000000144,-0.553799999999999,-0.31869999999999976,0.4430000000000014,-0.3998000000000008,-0.26450000000000085,-0.13360000000000039,0.5660999999999996,0.5028999999999995,-0.6840000000000046,-0.08100000000002439,-0.1770000000000138,-0.3029999999999866,-0.15000000000002345,0.6900000000000173,0.10200000000002873,0.5940000000000012,-0.5939999999999745,-0.7349999999999923,
-0.3086000000000002,0.44790000000000063,-0.5596999999999994,-0.3287999999999993,0.4380000000000006,-0.37680000000000025,-0.2610999999999999,-0.11380000000000035,0.5463000000000005,0.4783999999999997,0.1320000000000121,0.5969999999999942,-0.09000000000000341,0.22800000000000153,0.21899999999996922,0.21000000000001684,0.9899999999999842,0.8460000000000001,-0.15900000000000247,0.26100000000000456,
-0.3041999999999998,0.46780000000000044,-0.5626999999999995,-0.32119999999999926,0.4452999999999996,-0.3697999999999997,-0.2281000000000004,-0.08560000000000034,0.5410000000000004,0.48709999999999987,-0.026999999999990365,-0.3930000000000433,-0.6060000000000265,-0.5040000000000511,-0.23399999999998755,-0.14400000000001079,-0.2549999999999919,0.3330000000000233,-0.5340000000000078,-0.7049999999999823,
-0.3050999999999995,0.454699999999999,-0.5829000000000004,-0.33800000000000097,0.4375,-0.37460000000000004,-0.23660000000000014,-0.07449999999999957,0.5232000000000001,0.46360000000000046,-0.35700000000002063,0.3510000000000346,-0.15300000000001646,0.22200000000001552,0.12299999999997979,0.10500000000002174,0.4590000000000227,0.7980000000000054,-0.22499999999998188,-0.1470000000000038,
-0.31700000000000017,0.46640000000000015,-0.588000000000001,-0.33060000000000045,0.4415999999999993,-0.3710999999999993,-0.22129999999999939,-0.04789999999999939,0.5157000000000007,0.45870000000000033,0.48299999999999343,0.36599999999999966,-0.09000000000000341,0.18899999999998585,0.381000000000018,-0.4230000000000267,-0.24600000000003952,-0.5220000000000358,-0.09600000000001607,-0.40200000000002234,
-0.3009000000000004,0.47860000000000014,-0.5910000000000011,-0.3243000000000009,0.4542999999999999,-0.3852000000000002,-0.2295000000000007,-0.06530000000000058,0.5125000000000002,0.4452999999999996,-0.5789999999999829,0.10800000000001475,-0.9329999999999572,-0.2129999999999832,-0.23699999999998056,0.768000000000022,1.0320000000000196,1.506000000000034,0.03300000000000303,-0.05399999999998073,
-0.3201999999999998,0.48220000000000063,-0.33140000000000036,-0.6220999999999997,0.4464000000000006,-0.3595999999999995,-0.19510000000000005,0.5136000000000003,-0.015099999999999447,0.4435000000000002,-0.4800000000000004,0.5849999999999689,-0.02100000000000435,-0.8970000000000411,0.17999999999995353,0.04499999999997506,0.3479999999999883,-0.5820000000000025,1.3529999999999642,-0.46500000000000874,
-0.33619999999999983,0.5016999999999996,-0.3321000000000005,0.452399999999999,-0.652000000000001,-0.3581000000000003,-0.18350000000000044,0.4942000000000002,0.42799999999999994,0.02999999999999936,-0.40800000000000836,0.14100000000004442,0.15600000000000946,0.12000000000004007,-1.1369999999999614,0.21000000000001684,0.3360000000000163,-0.1890000000000125,-0.6449999999999889,-0.1679999999999815,
-0.3498000000000001,0.5064000000000011,-0.3269000000000002,0.45640000000000036,-0.6898999999999997,-0.35109999999999975,-0.1722999999999999,0.4878999999999998,0.4065000000000003,0.024399999999999977,-0.15000000000002345,0.34799999999993503,-0.3420000000000023,-0.07800000000003138,-0.9030000000000271,0.6509999999999749,0.16199999999999548,-0.4860000000000131,-0.735000000000019,-0.4139999999999944,
-0.3548000000000009,0.5179999999999989,-0.33830000000000027,0.4537999999999993,-0.7200000000000006,-0.3294000000000006,-0.16690000000000005,0.47169999999999934,0.3819999999999997,0.010600000000000165,-0.4289999999999594,0.3480000000000416,-0.5039999999999445,-0.3689999999999394,-1.439999999999948,-0.020999999999977703,0.48299999999999343,-0.0839999999999641,-0.17699999999998717,0.351000000000008,
-0.36909999999999954,0.5296000000000003,0.44150000000000134,-0.3550999999999984,-0.7679999999999989,-0.33009999999999984,-0.15080000000000027,0.3761000000000001,0.46890000000000054,0.02230000000000043,0.13799999999994483,0.014999999999965041,0.1259999999999195,0.01499999999991175,0.6269999999999243,0.13500000000000512,0.01800000000001134,0.1949999999999985,0.011999999999998678,0.387000000000004,
-0.3645000000000014,0.5300999999999991,0.44569999999999865,-0.35460000000000136,-0.7471000000000014,-0.32559999999999967,-0.1501999999999999,0.38260000000000005,0.4693000000000005,0.035200000000000564,0.047999999999994714,0.05099999999998772,0.05400000000003402,0.01800000000001134,-1.3799999999999812,0.9120000000000061,0.7229999999999936,-0.21600000000000286,-0.07500000000001172,-0.0030000000000196536,
-0.36290000000000155,0.5317999999999987,0.4474999999999998,-0.354000000000001,0.0865999999999989,-0.29519999999999946,-0.1261000000000001,0.37539999999999996,0.4668000000000001,-0.7446000000000002,-0.8549999999999791,0.23700000000003385,-0.43799999999999173,-1.3470000000000049,-0.7739999999999547,0.4769999999999808,0.9030000000000005,-0.7019999999999893,-0.49800000000001177,0.810000000000004,
-0.39140000000000086,0.5396999999999998,0.43290000000000006,-0.39890000000000114,0.06080000000000041,-0.2793000000000001,-0.09600000000000009,0.3520000000000003,0.4501999999999997,-0.7176,-0.3869999999999507,0.21000000000004349,-0.23099999999999454,-0.5759999999999366,0.48299999999999343,0.6299999999999972,-0.06600000000000605,-0.46500000000000874,-0.12300000000000644,0.14399999999998414,
-0.4042999999999992,0.42520000000000024,0.5467000000000013,-0.41809999999999903,0.07690000000000019,-0.2583000000000002,0.3365,-0.09820000000000029,0.4460999999999995,-0.7128000000000005,-0.24900000000000588,0.2519999999999989,0.5189999999999628,-0.35700000000002063,0.2910000000000146,-0.035999999999996035,-0.22500000000000853,0.2190000000000225,-0.13499999999997847,0.2790000000000159,
-0.4125999999999994,0.4336000000000002,0.5640000000000001,-0.4299999999999997,0.08660000000000068,-0.25950000000000006,0.32899999999999974,-0.09089999999999954,0.4416000000000002,-0.7035,-1.161000000000012,-0.8699999999999974,-0.9239999999999782,-1.2540000000000084,-1.235999999999997,0.351000000000008,-0.2099999999999902,1.0469999999999846,0.48899999999997945,0.810000000000004,
-0.4512999999999998,0.4046000000000003,0.5332000000000008,-0.4718,0.04540000000000077,-0.2477999999999998,0.32200000000000006,-0.05600000000000005,0.45789999999999953,-0.6764999999999999,-0.3090000000000259,-0.16199999999999548,0.31199999999996564,-0.07199999999999207,0.19199999999997885,-0.15000000000002345,-0.07800000000000473,-0.31800000000000495,-0.22499999999998188,-0.03000000000001002,
0.39920000000000044,-0.4616000000000007,0.5435999999999996,-0.47419999999999973,0.05180000000000007,0.3193999999999999,-0.2528000000000006,-0.06660000000000021,0.45040000000000013,-0.6775000000000002,-0.2520000000000522,-0.7409999999999783,0.3390000000000093,-0.6240000000000379,-0.6869999999999976,0.15900000000000247,-0.2849999999999753,0.2940000000000076,0.14399999999998414,0.12599999999999945,
0.3907999999999987,-0.48629999999999995,0.5549,-0.495000000000001,0.028900000000000148,0.3247,-0.26229999999999976,-0.05679999999999996,0.4551999999999996,-0.6733000000000002,-0.7019999999999627,-1.2660000000000338,-0.03300000000002967,-1.7130000000000045,-1.3920000000000066,-0.5039999999999978,0.03299999999997638,0.5069999999999908,0.006000000000012662,0.9629999999999939,
0.36739999999999995,0.553799999999999,-0.5285000000000011,-0.01750000000000007,-0.5521000000000011,0.30790000000000006,-0.03990000000000027,-0.26120000000000054,-0.6412000000000004,0.4554,-0.32399999999999096,0.16200000000004877,-0.020999999999951058,-0.41100000000000136,-0.719999999999974,0.0629999999999864,0.2879999999999949,-0.011999999999998678,0.2310000000000212,-0.1920000000000055,
0.35660000000000025,0.5592000000000006,-0.5291999999999994,-0.031200000000000117,-0.5761000000000003,0.3099999999999996,-0.030300000000000438,-0.2616000000000005,-0.6334999999999997,0.44899999999999984,-0.31800000000000495,-0.23999999999997357,-1.3559999999999839,-1.1579999999999657,-1.1429999999999474,0.0030000000000196536,0.2519999999999989,-0.329999999999977,0.329999999999977,0.13799999999999812,
0.3460000000000001,0.5512000000000015,-0.06979999999999897,-0.5743999999999989,-0.6141999999999985,0.31010000000000026,-0.021900000000000475,-0.6225000000000005,-0.27259999999999973,0.4535999999999998,-0.19800000000001816,-0.01800000000006463,-0.36600000000005295,0.36599999999994637,-0.09300000000004971,-0.13800000000002477,0.45300000000001006,0.5430000000000135,0.22199999999998887,0.6179999999999986,
0.3393999999999995,0.5505999999999993,-0.08200000000000074,-0.5622000000000007,-0.6173000000000002,0.30549999999999944,-0.006800000000000139,-0.6044,-0.2652000000000001,0.47419999999999973,-0.27300000000000324,0.0420000000000087,0.030000000000036664,-0.5219999999999558,0.0059999999999860165,0.09900000000000908,-0.1499999999999968,0.02100000000000435,-0.5700000000000038,-0.33299999999999663,
0.33029999999999937,0.5519999999999996,-0.08099999999999952,-0.5795999999999992,-0.6171000000000006,0.30879999999999974,-0.011800000000000033,-0.6036999999999999,-0.28420000000000023,0.46309999999999985,-0.13799999999999812,0.09600000000004272,-0.18299999999999983,-0.5160000000000231,-0.6029999999999802,0.20700000000002383,0.2820000000000089,0.49800000000001177,0.16800000000000814,-0.023999999999997357,
0.32569999999999943,0.555200000000001,-0.08709999999999951,-0.5968,-0.6372,0.31570000000000054,-0.0023999999999997357,-0.5870999999999995,-0.27859999999999996,0.46229999999999993,0.03599999999996939,0.3899999999999437,-1.7490000000000272,-1.48200000000001,-1.2480000000000224,0.15599999999998282,-0.3270000000000106,0.2159999999999762,-1.031999999999993,-0.026999999999990365,
0.3268999999999984,0.5681999999999992,-0.14540000000000042,-0.6462000000000003,-0.6788000000000007,0.32089999999999996,-0.01330000000000009,-0.5799000000000003,-0.3129999999999997,0.46140000000000025,-0.07499999999993179,0.28800000000002157,0.11400000000000077,-0.8639999999999581,-0.0059999999999860165,-0.21600000000000286,-0.05100000000001437,0.1320000000000121,-0.3390000000000093,-0.40200000000002234,
0.3244000000000007,0.5777999999999999,-0.1416000000000004,-0.6749999999999989,-0.6790000000000003,0.31369999999999987,-0.015000000000000568,-0.5754999999999999,-0.32430000000000003,0.4479999999999995,0.32399999999999096,0.2129999999999832,-0.02100000000000435,-0.7140000000000413,-0.2610000000000312,0.33599999999998964,0.17100000000000115,0.4649999999999821,0.06600000000000605,0.387000000000004,
0.3352000000000004,-0.14230000000000054,0.5848999999999993,-0.6988000000000003,-0.6877000000000013,0.3248999999999995,-0.5600000000000005,-0.00930000000000053,-0.32209999999999983,0.46089999999999964,0.06299999999995975,0.6030000000000335,0.44700000000002404,-0.31200000000001893,0.1260000000000261,-0.09299999999996977,-0.0059999999999860165,-0.4049999999999887,-0.08099999999999774,-0.39299999999999,
0.33729999999999905,-0.12219999999999942,0.5998000000000001,-0.7092000000000009,-0.6835000000000004,0.32180000000000053,-0.5602,-0.022800000000000153,-0.32479999999999976,0.4478,0.8430000000000071,-0.1260000000000261,0.2609999999999779,0.6420000000000492,0.045000000000001705,-0.2910000000000146,-0.09000000000000341,0.0030000000000196536,0.11400000000000077,-0.23099999999999454,
0.3653999999999993,-0.1264000000000003,0.6084999999999994,-0.6877999999999993,-0.6820000000000004,0.31210000000000004,-0.5632000000000001,-0.0226999999999995,-0.32099999999999973,0.44010000000000016,-0.15299999999996317,0.24900000000000588,0.40800000000000836,-0.8460000000000001,0.23399999999998755,0.014999999999991687,0.22499999999998188,-0.44400000000003104,-0.9450000000000092,-0.384000000000011,
0.3603000000000005,-0.1181000000000001,0.6220999999999997,-0.7159999999999993,-0.6742000000000008,0.31259999999999977,-0.5557000000000007,-0.03750000000000053,-0.35250000000000004,0.4272999999999998,1.097999999999999,1.5000000000000213,1.155000000000026,-0.777000000000001,0.389999999999997,-0.16500000000001513,0.708000000000002,-0.08399999999999075,-1.0110000000000152,0.2099999999999902,
0.3969000000000005,-0.06809999999999938,0.6606000000000005,-0.6612000000000009,-0.7418999999999993,0.30709999999999926,-0.5321000000000007,-0.040300000000000225,0.43429999999999946,-0.38620000000000054,0.7319999999999993,0.9329999999999572,0.9509999999999685,0.11699999999999378,0.2549999999999919,-0.16499999999996184,0.18000000000003347,-0.36599999999999966,-0.011999999999972033,-1.0829999999999806,
0.42130000000000045,-0.03700000000000081,0.6922999999999995,-0.6573000000000011,-0.7333999999999996,0.30160000000000053,-0.5260999999999996,-0.05250000000000021,0.4339000000000004,-0.4222999999999999,0.5670000000000108,-0.01799999999995805,0.7230000000000203,0.15900000000005576,0.026999999999990365,-0.9180000000000188,-0.8310000000000084,-1.037999999999979,-0.02100000000000435,-1.6440000000000055,
0.4402000000000008,-0.03759999999999941,0.7164000000000001,-0.6519999999999992,-0.7324999999999999,0.2709999999999999,-0.5537999999999998,-0.08709999999999951,0.43320000000000025,-0.4771000000000001,0.24299999999996658,-0.5969999999999942,0.7260000000000133,-0.3330000000000233,0.2549999999999919,0.6930000000000103,0.4139999999999944,0.22499999999998188,0.9509999999999952,-0.746999999999991,
0.4482999999999997,-0.05749999999999922,0.7406000000000006,-0.6631,-0.7240000000000002,0.29410000000000025,-0.54,-0.07960000000000012,0.4649000000000001,-0.5019999999999998,0.08100000000002439,0.14399999999998414,-0.1290000000000191,0.026999999999990365,-0.22800000000000153,-0.5100000000000104,-0.4410000000000114,-0.054000000000007375,-0.2790000000000159,-0.1499999999999968,
0.4510000000000005,-0.05269999999999975,0.7363,-0.6622000000000003,-0.7316000000000003,0.2770999999999999,-0.5547000000000004,-0.08140000000000036,0.45559999999999956,-0.5069999999999997,0.329999999999977,-0.1320000000000121,0.5489999999999995,-0.0870000000000104,0.2999999999999936,-0.5039999999999978,-0.38399999999998435,-0.4949999999999921,-0.13199999999998546,-1.0740000000000016,
0.46199999999999974,-0.05710000000000015,0.7545999999999999,-0.6651000000000007,0.7759999999999998,0.2603,-0.5674999999999999,-0.0979000000000001,0.45120000000000005,0.8727,0.7320000000000526,0.23100000000004783,1.0020000000000095,0.6720000000000326,1.6770000000000351,0.19799999999999152,0.09599999999998943,-0.09600000000001607,0.743999999999998,-0.39300000000001667,
0.4864000000000015,-0.049399999999998556,0.7880000000000003,-0.6426999999999996,0.8818000000000001,0.2668999999999997,-0.5643000000000002,-0.10110000000000063,0.476,-0.8074000000000003,0.21899999999991593,-0.7950000000000657,0.2519999999999989,0.6029999999999802,0.44699999999997075,-0.13199999999998546,-0.3089999999999993,-0.2069999999999972,0.31800000000000495,0.054000000000007375,
0.4936999999999987,-0.07590000000000074,-0.6226000000000003,0.7964000000000002,0.8559999999999999,0.2625000000000002,-0.5746000000000002,0.48660000000000014,-0.10800000000000054,0.8228999999999997,0.49800000000006506,-0.13799999999999812,0.19500000000002515,0.31200000000001893,0.2940000000000076,0.19799999999999152,-0.08399999999999075,0.38099999999999135,0.02700000000001701,0.24900000000000588,
0.5103000000000009,-0.08050000000000068,0.8068000000000008,0.8658000000000001,0.9113000000000007,0.2690999999999999,-0.5773999999999999,-0.10709999999999997,0.8311999999999999,-0.8049999999999997,0.9749999999999659,0.05700000000002703,0.3390000000000093,1.2570000000000014,0.8460000000000001,0.00900000000000567,-0.09900000000000908,-0.054000000000007375,-0.38399999999998435,0.06899999999999906,
-0.07859999999999978,0.5427999999999997,0.8181000000000012,0.9077000000000002,0.9395000000000007,-0.5807000000000002,0.2694000000000001,-0.10890000000000022,0.8184000000000005,-0.8026999999999997,-0.11999999999998678,-0.2549999999999919,-0.045000000000001705,0.02100000000000435,-0.0029999999999930083,-0.17399999999999416,-0.2370000000000072,0.14400000000001079,-0.20100000000001117,-2.6645352591003757E-14,
-0.08259999999999934,0.5343,0.8166000000000011,0.9084000000000003,0.9394000000000009,-0.5865,0.26149999999999984,-0.10409999999999986,0.8117000000000001,-0.8027000000000006,-0.40800000000000836,-0.09899999999998244,0.0839999999999641,0.19500000000002515,0.02100000000000435,0.12000000000001343,0.15000000000002345,0.22500000000000853,-0.13799999999999812,0.2340000000000142,
-0.09619999999999962,0.5310000000000006,0.8193999999999999,0.9149000000000012,0.940100000000001,-0.5824999999999996,0.2665000000000006,-0.09659999999999958,0.8071000000000002,-0.7949000000000002,-0.28200000000003556,0.8729999999999905,0.5400000000000205,1.7219999999999303,1.3799999999999812,-0.21300000000000985,-0.1740000000000208,0.2279999999999749,-0.6870000000000243,0.23399999999998755,
-0.1056000000000008,0.5601000000000003,0.8374000000000006,0.9722999999999988,0.9861000000000004,-0.5895999999999999,0.26069999999999993,-0.08900000000000041,0.7841999999999993,-0.7871000000000006,0.06899999999999906,0.710999999999995,0.49199999999997246,0.7860000000000333,0.5369999999999742,0.02100000000000435,0.2850000000000019,0.1320000000000121,0.1110000000000344,0.6330000000000169,
-0.10330000000000084,0.5838000000000001,0.8537999999999997,1.0039999999999996,0.9984999999999999,-0.5888999999999998,0.2702,-0.08460000000000001,-0.766,0.7879000000000005,0.27300000000005653,0.11100000000000776,0.5070000000000441,0.7170000000000343,0.8969999999999878,0.21899999999999586,0.2970000000000006,0.6419999999999959,0.27000000000001023,0.23699999999998056,
-0.09419999999999895,0.5875000000000004,0.8707000000000011,1.0279000000000007,1.0283999999999995,-0.5815999999999999,0.2801,-0.06320000000000014,-0.7569999999999997,0.7957999999999998,0.6989999999999696,0.5430000000000135,0.26999999999995694,1.0919999999999597,1.2630000000000408,-0.5639999999999912,-0.24900000000000588,-0.045000000000001705,0.36599999999999966,-0.5189999999999895,
-0.07089999999999996,0.6056000000000008,0.8796999999999997,1.0642999999999994,1.070500000000001,-0.6003999999999996,0.2717999999999998,-0.0647000000000002,-0.7447999999999997,0.7785000000000002,-0.8400000000000141,-0.3480000000000416,-0.28800000000002157,-0.27000000000001023,-0.9540000000000681,-0.26399999999999757,-0.356999999999994,0.09600000000001607,0.12300000000000644,-0.4979999999999851,
-0.09890000000000043,0.5939999999999994,0.870099999999999,1.0386999999999986,1.055299999999999,-0.6091999999999995,0.2599,-0.061499999999999666,0.7619000000000007,-0.7406999999999995,0.2190000000000225,0.9030000000000271,1.0559999999999903,1.3560000000000372,1.2570000000000014,0.34499999999996867,0.9509999999999952,0.713999999999988,0.8789999999999765,0.35399999999997434,
-0.09159999999999968,0.6241000000000003,0.9052999999999987,1.097199999999999,1.0838999999999999,-0.5977000000000006,0.29159999999999986,-0.03770000000000007,-0.7289000000000003,0.7911999999999999,0.05099999999998772,0.8580000000000254,0.4800000000000537,1.3020000000000564,1.943999999999999,0.12300000000003308,0.7260000000000133,0.6780000000000186,1.2480000000000224,-0.2099999999999902,
-0.08990000000000009,0.6527000000000012,0.9213000000000005,1.140600000000001,1.1486999999999998,-0.5935999999999995,0.3158000000000003,-0.015099999999999447,-0.6872999999999996,0.7842000000000002,-0.09599999999998943,0.2129999999999832,0.045000000000001705,0.6809999999999583,0.45000000000001705,0.11999999999998678,0.21300000000000985,0.4079999999999817,0.5069999999999908,0.07199999999999207,
