0.22449999999999992,1.1014,0.4443999999999999,1.0867000000000004,0.6912000000000003,-0.7122000000000002,-0.31479999999999997,-1.2675999999999998,-1.1433,-1.7263000000000002,0.2669999999999906,0.37500000000000533,0.11699999999999378,0.48299999999999343,-0.1290000000000191,0.33299999999999663,0.05099999999998772,-0.4589999999999961,0.014999999999991687,0.08099999999999774,
0.2333999999999996,1.1139000000000001,0.4482999999999997,1.1028000000000002,0.6868999999999996,-0.7011000000000003,-0.3131000000000004,-1.2828999999999997,-1.1428000000000003,-1.7236000000000002,0.1890000000000125,0.5370000000000008,0.2940000000000076,0.5159999999999965,-0.33299999999999663,0.20700000000002383,0.39300000000001667,0.37799999999999834,-0.11399999999997412,-0.3149999999999853,
0.23970000000000002,1.1318000000000001,0.45809999999999995,1.12,0.6757999999999997,-0.6941999999999995,-0.2999999999999998,-1.2702999999999998,-1.1465999999999994,-1.7340999999999998,0.06300000000001305,0.023999999999997357,-0.04199999999998205,0.2970000000000006,-0.20099999999998452,-0.12300000000000644,-0.32399999999999096,-0.5100000000000104,-0.25500000000001855,-0.16800000000000814,
0.24180000000000046,1.1326,0.45670000000000055,1.1299000000000001,0.6691000000000003,-0.6982999999999997,-0.3107999999999995,-1.2873,-1.1551,-1.7397,-0.05700000000002703,0.18599999999999284,-0.03300000000002967,-0.0420000000000087,0.035999999999996035,0.023999999999997357,0.15599999999998282,0.12899999999999245,-0.06300000000001305,-0.02100000000000435,
0.23989999999999956,1.1387999999999998,0.45559999999999956,1.1284999999999998,0.6703000000000001,-0.6974999999999998,-0.3056000000000001,-1.2830000000000004,-1.1572000000000005,-1.7404000000000002,-0.0389999999999624,0.21000000000001684,-0.1679999999999815,0.39300000000001667,-0.19799999999999152,0.42899999999998606,0.3300000000000036,0.22800000000002818,0.18300000000002647,0.1470000000000038,
0.2386000000000008,1.1458000000000004,0.4500000000000002,1.1416000000000004,0.6637000000000004,-0.6832000000000003,-0.2946,-1.2753999999999994,-1.1510999999999996,-1.7355,0.014999999999991687,0.3720000000000123,0.14400000000001079,0.389999999999997,-0.27599999999999625,0.3270000000000106,0.15300000000001646,0.0029999999999930083,0.12599999999999945,-0.14099999999999113,
0.23910000000000053,1.1582000000000008,0.45480000000000054,1.1546000000000003,0.6545000000000005,-0.6722999999999999,-0.2894999999999994,-1.2752999999999997,-1.1468999999999996,-1.7401999999999997,-0.10200000000002873,0.7409999999999783,0.13199999999998546,0.752999999999977,-0.5190000000000161,0.8699999999999974,0.5189999999999895,0.03000000000001002,-0.18000000000000682,0.6209999999999916,
0.23569999999999958,1.1829,0.45920000000000005,1.1796999999999995,0.6372,-0.6433,-0.2721999999999998,-1.2742999999999993,-1.1528999999999998,-1.7195,-0.31500000000001194,0.359999999999987,-0.24000000000002686,0.6419999999999959,-0.6750000000000256,0.29399999999998094,0.19199999999997885,0.06899999999997242,-0.0840000000000174,-0.31500000000001194,
0.22519999999999918,1.1948999999999996,0.45119999999999916,1.2010999999999994,0.6146999999999991,-0.6335000000000006,-0.2658000000000005,-1.2720000000000002,-1.1557000000000004,-1.7300000000000004,-0.2400000000000002,0.22800000000000153,0.1470000000000038,0.42599999999999305,-0.43799999999999173,0.24900000000000588,0.3660000000000263,-0.1499999999999968,0.06600000000000605,0.41100000000000136,
0.21719999999999917,1.2024999999999997,0.4560999999999993,1.2152999999999992,0.6000999999999994,-0.6252000000000004,-0.2535999999999996,-1.2770000000000001,-1.1535000000000002,-1.7163000000000004,-0.07499999999998508,0.14100000000001778,0.009000000000032315,0.09900000000003573,0.11400000000002741,-0.12299999999997979,-0.09000000000000341,0.09299999999999642,-0.11400000000000077,-0.1049999999999951,
0.21469999999999967,1.2072000000000003,0.45640000000000036,1.2186000000000003,0.6039000000000003,-0.6292999999999997,-0.2565999999999997,-1.2739000000000003,-1.1573000000000002,-1.7198000000000002,-0.7200000000000006,0.18599999999999284,0.026999999999990365,0.6569999999999876,-0.6000000000000139,0.09299999999999642,0.25800000000001155,-0.12299999999997979,0.0420000000000087,0.36000000000001364,
0.19069999999999965,1.2134,0.45730000000000004,1.2405,0.5838999999999999,-0.6261999999999999,-0.24799999999999933,-1.2779999999999996,-1.1559,-1.7077999999999998,-0.15900000000000247,0.4049999999999887,-0.06899999999999906,0.4169999999999874,-0.46800000000000175,0.3449999999999953,0.5909999999999815,0.42599999999999305,0.36299999999998,0.6719999999999793,
0.18539999999999957,1.2268999999999997,0.45500000000000007,1.2543999999999995,0.5682999999999998,-0.6147,-0.22829999999999995,-1.2637999999999998,-1.1438000000000006,-1.6854000000000005,-0.6119999999999592,0.5850000000000222,0.09000000000000341,1.3920000000000332,-0.8039999999999914,0.8369999999999944,1.3949999999999996,0.6630000000000003,0.768000000000022,1.4370000000000083,
0.16500000000000092,1.2464000000000004,0.4580000000000002,1.3008000000000006,-0.00879999999999903,-0.5868000000000002,-0.18179999999999996,-1.2416999999999998,-1.1181999999999999,-1.7240000000000002,-0.22200000000001552,0.5789999999999829,0.19499999999997186,0.9509999999999685,-1.0050000000000558,-0.4589999999999961,0.6329999999999902,-0.10200000000000209,0.07799999999997809,0.8849999999999891,
0.1576000000000004,1.2656999999999998,0.46449999999999925,-0.04230000000000089,0.5332999999999997,-0.6021000000000001,-0.1607000000000003,-1.2450999999999999,-1.6945000000000006,-1.6371000000000002,-0.18299999999999983,0.18000000000003347,-0.07799999999995144,1.2870000000000381,-0.3479999999999617,0.2370000000000072,0.9960000000000235,0.2400000000000002,0.702000000000016,0.4860000000000131,
0.1515000000000004,1.271700000000001,0.46190000000000087,6.00000000000378E-4,0.5217000000000009,-0.5941999999999998,-0.1274999999999995,-1.2370999999999999,-1.6711,-1.6208999999999998,0.4800000000000004,0.14999999999997016,0.13799999999997148,-4.614000000000011,0.16199999999999548,-0.15300000000001646,-0.2340000000000142,-0.10800000000001475,-1.2479999999999958,-0.08099999999999774,
0.16750000000000043,1.2767,0.4664999999999999,0.5271000000000008,-0.1532,-0.5993000000000004,-0.13529999999999998,-1.2407000000000004,-1.6235999999999997,-1.7127,-0.2970000000000006,0.12899999999999245,0.07499999999998508,-0.29400000000003423,-1.7580000000000062,0.27300000000000324,1.2239999999999984,0.42000000000000703,0.5460000000000065,0.8279999999999887,
0.1576000000000004,1.2809999999999997,0.4689999999999994,0.5172999999999996,-0.2118000000000002,-0.5902000000000003,-0.09450000000000003,-1.2267000000000001,-1.6053999999999995,-1.6851000000000003,0.35399999999997434,0.2519999999999989,0.3270000000000106,-0.09000000000000341,-1.0769999999999946,0.13500000000000512,1.0079999999999956,0.24299999999999322,0.3719999999999857,0.25800000000001155,
0.16939999999999955,1.2893999999999997,0.47989999999999977,0.5142999999999995,-0.24770000000000003,-0.5857000000000001,-0.060900000000000176,-1.2186000000000003,-1.593,-1.6764999999999999,-0.023999999999997357,0.2790000000000159,0.17399999999999416,-0.5580000000000052,1.0410000000000252,1.128000000000009,2.055000000000007,1.383000000000001,0.4019999999999957,1.1159999999999837,
0.16859999999999964,0.4856999999999996,1.2987000000000002,-0.2129999999999992,0.49569999999999936,-0.5480999999999998,-1.1725000000000003,0.007600000000000051,-1.6393000000000004,-1.5796000000000001,0.36300000000000665,0.3390000000000093,0.32099999999999795,-2.766000000000002,0.045000000000054996,0.1470000000000038,0.3330000000000233,0.8400000000000141,-0.33899999999998265,-0.09599999999998943,
0.18069999999999986,0.4969999999999999,1.3094000000000001,0.4972000000000012,-0.30519999999999925,-0.5431999999999997,-1.1613999999999995,0.03560000000000052,-1.5827999999999998,-1.6505999999999998,0.4260000000000197,0.4199999999999804,0.4769999999999808,0.2939999999999543,-1.2540000000000084,1.169999999999991,1.0439999999999916,1.2839999999999918,0.6120000000000125,0.5100000000000104,
0.19490000000000052,0.5109999999999992,1.3252999999999995,0.5069999999999997,-0.34699999999999953,-0.5042,-1.1265999999999998,0.07840000000000025,-1.5623999999999993,-1.6335999999999995,0.20400000000000418,-0.041999999999955406,-0.6629999999999736,-0.15299999999996317,-1.9919999999999938,-0.0870000000000104,-0.12599999999999945,0.329999999999977,0.08699999999998376,-0.9270000000000245,
0.20170000000000066,0.5096000000000007,1.3032000000000004,0.5019000000000009,1.4299,-0.5071000000000003,-1.1307999999999998,0.08939999999999948,-1.5594999999999999,-0.9238999999999997,0.6269999999999776,0.7499999999999574,0.782999999999987,0.4169999999999874,0.5220000000000091,0.8579999999999988,1.169999999999991,0.8610000000000184,0.47099999999999476,1.0649999999999693,
0.2225999999999999,0.5345999999999993,1.3293,0.5158000000000005,-0.4285999999999994,-0.47850000000000037,-1.0918,0.1181000000000001,-1.5438,-1.6371000000000002,0.24000000000002686,0.05700000000002703,0.39299999999999,-0.009000000000032315,-1.791000000000036,0.21600000000000286,0.13499999999997847,0.4979999999999851,-0.09000000000000341,-0.2850000000000019,
0.2306000000000008,0.5365000000000002,1.3423999999999996,0.5154999999999994,1.4469000000000003,-0.4713000000000003,-1.0873000000000008,0.1346999999999996,-1.5468000000000002,-0.8656000000000006,0.8759999999999835,-0.22499999999995524,0.4680000000000284,-0.5549999999999322,-0.04499999999997506,1.1640000000000317,1.3530000000000442,0.8790000000000298,0.6690000000000129,2.040000000000042,
0.25980000000000025,0.5290000000000017,1.3580000000000005,0.49700000000000166,1.4454000000000011,-0.4324999999999992,-1.0421999999999993,0.1640000000000006,-1.5244999999999997,-0.7975999999999992,1.0799999999999876,0.9899999999999309,1.1939999999999618,0.48299999999994014,0.8969999999999345,0.8459999999999734,0.9839999999999716,0.9179999999999922,0.9839999999999982,1.3529999999999642,
0.29579999999999984,0.5619999999999994,1.3977999999999993,0.5130999999999997,-0.5016000000000016,-0.4043000000000001,-1.0094000000000003,0.19460000000000033,-1.4916999999999998,-1.5601000000000003,0.8790000000000298,0.27300000000000324,0.39300000000001667,-0.2579999999999849,-1.0289999999999466,-0.06899999999999906,0.28500000000002856,-0.18000000000000682,0.03900000000001569,-0.44099999999998474,
0.32510000000000083,0.5710999999999995,1.4108999999999998,0.5045000000000002,1.4847000000000001,-0.4066000000000001,-0.9998999999999993,0.1886000000000001,-1.4903999999999993,-0.7333999999999996,-0.09600000000004272,0.030000000000036664,0.2850000000000019,-0.19800000000001816,0.00900000000000567,0.3420000000000023,0.0059999999999860165,-0.06899999999999906,-0.24600000000001288,-0.2760000000000229,
0.3218999999999994,0.5721000000000007,1.4203999999999999,0.49789999999999957,1.4850000000000003,-0.3952,-0.9996999999999998,0.18630000000000013,-1.4985999999999997,-0.7426000000000004,0.7110000000000483,0.3719999999999857,0.3300000000000036,-0.39899999999997604,0.13500000000000512,0.4890000000000061,0.7889999999999997,0.3479999999999883,0.6659999999999933,1.1130000000000173,
0.345600000000001,0.5845000000000002,1.4314,0.48460000000000036,1.4895000000000005,-0.3788999999999998,-0.9733999999999998,0.19789999999999974,-1.4764,-0.7054999999999998,0.9540000000000148,0.6000000000000405,0.8460000000000267,-0.05699999999997374,0.8910000000000018,0.13499999999997847,0.11399999999997412,-0.36300000000000665,-0.01800000000001134,0.15599999999998282,
0.3774000000000015,0.6045000000000016,1.459600000000001,0.48270000000000124,1.5192000000000005,-0.3744000000000005,-0.9696000000000007,0.18579999999999952,-1.4770000000000003,-0.7003000000000004,1.6499999999999382,1.1309999999999754,1.4039999999999786,-0.6540000000000212,0.6989999999999963,0.1890000000000125,0.7080000000000286,-0.5909999999999815,0.5700000000000038,-0.014999999999991687,
0.43239999999999945,0.6422000000000008,1.5064000000000002,0.46090000000000053,1.5425000000000004,-0.3681000000000001,-0.9459999999999997,0.16610000000000014,-1.4580000000000002,-0.7008000000000001,0.6600000000000072,0.2579999999999849,0.026999999999990365,-0.9780000000000122,0.8159999999999634,0.708000000000002,0.9119999999999795,0.11999999999998678,0.9659999999999869,0.38099999999999135,
0.4543999999999997,0.6508000000000003,0.4283000000000001,1.5072999999999999,1.5696999999999992,-0.34450000000000003,-0.9156000000000004,-1.4258000000000006,0.1700999999999997,-0.6881000000000004,0.759000000000043,0.6630000000000003,-0.11100000000000776,0.6420000000000226,0.5220000000000358,0.48899999999997945,0.42000000000000703,0.5940000000000012,-0.01800000000001134,0.08399999999999075,
0.4797000000000011,0.6729000000000003,0.42459999999999987,1.5287000000000006,1.5871000000000004,-0.3282000000000007,-0.9016000000000002,-1.4060000000000006,0.16949999999999932,-0.6853000000000007,-0.20400000000005747,-0.09900000000003573,-0.1320000000000121,-0.21000000000001684,-0.15300000000001646,-0.20099999999998452,-0.10200000000000209,-0.05999999999999339,0.06900000000002571,-0.03299999999997638,
0.4728999999999992,0.6695999999999991,0.42019999999999946,1.5217,1.5819999999999999,-0.3349000000000002,-0.9050000000000002,-1.4080000000000004,0.17180000000000017,-0.6863999999999999,1.1249999999999893,0.9120000000000061,-0.39899999999997604,1.1309999999999754,0.9030000000000005,0.6329999999999902,0.7889999999999997,0.6570000000000142,0.07499999999998508,0.36299999999998,
0.5103999999999989,0.6999999999999993,0.40690000000000026,1.5593999999999992,1.6120999999999999,-0.3138000000000005,-0.8787000000000003,-1.3860999999999999,0.17429999999999968,-0.6743000000000006,0.7320000000000526,0.5430000000000668,-0.5099999999999838,0.6090000000000462,0.4980000000000384,0.4590000000000227,0.7200000000000006,0.4019999999999957,0.36300000000000665,0.29700000000002724,
0.5348000000000006,0.7181000000000015,0.3899000000000008,1.5797000000000008,1.6287000000000011,-0.29849999999999977,-0.8547000000000002,-1.3727,0.1863999999999999,-0.6643999999999997,1.880999999999986,1.1939999999999351,-0.9180000000000454,1.1190000000000033,1.2329999999999774,1.3320000000000132,1.5660000000000274,1.617000000000015,0.40200000000002234,1.097999999999999,
0.5975000000000001,0.7578999999999994,0.3592999999999993,1.6170000000000009,-0.7601999999999993,-0.2540999999999993,-0.8024999999999993,-1.3187999999999995,0.19980000000000064,-1.5934,0.728999999999953,0.777000000000001,-1.2899999999999778,0.3029999999999333,-2.124000000000059,0.6779999999999653,1.214999999999966,0.5219999999999825,0.9719999999999729,0.4139999999999944,
0.6217999999999986,0.7837999999999994,0.3163,1.6270999999999987,-0.8310000000000013,-0.23150000000000048,-0.7620000000000005,-1.3014000000000001,0.23219999999999974,-1.5796000000000001,0.7890000000000263,0.39299999999999,-0.49800000000001177,0.27599999999999625,-1.9289999999999807,0.34200000000002895,0.6540000000000212,0.4890000000000061,0.021000000000030994,-0.4589999999999961,
0.6480999999999995,0.796899999999999,0.29969999999999963,1.6362999999999985,-0.44090000000000096,-0.22009999999999952,-0.7401999999999997,-1.2851,0.23290000000000077,-1.7386,0.21000000000004349,0.22200000000001552,0.07500000000003837,0.44700000000007734,0.03300000000002967,0.3509999999999813,0.4169999999999874,0.18899999999998585,0.22499999999998188,0.1920000000000055,
0.6551000000000009,0.8042999999999996,0.3022000000000009,1.6512000000000011,-0.43979999999999997,-0.20840000000000014,-0.7263000000000002,-1.2788000000000004,0.24040000000000017,-1.7321999999999997,0.8160000000000167,0.5970000000000475,-0.9600000000000009,0.44699999999997075,-0.3059999999999796,0.5010000000000048,0.4529999999999834,0.4860000000000131,0.5039999999999978,0.6629999999999736,
0.6823000000000015,0.8242000000000012,0.2702000000000009,1.6661000000000001,-0.4499999999999993,-0.19169999999999998,-0.7112000000000007,-1.2626,0.2572000000000001,-1.7101000000000006,0.8579999999999188,0.668999999999933,-0.6360000000000632,0.44099999999998474,-0.12000000000004007,0.8340000000000014,0.9630000000000205,1.2090000000000067,0.7200000000000006,0.7770000000000277,
0.7108999999999988,0.8464999999999989,0.24899999999999878,1.6807999999999996,-0.4540000000000006,-0.16389999999999993,-0.6791,-1.2222999999999997,0.2812000000000001,-1.6841999999999997,1.6740000000000421,1.0050000000000558,-1.748999999999974,1.1700000000000443,-0.8669999999999511,0.29099999999998793,1.034999999999986,1.1309999999999754,0.4469999999999974,0.4499999999999904,
0.7667000000000002,0.8800000000000008,0.19069999999999965,-0.482899999999999,1.719800000000001,-0.15420000000000034,-0.6446000000000005,-1.1846000000000005,-1.6692,0.29610000000000003,0.710999999999995,0.5489999999999462,-0.9270000000000245,-0.27600000000004954,0.15599999999995617,0.2519999999999989,0.5220000000000091,0.5760000000000165,0.24299999999999322,0.4469999999999974,
0.7904,0.898299999999999,0.15979999999999883,-0.49210000000000065,1.7249999999999996,-0.14580000000000037,-0.6272000000000002,-1.1654,-1.6611000000000002,0.31099999999999994,1.4699999999999847,0.9810000000000052,-0.23999999999997357,-0.15600000000000946,0.9330000000000105,0.6360000000000099,0.9030000000000005,1.4489999999999803,0.6059999999999999,0.6179999999999986,
0.8393999999999995,0.9309999999999992,0.1517999999999997,-0.49730000000000096,1.7561,-0.12460000000000004,-0.5971000000000002,-1.1171000000000006,-1.6409000000000002,0.3315999999999999,0.1290000000000191,0.07199999999999207,-0.02100000000000435,0.1290000000000191,-0.1649999999999885,-0.40800000000000836,-0.24600000000001288,-0.4349999999999987,-0.2069999999999972,0.0,
0.8437000000000001,0.9333999999999989,0.15109999999999957,-0.4930000000000003,1.7506000000000004,-0.13820000000000032,-0.6053000000000006,-1.1316000000000006,-1.6478000000000002,0.3315999999999999,1.1340000000000217,0.8910000000000551,-0.5039999999999978,0.02100000000000435,1.100999999999992,0.389999999999997,0.4019999999999957,0.7229999999999936,0.42599999999999305,0.36899999999999267,
0.8815000000000008,0.13429999999999964,0.9631000000000007,-0.4923000000000002,0.7285000000000004,-0.12520000000000042,-1.1075000000000008,-0.5919000000000008,-1.6336000000000004,-1.6315,0.656999999999961,-0.7589999999999897,0.5249999999999488,-0.3930000000000433,-0.0840000000000174,0.8490000000000197,1.7100000000000382,1.2840000000000185,1.410000000000018,1.9140000000000157,
0.9033999999999995,0.10899999999999999,0.980599999999999,-0.5054000000000016,0.7256999999999998,-0.09689999999999976,-1.0504999999999995,-0.5491000000000001,-1.5865999999999998,-1.5676999999999994,2.1779999999999866,-0.36000000000001364,1.6890000000000072,0.4200000000000337,0.6899999999999906,1.139999999999981,1.3319999999999865,1.5839999999999854,1.742999999999988,2.441999999999984,
0.9759999999999991,0.09699999999999953,1.0368999999999993,-0.4914000000000005,0.7486999999999995,-0.058900000000000396,-1.0061,-0.49630000000000063,-1.5285000000000002,-1.4863,0.708000000000002,-0.8160000000000167,0.4710000000000214,-0.2099999999999902,-0.4800000000000004,0.6510000000000282,0.46800000000000175,0.9750000000000192,0.810000000000004,0.18000000000000682,
0.06979999999999897,0.9995999999999992,1.0526,-0.4984000000000002,0.7326999999999995,-0.9904999999999999,-0.037199999999999456,-0.4638,-1.5015,-1.4802999999999997,-0.9179999999999389,0.6030000000000335,0.5940000000000012,-0.2099999999999902,-0.2579999999999849,0.6239999999999846,0.758999999999963,0.5459999999999798,0.7530000000000037,0.7409999999999783,
0.03920000000000101,1.0197000000000003,1.0724,-0.5053999999999998,0.7241,-0.9697000000000005,-0.011900000000000688,-0.44560000000000066,-1.4764,-1.4556000000000004,0.30599999999992633,0.12299999999997979,0.11699999999999378,0.19799999999996487,-0.027000000000043656,-0.09599999999998943,0.015000000000018332,0.1920000000000055,0.14399999999998414,0.06300000000001305,
0.049399999999998556,1.0237999999999996,1.0762999999999998,-0.498800000000001,0.7231999999999985,-0.9729000000000001,-0.011400000000000077,-0.4392000000000005,-1.4716000000000005,-1.4535,-0.011999999999918742,1.0050000000000558,0.9600000000000009,0.3420000000000556,0.37500000000008527,0.11400000000000077,0.46200000000001573,0.3180000000000316,0.3660000000000263,0.03300000000000303,
0.049000000000001265,1.0573000000000015,1.1082999999999998,-0.48739999999999917,0.7357000000000014,-0.9691000000000001,0.004000000000000448,-0.4285999999999994,-1.4593999999999996,-1.4524,-0.5250000000000554,0.656999999999961,0.387000000000004,-0.1770000000000671,-0.3990000000000826,0.47099999999999476,1.001999999999983,0.8279999999999621,0.7799999999999674,0.9749999999999925,
0.03149999999999942,1.0792000000000002,1.1212,-0.4933000000000014,0.7223999999999986,-0.9534000000000002,0.03739999999999988,-0.4010000000000007,-1.4334000000000007,-1.4199000000000002,-0.8640000000000114,1.5899999999999714,1.037999999999979,0.24900000000000588,-0.31800000000000495,0.9180000000000188,1.2150000000000194,1.2450000000000294,0.9000000000000341,1.6500000000000181,
0.0026999999999990365,1.1321999999999992,1.1557999999999993,-0.4850000000000012,0.7117999999999984,-0.9227999999999996,0.07790000000000052,-0.3594999999999997,-1.4033999999999995,-1.3648999999999996,-0.8999999999999808,0.4349999999999987,0.24300000000001987,-0.2039999999999509,-0.722999999999967,0.9479999999999755,1.0649999999999693,0.9869999999999912,1.112999999999964,1.0469999999999846,
-0.027300000000000324,1.1466999999999992,1.1639,-0.49179999999999957,0.6876999999999995,-0.8912000000000004,0.1133999999999995,-0.3266,-1.3663000000000007,-1.33,-0.7409999999999783,0.49800000000001177,0.14099999999999113,-0.4200000000000337,-0.06899999999999906,0.5910000000000082,1.0470000000000113,1.001999999999983,0.7260000000000133,0.9179999999999922,
-0.0519999999999996,1.1632999999999996,1.1685999999999996,-0.5058000000000007,0.6853999999999996,-0.8715000000000002,0.14829999999999988,-0.29320000000000057,-1.3421000000000003,-1.2994000000000003,-0.06000000000002004,-0.09899999999998244,-0.05099999999998772,0.03300000000002967,-0.6479999999999819,-0.16800000000000814,0.10200000000000209,0.05999999999999339,0.0029999999999930083,-0.1499999999999968,
-0.05400000000000027,1.1600000000000001,1.1669,-0.5046999999999997,0.6638000000000002,-0.8771000000000004,0.15169999999999995,-0.2912000000000008,-1.3420000000000005,-1.3044000000000002,-0.6990000000000229,0.2549999999999919,0.01800000000001134,-0.49200000000002575,-0.3030000000000399,1.2150000000000194,1.1249999999999893,0.9450000000000092,1.0710000000000086,1.3230000000000075,
-0.07730000000000103,1.1684999999999999,1.1675000000000004,-0.5211000000000006,0.6536999999999988,-0.8365999999999998,0.1891999999999996,-0.2597000000000005,-1.3063000000000002,-1.2603,-0.731999999999946,-0.0809999999999711,-0.0059999999999860165,-0.19499999999997186,-0.3869999999999507,1.0740000000000016,1.260000000000021,1.1460000000000203,1.2900000000000045,1.194000000000015,
-0.10169999999999924,1.167300000000001,1.1658000000000008,-0.5275999999999996,0.6408000000000005,-0.8007999999999997,-0.2214999999999998,0.2312000000000003,-1.2633,-1.2204999999999995,-0.5700000000000038,-0.006000000000039307,0.23399999999998755,-0.7920000000000194,-0.6179999999999986,2.096999999999989,2.4599999999999955,3.0150000000000077,2.9940000000000033,3.2729999999999926,
-0.12069999999999936,1.1670999999999996,1.1736000000000004,0.6202000000000005,-0.5540000000000003,-0.7309000000000001,-0.13949999999999996,0.33170000000000055,-1.1113999999999997,-1.1635,-1.0769999999999946,-0.09299999999999642,0.03299999999997638,-0.6600000000000072,-0.19499999999997186,0.16200000000002213,1.0439999999999916,1.139999999999981,1.4459999999999873,1.3140000000000018,
-0.15659999999999918,1.1639999999999997,0.5982000000000003,1.1746999999999996,-0.5604999999999993,-0.7254999999999994,-0.10470000000000024,-1.0632000000000001,0.3696999999999999,-1.1197,-0.8400000000000141,-0.5339999999999812,-0.759000000000043,0.15600000000000946,-0.3420000000000556,0.2999999999999936,0.9390000000000231,1.3230000000000075,0.9990000000000165,1.2149999999999928,
-0.18459999999999965,1.1462000000000003,0.5728999999999989,-0.5719000000000012,1.1799,-0.7154999999999996,-0.07339999999999947,-1.0191,-1.0792000000000002,0.40300000000000047,0.5429999999999602,0.31199999999996564,0.16500000000004178,0.13800000000005141,-0.1320000000000121,0.05999999999999339,0.365999999999973,0.017999999999984695,0.2999999999999936,0.4139999999999677,
-0.16650000000000098,1.1565999999999992,0.5784000000000002,-0.5672999999999995,1.1754999999999995,-0.7134999999999998,-0.061200000000000365,-1.0185000000000004,-1.0692000000000004,0.4167999999999994,-0.8489999999999398,-0.2639999999999709,-0.3809999999999647,-0.31199999999996564,0.2580000000000382,0.11400000000000077,0.5790000000000095,1.3260000000000005,0.9750000000000192,0.6540000000000212,
-0.19479999999999897,0.5657000000000014,1.1478000000000002,-0.5776999999999983,1.1841000000000008,-0.7096999999999998,-0.9743000000000004,-0.04190000000000005,-1.0366999999999997,0.4386000000000001,-0.435000000000052,0.01499999999991175,-0.21000000000004349,-0.27300000000005653,-0.10200000000002873,0.5370000000000008,0.8430000000000071,0.804000000000018,1.166999999999998,0.710999999999995,
-0.2093000000000007,0.5661999999999985,1.1407999999999987,-0.5868000000000002,1.1806999999999999,-0.6917999999999997,-0.9462000000000002,-0.015099999999999447,-0.9977999999999998,0.46229999999999993,-0.8939999999999948,-1.1519999999999264,-0.34799999999993503,-0.33299999999997,0.4649999999999821,0.1499999999999968,0.702000000000016,1.034999999999986,1.6560000000000041,1.2210000000000054,
-0.23910000000000053,0.5278000000000009,-0.5978999999999992,1.1292000000000009,1.1092999999999993,-0.6867999999999999,-0.9227999999999996,-0.9425999999999997,0.019400000000000084,-0.5234999999999994,-0.2579999999999849,-0.15300000000001646,0.11400000000000077,0.1649999999999885,-0.78599999999998,0.27300000000000324,0.6479999999999819,0.9449999999999825,0.6360000000000099,0.9659999999999869,
-0.24770000000000003,0.5227000000000004,-0.5940999999999992,1.1347000000000005,1.0831,-0.6776999999999997,-0.9012000000000002,-0.9111000000000002,0.040600000000000414,-0.49129999999999985,-0.2129999999999832,-0.7860000000000333,-0.08100000000002439,0.023999999999997357,-0.6630000000000003,0.5039999999999978,0.4800000000000004,1.1100000000000243,0.7259999999999867,0.9059999999999935,
-0.25479999999999947,0.4964999999999993,-0.5968,1.1355000000000004,1.061,-0.6608999999999998,-0.8852000000000002,-0.8740999999999994,0.06479999999999997,-0.46110000000000007,0.0839999999999641,0.3449999999999953,0.008999999999979025,-0.06600000000000605,0.029999999999983373,-0.09300000000002306,-0.023999999999997357,-0.03300000000002967,-0.09000000000000341,-0.06600000000000605,
-0.25200000000000067,0.5079999999999991,-0.5965000000000007,1.1333000000000002,1.0619999999999994,-0.6640000000000006,-0.8860000000000001,-0.8752000000000004,0.061799999999999855,-0.46330000000000027,0.030000000000036664,-0.4199999999999804,0.048000000000048004,-0.14699999999997715,-0.5849999999999689,0.7560000000000233,0.8489999999999931,1.2840000000000185,0.6900000000000173,1.1340000000000217,
-0.25099999999999945,0.4939999999999998,-0.5948999999999991,1.0425000000000004,1.128400000000001,-0.6387999999999998,-0.8577000000000004,-0.8323999999999998,-0.42549999999999955,0.08480000000000043,-0.2130000000000365,0.14399999999998414,-0.2700000000000635,-0.7290000000000063,0.2549999999999386,0.2999999999999936,0.39000000000002366,0.8220000000000027,0.9120000000000061,0.5669999999999842,
-0.25810000000000066,0.49879999999999924,-0.6039000000000012,1.0182000000000002,1.136899999999999,-0.6288,-0.8446999999999996,-0.8049999999999997,-0.39509999999999934,0.1036999999999999,-0.6119999999999592,-0.48299999999999343,0.08700000000006369,-0.6449999999999889,-0.03299999999997638,1.4819999999999833,1.565999999999974,1.6769999999999818,1.6019999999999701,0.8910000000000018,
-0.2784999999999993,0.48269999999999946,-0.6009999999999991,0.9967000000000006,1.1357999999999997,-0.5794000000000006,-0.7925000000000004,-0.7491000000000003,-0.34170000000000034,0.13339999999999996,-0.10500000000002174,0.01800000000001134,-0.1260000000000261,-0.6630000000000003,-0.029999999999983373,0.2370000000000072,0.6150000000000055,0.9930000000000039,0.1499999999999968,0.3479999999999883,
-0.28200000000000003,0.48329999999999984,-0.6052,0.9746000000000006,1.1348000000000003,-0.5715000000000003,-0.7720000000000002,-0.7160000000000002,-0.33670000000000044,0.14499999999999957,-0.2970000000000006,0.08100000000002439,0.15300000000001646,-0.9030000000000271,0.03299999999997638,0.0660000000000327,0.22500000000000853,0.6600000000000072,-0.0839999999999641,-0.10499999999996845,
-0.29190000000000005,0.48600000000000065,-0.6000999999999994,0.9444999999999997,1.1358999999999995,-0.5692999999999993,-0.7645,-0.694,-0.33949999999999925,0.14150000000000063,0.026999999999990365,-0.2940000000000076,-0.24000000000002686,0.2609999999999779,-0.008999999999979025,0.4259999999999664,0.0629999999999864,0.17100000000000115,0.002999999999966363,0.2699999999999836,
-0.29100000000000037,0.4762000000000004,-0.6081000000000003,0.9531999999999989,1.1356000000000002,-0.5551000000000004,-0.7624000000000004,-0.6882999999999999,-0.33940000000000037,0.15050000000000008,-0.18899999999998585,0.13799999999999812,-0.1709999999999745,-0.7409999999999783,0.02100000000000435,0.024000000000024002,0.9120000000000328,0.5700000000000038,-0.20399999999997753,0.023999999999997357,
-0.2972999999999999,0.48080000000000034,-0.6137999999999995,0.9284999999999997,1.1363000000000003,-0.5542999999999996,-0.7319999999999993,-0.6692999999999998,-0.3461999999999996,0.1513,-0.22199999999996223,-0.045000000000001705,-0.20100000000001117,-0.39599999999998303,-0.023999999999997357,0.2789999999999626,0.4349999999999721,0.9149999999999725,0.0629999999999864,0.2849999999999753,
-0.30469999999999864,0.4793000000000003,-0.6204999999999998,0.9153000000000002,1.1355000000000004,-0.5450000000000008,-0.7175000000000002,-0.6388000000000007,-0.3441000000000001,0.16079999999999917,-0.009000000000032315,0.07800000000003138,-0.8819999999999695,-0.9419999999999895,-0.27300000000000324,0.9300000000000175,1.5779999999999994,1.8989999999999974,1.0889999999999933,1.1340000000000217,
-0.3049999999999997,0.4819000000000013,-0.6498999999999988,0.8839000000000006,-0.2876999999999992,-0.5140000000000002,-0.6649000000000003,-0.5755000000000008,-0.3078000000000003,-1.0663,-0.4230000000000267,-0.5490000000000528,-1.212000000000053,-0.8220000000000027,-0.8520000000000394,0.6000000000000139,0.7170000000000076,0.9300000000000175,0.6000000000000139,1.2180000000000124,
-0.3191000000000006,0.46359999999999957,-0.6903000000000006,0.8565000000000005,-0.3161000000000005,-0.4939999999999998,-0.641,-0.5445000000000002,-0.28779999999999983,-1.0256999999999996,0.23100000000004783,0.12300000000003308,-0.8279999999999355,-0.5729999999999968,-0.09599999999993614,0.39899999999997604,0.6479999999999819,0.8220000000000027,0.21899999999999586,1.2269999999999648,
-0.311399999999999,0.46770000000000067,0.8374000000000006,-0.7178999999999984,-0.31929999999999836,-0.48070000000000057,-0.6194000000000006,-0.28049999999999997,-0.5171000000000001,-0.9848000000000008,-0.10200000000002873,0.1259999999999728,-0.030000000000036664,-0.06300000000006634,-0.31800000000005824,0.0030000000000196536,-0.02699999999996372,0.07800000000000473,-0.04199999999998205,-0.4109999999999747,
-0.31479999999999997,0.47189999999999976,0.8363999999999994,-0.7200000000000006,-0.3299000000000003,-0.4805999999999999,-0.6202999999999994,-0.2778999999999998,-0.5184999999999995,-0.9984999999999999,0.06300000000001305,-0.3479999999999883,-0.48899999999997945,-0.9869999999999912,-0.5579999999999785,0.5909999999999815,0.6989999999999696,0.4139999999999944,1.1009999999999653,1.3020000000000032,
-0.31269999999999953,0.46030000000000015,0.8201,-0.7529000000000003,-0.3484999999999996,-0.46090000000000053,-0.5970000000000004,-0.2641,-0.48180000000000067,-0.9550999999999998,-0.2970000000000006,-0.07799999999997809,-0.6779999999999653,-1.1339999999999684,-0.389999999999997,0.6540000000000212,0.4320000000000057,0.17399999999999416,0.9120000000000061,0.21899999999999586,
-0.32259999999999955,0.4577000000000009,0.7975000000000012,-0.7906999999999993,0.35130000000000017,-0.4390999999999998,-0.5826000000000002,-0.2583000000000002,-0.45140000000000047,-0.9412000000000003,-0.1770000000000138,-0.8160000000000167,-1.6950000000000465,-2.073000000000018,-0.4230000000000267,1.5300000000000047,1.6590000000000238,1.446000000000014,2.034000000000029,2.0970000000000155,
-0.3285,0.4305000000000003,0.7409999999999997,0.3371999999999993,-0.8597999999999999,-0.38809999999999967,-0.5272999999999994,-0.21009999999999973,-0.8712999999999997,-0.3835999999999995,-0.27899999999998926,-0.5399999999999672,-0.5249999999999488,-0.49499999999996547,-1.031999999999993,0.49800000000001177,0.5639999999999912,0.384000000000011,0.8550000000000058,0.8819999999999961,
-0.33779999999999966,0.4125000000000014,0.7235000000000014,0.32070000000000043,-0.8941999999999997,-0.3714999999999993,-0.5084999999999997,-0.19729999999999936,-0.8427999999999995,-0.3541999999999996,0.30899999999997263,-0.5850000000000755,-0.7770000000000543,-0.5370000000000275,-0.7350000000000456,0.4739999999999611,0.5039999999999711,0.6659999999999666,0.782999999999987,1.0199999999999676,
-0.32750000000000057,0.3929999999999989,0.6975999999999996,0.3027999999999995,-0.4101999999999997,-0.35570000000000057,-0.4917000000000007,-0.17510000000000048,-0.8167,-0.8665000000000003,-0.2159999999999762,0.15900000000005576,0.06899999999999906,0.02100000000000435,-0.2610000000000312,-0.20400000000000418,-0.5849999999999955,-0.1499999999999968,-0.2820000000000089,-0.42000000000000703,
-0.3346999999999998,0.39830000000000076,0.6998999999999995,0.30349999999999966,-0.4189000000000007,-0.3625000000000007,-0.5112000000000005,-0.18010000000000037,-0.8261000000000003,-0.8805000000000005,0.06899999999999906,-0.18000000000000682,-0.5369999999999742,-0.0809999999999711,0.1680000000000348,0.6420000000000226,0.8610000000000184,0.6120000000000125,0.5130000000000035,0.6570000000000142,
-0.3323999999999998,0.39230000000000054,0.6820000000000004,0.3008000000000006,-0.41329999999999956,-0.34109999999999996,-0.48249999999999993,-0.15969999999999995,-0.8090000000000002,-0.8586,0.05699999999997374,-0.36900000000004596,-0.762000000000036,-0.40500000000001535,-0.6240000000000379,0.4949999999999921,0.6239999999999846,0.4349999999999987,0.5639999999999912,0.24299999999999322,
-0.3305000000000007,0.379999999999999,0.6565999999999992,0.2873000000000001,-0.4341000000000008,-0.3246000000000002,-0.46170000000000044,-0.1452,-0.7902000000000005,-0.8505000000000003,0.08100000000002439,-1.043999999999965,-1.410000000000018,-0.5400000000000205,-0.9449999999999825,0.389999999999997,0.045000000000001705,0.5790000000000095,0.34500000000002196,0.11400000000000077,
-0.32779999999999987,0.3452000000000002,0.6095999999999986,0.26929999999999943,-0.46560000000000024,-0.3116000000000003,-0.4602000000000004,-0.12589999999999968,-0.7786999999999997,-0.8467000000000002,-0.1260000000000261,-0.027000000000043656,-0.5159999999999698,-0.03900000000001569,-0.8489999999999931,-0.026999999999990365,0.768000000000022,0.1470000000000038,0.0840000000000174,0.6690000000000129,
-0.33200000000000074,0.3442999999999987,0.5923999999999996,0.2679999999999989,-0.4939,-0.3125,-0.43459999999999965,-0.12099999999999955,-0.7758999999999991,-0.8243999999999998,0.12300000000003308,-0.34799999999993503,-0.387000000000004,-0.020999999999951058,-0.9479999999999755,0.05100000000001437,0.15600000000000946,0.17100000000000115,-0.03900000000001569,0.2910000000000146,
-0.32789999999999964,0.3327000000000009,0.5794999999999995,0.26730000000000054,-0.5254999999999992,-0.3107999999999995,-0.42939999999999934,-0.11529999999999951,-0.7771999999999997,-0.8146999999999993,-0.19799999999996487,-0.18599999999999284,-0.14699999999997715,-0.23399999999998755,-0.3059999999999796,0.16199999999999548,-0.009000000000032315,-0.0420000000000087,0.2609999999999779,-0.24600000000001288,
-0.33449999999999847,0.3265000000000011,0.5746000000000002,0.25950000000000095,-0.5356999999999985,-0.30539999999999967,-0.4297000000000004,-0.1166999999999998,-0.7685000000000004,-0.8228999999999997,-0.07200000000004536,-0.2160000000000295,-0.3360000000000163,0.1259999999999728,-1.617000000000015,-0.23099999999999454,0.5430000000000135,0.18600000000001948,0.5400000000000205,0.2820000000000089,
-0.3369,0.31930000000000014,0.5633999999999997,0.26370000000000005,0.8534000000000006,-0.3130999999999995,-0.41159999999999997,-0.11049999999999915,-0.7504999999999997,0.5048000000000004,0.14400000000003743,0.045000000000001705,-0.2969999999999473,0.06600000000000605,-0.5549999999999855,-0.10800000000001475,0.11699999999999378,0.09299999999996977,0.16199999999999548,0.5189999999999895,
-0.33209999999999873,0.3208000000000002,0.5535000000000014,0.26590000000000025,0.8349000000000011,-0.3167,-0.4077000000000002,-0.10740000000000016,-0.7450999999999999,0.5221,-0.22800000000000153,-0.5220000000000091,-0.13800000000005141,-0.49199999999997246,-0.7380000000000386,-0.31500000000001194,0.4770000000000074,0.08399999999999075,0.78599999999998,0.2970000000000006,
-0.3396999999999988,0.3033999999999999,0.5488999999999997,0.24950000000000117,0.8102999999999998,-0.3272000000000004,-0.3917999999999999,-0.10460000000000047,-0.7189000000000005,0.532,0.17399999999996751,-0.009000000000032315,-0.41100000000000136,-0.048000000000048004,-0.44100000000003803,-0.2940000000000076,0.07199999999999207,-0.3119999999999923,0.31500000000001194,0.17999999999998018,
-0.33389999999999986,0.3030999999999988,0.5351999999999997,0.24789999999999957,0.7955999999999985,-0.33700000000000063,-0.3894000000000002,-0.11500000000000021,-0.7084000000000001,0.5379999999999994,-0.13500000000000512,-0.32399999999999096,0.2099999999999902,0.49500000000001876,0.2550000000000452,0.2340000000000142,0.2400000000000002,-0.017999999999984695,0.8250000000000224,0.4230000000000267,
-0.33840000000000003,0.2922999999999991,0.5421999999999993,0.2644000000000002,-0.29720000000000013,-0.32920000000000016,-0.3814000000000002,-0.1155999999999997,-0.6808999999999994,-0.8895,-0.0420000000000087,0.44400000000003104,-0.05999999999996675,-0.36599999999999966,-0.13500000000000512,-0.31500000000001194,-0.3479999999999883,-0.2370000000000072,-0.5490000000000261,-0.2519999999999989,
-0.3398000000000003,0.30710000000000015,0.5402000000000005,0.2522000000000002,-0.3017000000000003,-0.33970000000000056,-0.3929999999999998,-0.12349999999999994,-0.6992000000000003,-0.8978999999999999,-0.36000000000001364,-0.22200000000001552,-0.08100000000002439,0.335999999999963,-0.3479999999999883,-0.05999999999996675,0.12899999999999245,0.1920000000000055,0.6120000000000125,1.026000000000007,
-0.3518000000000008,0.29969999999999963,0.5374999999999996,0.26339999999999897,-0.3132999999999999,-0.34169999999999945,-0.38870000000000005,-0.11709999999999976,-0.6787999999999998,-0.8636999999999997,-0.10500000000002174,0.0029999999999930083,0.11100000000000776,-0.09299999999999642,-0.6510000000000282,0.8459999999999734,0.6569999999999876,0.13499999999997847,0.23099999999999454,1.3049999999999962,
0.2997999999999994,-0.3553000000000015,0.5411999999999999,0.2602999999999991,-0.33500000000000085,-0.36680000000000046,-0.31350000000000033,-0.11260000000000048,-0.6711,-0.8201999999999998,-0.0029999999999930083,-1.4579999999999593,-0.2159999999999762,-1.052999999999944,-1.103999999999985,0.1710000000000278,0.2910000000000146,-0.12899999999999245,0.5640000000000178,2.364000000000006,
0.29969999999999963,-0.40390000000000015,0.5340000000000007,0.22520000000000095,-0.37180000000000035,-0.36109999999999953,-0.30379999999999985,-0.11690000000000023,-0.6522999999999994,-0.7413999999999996,0.10199999999997544,-0.8550000000000324,0.08999999999995012,0.15599999999995617,-0.5820000000000292,-0.054000000000007375,-0.15300000000001646,-0.15900000000000247,-0.14700000000003044,1.034999999999986,
0.3030999999999988,-0.43240000000000123,0.536999999999999,0.2303999999999995,-0.3912000000000013,-0.3628999999999998,-0.3089000000000004,-0.12220000000000031,-0.6572000000000005,-0.7069000000000001,0.45300000000001006,-0.6120000000000125,0.22500000000000853,0.36000000000001364,-1.046999999999958,0.27300000000000324,0.25500000000001855,0.04800000000002136,-0.04199999999998205,0.9690000000000065,
0.31819999999999915,-0.45280000000000165,0.5444999999999993,0.24239999999999995,-0.4260999999999999,-0.35379999999999967,-0.3003999999999998,-0.1205999999999996,-0.6585999999999999,-0.6745999999999999,-0.5369999999999742,0.4230000000000267,0.06300000000001305,-0.4349999999999987,0.3869999999999507,-0.5340000000000078,0.2099999999999902,-0.2400000000000002,-0.417000000000014,-0.2400000000000002,
0.3003,-0.43870000000000076,0.5465999999999998,0.2279,-0.41320000000000157,-0.37159999999999993,-0.2934000000000001,-0.1285999999999996,-0.6725000000000003,-0.6825999999999999,0.18000000000000682,-0.7409999999999783,-0.2099999999999902,-0.2069999999999972,-1.4729999999999777,0.3509999999999813,0.5879999999999885,0.43199999999997907,0.4770000000000074,1.20899999999998,
0.30630000000000024,-0.46340000000000003,0.5396000000000001,0.22100000000000009,-0.4623000000000008,-0.35990000000000055,-0.2738000000000005,-0.1142000000000003,-0.6566000000000001,-0.6423000000000005,0.22199999999996223,-0.7200000000000273,0.3809999999999647,0.17399999999996751,-1.0169999999999746,-0.03599999999996939,0.2820000000000089,0.015000000000018332,-0.3300000000000036,0.48900000000003274,
0.313699999999999,-0.48740000000000094,0.5522999999999989,0.226799999999999,-0.4962,-0.36109999999999953,-0.2644000000000002,-0.11369999999999969,-0.6676000000000002,-0.6259999999999994,0.5430000000000135,-0.9479999999999755,-0.10799999999996146,0.27900000000004255,-2.763000000000009,0.7919999999999661,1.457999999999986,0.713999999999988,0.4139999999999944,1.073999999999975,
0.33179999999999943,0.5487000000000002,-0.5190000000000001,0.23610000000000042,-0.5883000000000003,-0.33470000000000066,-0.08990000000000009,-0.21580000000000066,-0.6538000000000004,-0.5902000000000003,-0.03900000000001569,0.11999999999998678,-0.5549999999999855,-0.22500000000000853,-0.7260000000000133,-0.13799999999997148,-0.02100000000000435,-0.002999999999966363,-0.020999999999977703,0.2370000000000072,
0.3304999999999989,0.5526999999999997,-0.5374999999999996,0.22860000000000014,-0.6125000000000007,-0.3392999999999997,-0.09060000000000024,-0.21589999999999954,-0.6544999999999996,-0.5823,0.05100000000004101,-0.2879999999999683,-0.375000000000032,-0.01800000000001134,-1.3889999999999603,0.1770000000000138,0.30000000000002025,0.3719999999999857,-0.18299999999999983,0.06899999999999906,
0.3322000000000003,0.5431000000000008,-0.5500000000000007,0.22799999999999976,-0.6587999999999994,-0.33339999999999925,-0.08059999999999956,-0.20350000000000001,-0.6605999999999996,-0.5800000000000001,-0.045000000000001705,0.11399999999994748,0.20100000000001117,0.05399999999998073,0.11399999999994748,0.07799999999997809,-0.10800000000001475,-0.2850000000000019,-0.14400000000001079,0.026999999999990365,
0.3307000000000002,0.546899999999999,-0.5433000000000003,0.22979999999999912,-0.6550000000000011,-0.3308,-0.08420000000000005,-0.21300000000000008,-0.6654,-0.5791000000000004,-0.08100000000002439,-0.43799999999999173,-0.32700000000003726,-0.2069999999999972,-0.8009999999999984,0.23399999999998755,0.42599999999999305,0.24599999999998623,0.1679999999999815,0.46500000000000874,
0.3279999999999994,0.5322999999999993,-0.5542000000000016,0.2228999999999992,-0.6817000000000011,-0.3230000000000004,-0.07000000000000028,-0.20480000000000054,-0.6598000000000006,-0.5636000000000001,0.16500000000004178,-0.0839999999999641,0.12300000000003308,0.0420000000000087,-0.7499999999999574,0.43200000000003236,0.5250000000000288,0.018000000000037986,0.3150000000000386,0.1470000000000038,
0.3335000000000008,0.5295000000000005,-0.5501000000000005,0.2242999999999995,0.5762,-0.3085999999999993,-0.052499999999999325,-0.20419999999999927,-0.6492999999999993,-0.6633999999999993,-0.012000000000025324,-0.20100000000006446,-0.2640000000000242,-0.09900000000003573,-0.1710000000000278,0.4829999999999668,0.5069999999999641,0.014999999999965041,0.5579999999999785,0.8489999999999664,
0.33309999999999995,0.5227999999999984,-0.5589000000000013,0.2209999999999983,-0.19470000000000098,-0.2925000000000004,-0.03560000000000052,-0.20370000000000044,-0.6307,-0.8249000000000004,-0.24299999999996658,-0.05099999999993443,-0.10799999999996146,-0.3269999999999307,-0.35699999999996734,0.006000000000012662,0.2670000000000172,-0.04199999999998205,-0.006000000000012662,1.031999999999993,
0.32500000000000107,0.5211000000000006,-0.5625,0.21010000000000062,-0.2065999999999999,-0.2923,-0.026699999999999946,-0.20509999999999984,-0.6309000000000005,-0.7905000000000006,-0.07200000000004536,-0.36000000000001364,-0.710999999999995,-0.5700000000000038,-0.9120000000000061,0.7470000000000176,0.6390000000000029,0.6059999999999999,0.6840000000000312,1.1130000000000173,
0.32259999999999955,0.5091000000000001,-0.5861999999999998,0.1911000000000005,-0.2370000000000001,-0.2673999999999994,-0.005399999999999849,-0.18489999999999984,-0.6080999999999994,-0.7534000000000001,0.03299999999997638,-0.4200000000000337,0.06899999999999906,0.19199999999997885,-0.15900000000000247,-0.01800000000001134,-0.2879999999999949,-0.07800000000000473,-0.2400000000000002,-0.389999999999997,
0.32369999999999877,0.495099999999999,-0.5838999999999999,0.1974999999999998,-0.24230000000000018,-0.2679999999999998,-0.01499999999999968,-0.1875,-0.6160999999999994,-0.7664,-0.15899999999994918,0.18300000000005312,-0.27899999999998926,-0.6929999999999836,-0.11999999999998678,0.1949999999999985,0.19799999999999152,0.2400000000000002,0.21600000000000286,0.6780000000000186,
0.31840000000000046,0.5012000000000008,-0.5931999999999995,0.17440000000000033,-0.24629999999999974,-0.26149999999999984,-0.008399999999999963,-0.1795,-0.6088999999999993,-0.7437999999999994,-0.24000000000002686,0.1289999999999658,-0.4830000000000467,-0.18000000000000682,-0.9210000000000385,0.7349999999999923,0.4919999999999991,0.8369999999999944,0.5789999999999829,0.7679999999999954,
0.31039999999999957,0.5054999999999996,0.1684000000000001,-0.6093000000000011,-0.277000000000001,-0.2370000000000001,0.008000000000000007,-0.5895999999999999,-0.15160000000000018,-0.7181999999999995,-0.6029999999999802,-0.10199999999997544,-1.5119999999999933,-0.7889999999999731,-0.9389999999999432,0.807000000000011,0.3690000000000193,1.2809999999999988,0.7950000000000124,1.3559999999999839,
0.2903000000000002,0.5021000000000004,0.11800000000000033,-0.6356000000000002,-0.30829999999999913,-0.21009999999999973,0.02030000000000065,-0.5468999999999999,-0.12509999999999977,-0.673,0.2579999999999849,0.07499999999998508,-0.5969999999999942,-1.1369999999999614,-0.6869999999999976,0.2099999999999902,0.13499999999997847,0.6899999999999906,0.9749999999999925,0.716999999999981,
0.2988999999999997,0.5045999999999999,0.09810000000000052,-0.6734999999999989,-0.33119999999999905,-0.20310000000000006,0.024799999999999933,-0.5239000000000003,-0.09260000000000002,-0.6491000000000007,0.045000000000054996,0.23700000000003385,-0.6150000000000055,-0.5309999999999881,-0.3420000000000023,0.5340000000000078,0.15300000000001646,0.9960000000000235,0.417000000000014,0.6450000000000422,
0.30040000000000155,0.07760000000000034,0.5125000000000011,-0.6911999999999985,-0.3425999999999991,-0.1852999999999998,-0.49069999999999947,0.029900000000000482,-0.07869999999999955,-0.6275999999999993,0.09599999999993614,0.4589999999999961,-0.045000000000054996,-0.06000000000007333,-0.1710000000000278,-0.2190000000000225,-0.10500000000002174,-0.20700000000002383,-0.09300000000002306,-0.45000000000001705,
0.3035999999999994,0.0929000000000002,0.5109999999999992,-0.6932000000000009,-0.34830000000000005,-0.19260000000000055,-0.4942000000000002,0.022999999999999687,-0.08180000000000032,-0.6425999999999998,-0.17699999999996052,-0.7589999999999897,0.11100000000006105,-0.737999999999932,-0.5849999999999689,-0.17699999999998717,0.8309999999999818,0.0420000000000087,0.4800000000000004,0.8399999999999874,
0.29770000000000074,0.06760000000000055,0.5147000000000013,-0.367799999999999,-0.7177999999999987,-0.19850000000000012,-0.4665000000000008,0.024399999999999977,-0.6146000000000003,-0.0658000000000003,-0.045000000000001705,-0.8460000000000001,0.0809999999999711,-0.9450000000000358,-0.8550000000000324,0.011999999999998678,0.9810000000000318,-0.05999999999999339,0.2670000000000172,0.7889999999999997,
0.2962000000000007,0.039400000000000546,0.5174000000000003,0.547600000000001,-0.3993000000000002,-0.19810000000000016,-0.43379999999999974,0.022400000000000198,-0.4660000000000002,-0.6056999999999997,-0.32699999999998397,-1.227000000000018,0.4589999999999961,-0.2940000000000076,-0.7469999999999644,0.11400000000000077,1.5750000000000064,-0.047999999999994714,1.1850000000000094,1.2869999999999848,
0.2853000000000012,-0.0015000000000000568,0.5327000000000002,0.5378000000000007,-0.424199999999999,-0.19430000000000014,-0.38129999999999953,0.020800000000000374,-0.4264999999999999,-0.5628000000000002,0.40499999999996206,-0.5759999999999899,-0.3510000000000346,0.1709999999999745,-0.9150000000000524,0.14099999999999113,0.8099999999999774,0.5609999999999982,-0.351000000000008,0.1499999999999968,
0.29879999999999995,-0.02069999999999972,0.520999999999999,0.5434999999999999,0.2858999999999998,-0.18960000000000043,-0.3543000000000003,0.03950000000000031,-0.43820000000000014,-0.6532999999999998,-0.14699999999997715,-0.5999999999999872,0.15600000000000946,-0.15300000000001646,-0.2190000000000225,-0.5549999999999855,-0.008999999999979025,-0.8220000000000027,-0.047999999999994714,0.26399999999999757,
-0.04069999999999929,0.2939000000000007,0.5261999999999993,0.5383999999999993,0.27859999999999907,-0.3545999999999996,-0.20809999999999995,0.012100000000000222,-0.43979999999999997,-0.6444999999999999,-0.1320000000000121,-0.39599999999998303,-0.31199999999996564,-0.3899999999999437,-0.44399999999997775,0.2129999999999832,0.2129999999999832,0.3479999999999883,0.029999999999983373,0.29099999999998793,
0.2807000000000013,-0.045099999999999696,0.5158000000000005,0.5254000000000012,0.2637999999999998,-0.2010000000000005,-0.34750000000000014,0.023699999999999832,-0.4388000000000005,-0.6348000000000003,0.15900000000000247,-0.6959999999999766,-0.11400000000000077,-0.2610000000000312,-0.19799999999996487,-0.05999999999996675,0.28800000000002157,-0.389999999999997,2.6645352591003757E-14,0.384000000000011,
-0.06829999999999892,0.28600000000000136,0.5120000000000005,0.257200000000001,0.5167000000000002,-0.3378999999999994,-0.2029999999999994,0.010699999999999932,-0.6219999999999999,-0.43879999999999963,-0.3870000000000573,-0.14400000000003743,0.22199999999996223,-0.10500000000007503,0.36299999999995336,0.16199999999999548,-0.07800000000000473,0.023999999999997357,0.7500000000000107,0.2879999999999949,
-0.08120000000000083,0.2812000000000001,0.5193999999999992,0.2536999999999985,0.5287999999999986,-0.3324999999999996,-0.20559999999999956,0.011499999999999844,-0.5969999999999995,-0.4291999999999998,-0.8849999999999625,0.06899999999999906,-0.23099999999999454,-0.6929999999999303,0.24900000000005917,0.9899999999999842,0.12299999999997979,0.17399999999999416,0.5219999999999825,0.6899999999999906,
-0.11069999999999958,0.2835000000000001,0.5116999999999994,0.2306000000000008,0.5371000000000006,-0.2995000000000001,-0.20150000000000023,0.01729999999999965,-0.5796000000000001,-0.4062000000000001,-1.0140000000000349,-0.15000000000002345,0.22500000000000853,-0.28200000000003556,0.26999999999995694,0.6660000000000199,-0.014999999999991687,0.3210000000000246,0.3690000000000193,0.22200000000001552,
-0.14450000000000074,0.2784999999999993,0.5191999999999997,0.22119999999999962,0.5460999999999991,-0.27729999999999944,-0.20199999999999996,0.02800000000000047,-0.5672999999999995,-0.3987999999999996,-0.3449999999999953,-0.05399999999998073,-0.11100000000000776,-0.5279999999999951,-0.21899999999996922,-0.05100000000001437,0.15900000000000247,-0.09600000000001607,-0.5430000000000135,-0.5040000000000244,
-0.15600000000000058,0.27669999999999995,0.5154999999999994,0.20359999999999978,0.5388000000000002,-0.2789999999999999,-0.19669999999999987,0.024799999999999933,-0.5853999999999999,-0.4156000000000004,-0.09299999999999642,-0.05099999999998772,0.03600000000002268,0.029999999999983373,0.22500000000000853,0.12899999999999245,0.15599999999998282,-0.0030000000000196536,0.05099999999998772,0.07500000000001172,
-0.15910000000000046,0.27500000000000036,0.5167000000000002,0.20459999999999923,0.5463000000000005,-0.27470000000000017,-0.19150000000000045,0.024699999999999278,-0.5837000000000003,-0.4131,-0.8849999999999625,-0.1259999999999728,-0.0870000000000104,-0.15299999999996317,-0.10800000000001475,0.17699999999998717,0.18299999999999983,0.2400000000000002,0.20100000000001117,0.023999999999997357,
0.27080000000000126,-0.1885999999999992,0.5137999999999998,0.19950000000000045,0.5427,-0.18540000000000045,-0.2688000000000006,0.032699999999999285,-0.577,-0.4123000000000001,0.15899999999994918,-0.6000000000000405,0.22800000000000153,-0.03600000000002268,0.5670000000000108,0.19800000000001816,0.6690000000000129,0.3390000000000093,-0.17100000000000115,0.023999999999997357,
-0.20860000000000056,0.27609999999999957,0.5213999999999999,0.1982999999999997,0.5616000000000003,-0.24650000000000016,-0.17879999999999985,0.043999999999999595,-0.5827,-0.4115000000000002,-1.9049999999999834,-0.35700000000002063,-0.5069999999999908,-1.034999999999986,0.05699999999997374,0.6360000000000099,0.12599999999999945,0.4770000000000074,0.2820000000000089,-0.09899999999998244,
0.2641999999999989,-0.2721,0.5045000000000002,0.16380000000000017,0.5634999999999994,-0.17459999999999987,-0.22529999999999983,0.05989999999999984,-0.5732999999999997,-0.4147999999999996,-0.2639999999999709,-0.6300000000000239,-0.027000000000043656,-0.12000000000004007,-0.0029999999999930083,0.42899999999998606,0.4919999999999991,0.3960000000000097,0.5579999999999785,-0.24300000000001987,
0.25539999999999985,-0.2931000000000008,0.5035999999999987,0.15979999999999883,0.5633999999999997,-0.16030000000000033,-0.20889999999999986,0.07310000000000016,-0.5547000000000004,-0.4229000000000003,-0.09599999999998943,-0.8219999999999494,-0.06299999999995975,-0.15899999999994918,0.16500000000004178,-0.15899999999997583,0.047999999999994714,0.1320000000000121,0.1920000000000055,-0.5549999999999855,
0.2522000000000002,-0.3204999999999991,0.5015000000000001,0.15450000000000053,0.5689000000000011,-0.16559999999999953,-0.20730000000000004,0.07750000000000057,-0.5483000000000002,-0.4413999999999998,0.20099999999995788,0.07199999999993878,0.23699999999998056,0.32099999999994466,0.1649999999999352,0.14999999999997016,0.17699999999998717,0.15899999999997583,0.12300000000000644,0.11400000000000077,
0.2588999999999988,-0.31810000000000116,0.5093999999999994,0.16519999999999868,-0.6618000000000013,-0.16060000000000052,-0.20140000000000047,0.08279999999999976,-0.5442,-0.27369999999999983,-0.011999999999918742,-0.7559999999999434,-0.13799999999994483,-0.4619999999999358,-0.9539999999999615,0.28500000000002856,0.5640000000000178,0.3420000000000023,0.23399999999998755,0.782999999999987,
0.2585000000000015,-0.3432999999999993,0.5048000000000012,0.14980000000000082,0.5789000000000009,-0.15109999999999957,-0.18259999999999987,0.09419999999999984,-0.5364000000000004,-0.44430000000000014,-0.19800000000001816,-0.6810000000000116,0.05999999999996675,-0.36599999999999966,-0.18599999999999284,0.12899999999999245,0.12599999999999945,0.18300000000002647,0.1710000000000278,-0.3509999999999813,
0.2519000000000009,-0.36599999999999966,0.5068000000000001,0.13760000000000083,0.49760000000000026,-0.14679999999999982,-0.1783999999999999,0.10030000000000072,-0.5306999999999995,0.5281000000000002,-0.27300000000000324,-1.0529999999999973,-0.1649999999999885,-0.48900000000003274,0.2519999999999989,0.16500000000001513,1.095000000000006,0.36899999999999267,0.8129999999999971,0.023999999999997357,
0.2428000000000008,-0.40109999999999957,0.5013000000000005,0.12129999999999974,0.5725999999999996,-0.14129999999999932,-0.1418999999999997,0.11260000000000048,-0.5035999999999996,-0.43819999999999926,-0.37200000000003897,-0.7890000000000263,-0.3030000000000399,-0.5850000000000222,-0.5039999999999978,0.07799999999997809,0.09000000000000341,-0.0420000000000087,-0.023999999999997357,-0.1260000000000261,
0.2303999999999995,-0.42740000000000045,0.4911999999999992,0.101799999999999,0.5557999999999996,-0.13870000000000005,-0.13889999999999958,0.11120000000000019,-0.5043999999999995,-0.4424000000000001,0.21000000000004349,0.05100000000004101,0.5160000000000231,0.2970000000000539,0.5190000000000161,0.30300000000001326,0.6869999999999976,0.2850000000000019,0.9059999999999935,0.3240000000000176,
0.23740000000000094,-0.4256999999999991,0.1117000000000008,0.5084,0.5731000000000002,-0.1285999999999996,-0.11599999999999966,-0.47419999999999973,0.12070000000000025,-0.43159999999999954,0.4199999999999804,-0.29100000000006787,0.13499999999995183,0.06600000000000605,0.1259999999999728,0.18899999999998585,-0.03900000000001569,0.3420000000000023,-0.014999999999991687,0.38099999999999135,
0.2514000000000003,-0.43540000000000134,0.11619999999999919,0.5106000000000002,0.5772999999999993,-0.12230000000000008,-0.11730000000000018,-0.46279999999999966,0.12020000000000053,-0.41889999999999983,-0.23399999999998755,-0.30899999999997263,-0.27599999999999625,-0.06300000000001305,-0.10799999999996146,-0.0030000000000196536,-0.01800000000001134,-0.2790000000000159,-0.021000000000030994,-0.3300000000000036,
0.2436000000000007,-0.44570000000000043,0.10699999999999932,0.5084999999999997,0.5737000000000005,-0.12240000000000073,-0.11790000000000056,-0.4721000000000002,0.1194999999999995,-0.42989999999999995,0.11999999999998678,0.023999999999997357,-0.43799999999999173,0.20400000000000418,0.26999999999995694,0.10500000000002174,0.15600000000000946,0.4380000000000184,-0.09899999999998244,0.5100000000000104,
0.24760000000000026,-0.4449000000000005,0.0923999999999996,0.5152999999999999,0.5826999999999991,-0.1189,-0.11270000000000024,-0.4574999999999996,0.11620000000000008,-0.4128999999999996,0.2129999999999832,-1.1429999999999474,-0.31499999999995865,0.20400000000000418,0.06000000000002004,0.1320000000000121,0.38700000000003065,1.131000000000002,-0.13199999999998546,0.5250000000000021,
0.2546999999999997,0.08190000000000097,-0.48299999999999876,0.5221,0.5846999999999998,-0.1144999999999996,-0.4197999999999995,-0.09979999999999922,0.11180000000000057,-0.39539999999999953,0.27300000000000324,-0.6659999999999933,-0.3390000000000093,0.09299999999999642,0.03900000000001569,-0.06300000000001305,0.23399999999998755,0.2279999999999749,-0.1560000000000361,-0.1680000000000348,
0.2637999999999998,0.0597000000000012,-0.4942999999999991,0.5251999999999999,0.5860000000000003,-0.11660000000000004,-0.4119999999999999,-0.09220000000000006,0.10659999999999936,-0.4010000000000007,0.15900000000000247,-0.2580000000000382,-0.5700000000000038,0.27300000000000324,-0.3059999999999796,-0.1740000000000208,0.43799999999999173,0.28199999999998226,-0.3119999999999923,0.24300000000001987,
0.2690999999999999,0.05109999999999992,-0.5132999999999992,0.5343,0.575800000000001,-0.12240000000000073,-0.3974000000000002,-0.08280000000000065,0.09619999999999962,-0.3929,0.12300000000003308,-0.18899999999998585,-0.11999999999998678,-0.24299999999996658,-0.2610000000000312,-0.09899999999998244,-0.21899999999999586,-0.35399999999997434,0.0029999999999930083,-0.2519999999999989,
0.273200000000001,0.044800000000000395,-0.5172999999999988,0.5262000000000011,0.5670999999999999,-0.12570000000000014,-0.40470000000000006,-0.0945999999999998,0.09629999999999939,-0.4013,-0.05700000000002703,-0.31500000000001194,-0.6660000000000466,0.01799999999995805,-0.23700000000003385,0.14099999999999113,0.31800000000000495,0.18599999999999284,0.00900000000000567,0.4139999999999944,
0.2713000000000001,0.0343,0.5267999999999997,-0.5395000000000003,0.5591999999999988,-0.12100000000000044,-0.3940999999999999,0.09659999999999958,-0.08840000000000003,-0.3875000000000002,0.1770000000000138,-0.12299999999997979,0.2190000000000225,-0.7349999999999923,0.429000000000066,-0.11699999999996713,0.13799999999999812,-0.2129999999999832,0.11100000000000776,-0.5459999999999798,
0.27720000000000056,0.03020000000000067,0.5341000000000005,-0.5640000000000001,0.573500000000001,-0.12489999999999934,-0.38949999999999996,0.08950000000000014,-0.08469999999999978,-0.4056999999999995,0.01799999999995805,-0.5340000000000344,0.36599999999999966,-1.3890000000000136,-0.435000000000052,-0.2610000000000312,-0.2340000000000142,-0.16800000000000814,0.4589999999999961,-0.414000000000021,
0.27779999999999916,0.012399999999999523,0.5463000000000005,-0.6103000000000005,0.5589999999999993,-0.13360000000000039,-0.39730000000000043,0.08389999999999986,-0.0693999999999999,-0.4195000000000002,0.41100000000005465,-0.6179999999999453,-0.11100000000000776,-0.6959999999999766,0.14400000000003743,0.27000000000001023,-0.07799999999997809,-0.0059999999999860165,-0.5189999999999895,0.20700000000002383,
0.291500000000001,-0.008199999999998653,0.5426000000000002,-0.6334999999999997,0.5638000000000005,-0.12460000000000004,-0.3998999999999997,0.08370000000000033,-0.08669999999999956,-0.4125999999999994,0.6179999999999986,0.2069999999999972,0.28500000000002856,-0.15600000000000946,-0.22800000000000153,-0.4949999999999921,-0.4410000000000114,-0.2400000000000002,-0.11100000000000776,-0.30300000000001326,
0.31210000000000093,-0.0012999999999987466,0.5521000000000011,-0.6387,0.5562000000000005,-0.14109999999999978,-0.4146000000000001,0.07570000000000032,-0.09039999999999981,-0.42269999999999985,-0.09000000000000341,-0.06000000000002004,-0.15300000000001646,-0.23099999999999454,-0.27000000000001023,-0.19800000000001816,-0.23099999999999454,-0.1770000000000138,0.12899999999999245,-0.11699999999999378,
0.3091000000000008,-0.0032999999999994145,0.5470000000000006,0.5472000000000001,0.5164000000000009,-0.1477000000000004,-0.4222999999999999,0.06979999999999986,-0.42659999999999965,0.5106999999999999,0.047999999999994714,-0.1290000000000191,0.3059999999999796,-0.0029999999999930083,-0.029999999999983373,-0.24599999999998623,0.1529999999999898,0.057000000000000384,-0.387000000000004,0.01800000000001134,
0.31070000000000064,-0.007600000000000051,0.5571999999999999,0.5471000000000004,0.5154000000000014,-0.15589999999999993,-0.41720000000000024,0.07169999999999987,-0.4394999999999998,0.5113000000000003,0.24299999999996658,-0.3960000000000363,-0.16199999999999548,-0.4230000000000267,-0.14700000000003044,-0.14400000000001079,-0.24299999999999322,-0.11999999999998678,-0.011999999999998678,-0.3270000000000106,
0.31879999999999953,-0.020800000000001262,0.5518000000000001,0.5329999999999995,0.5105000000000004,-0.1607000000000003,-0.4253,0.06770000000000032,-0.43989999999999974,0.5004,0.2910000000000146,-0.6779999999999653,0.15300000000001646,-0.23099999999999454,-0.32099999999999795,-0.5849999999999955,-0.07500000000001172,0.04199999999998205,-0.2190000000000225,-0.045000000000001705,
0.3285,-0.043400000000000105,0.5569000000000006,0.5252999999999997,0.49980000000000047,-0.18020000000000014,-0.4278000000000004,0.06909999999999972,-0.4472000000000005,0.4988999999999999,-0.11700000000004707,-0.8370000000000211,-0.14400000000003743,-0.5010000000000048,-0.1710000000000278,-0.1529999999999898,-0.36599999999999966,0.11700000000002042,-0.3149999999999853,-0.22800000000000153,
0.32459999999999845,-0.07130000000000081,0.5520999999999994,0.5085999999999995,0.49409999999999954,-0.1852999999999998,-0.4400000000000004,0.0730000000000004,-0.4577,0.49129999999999985,0.11400000000000077,0.1290000000000191,0.35699999999996734,0.4619999999999891,-0.03600000000002268,0.047999999999994714,0.11700000000002042,0.2850000000000019,0.11400000000000077,0.33299999999999663,
0.32839999999999847,-0.06700000000000017,0.5639999999999983,0.5239999999999991,0.4928999999999988,-0.18369999999999997,-0.4360999999999997,0.08250000000000046,-0.45389999999999997,0.5023999999999997,-0.23999999999992028,-0.2999999999999936,-0.15599999999990288,-0.17399999999996751,-0.06899999999994577,0.054000000000007375,0.18599999999999284,-0.01800000000001134,0.12599999999999945,-0.21600000000000286,
0.32040000000000113,-0.07699999999999996,0.5588000000000015,0.5182000000000002,0.4906000000000006,-0.18189999999999973,-0.42989999999999995,0.08190000000000008,-0.4497,0.49519999999999964,-0.02100000000000435,-0.3029999999999866,0.011999999999972033,0.0,-0.0059999999999860165,-0.34800000000001496,0.01800000000001134,-0.02100000000000435,-0.057000000000000384,0.0030000000000196536,
0.319700000000001,-0.08709999999999951,0.5592000000000006,0.5182000000000002,0.49040000000000106,-0.19350000000000023,-0.42929999999999957,0.08119999999999994,-0.4516,0.4953000000000003,0.05399999999998073,-0.5760000000000431,-0.14100000000004442,-0.22800000000000153,-0.2580000000000382,-0.07799999999997809,0.17100000000000115,0.10200000000000209,0.30300000000001326,-0.2340000000000142,
0.32150000000000034,-0.10630000000000095,0.5544999999999991,0.5106000000000002,0.4817999999999998,-0.1960999999999995,-0.42359999999999953,0.08460000000000001,-0.44149999999999956,0.4874999999999998,-0.10500000000002174,-1.6109999999999758,0.012000000000025324,0.08100000000002439,-0.18299999999999983,0.1529999999999898,-0.10200000000000209,0.2670000000000172,-0.17399999999999416,-0.03899999999998904,
0.3179999999999996,-0.16000000000000014,0.5549,0.4756999999999998,0.513300000000001,-0.19099999999999984,-0.4269999999999996,0.09350000000000058,0.4862000000000002,-0.44729999999999936,-0.06000000000002004,-0.7440000000000246,-0.3930000000000433,-0.18900000000003914,-0.4650000000000354,0.18299999999999983,-0.11699999999999378,0.15599999999998282,0.15600000000000946,-0.2879999999999949,
0.31599999999999895,-0.18480000000000096,0.5417999999999985,0.4977999999999998,0.4693999999999985,-0.18489999999999984,-0.4308999999999994,0.09870000000000001,-0.4568999999999992,0.4914000000000005,0.10800000000001475,-1.0680000000000156,0.09900000000003573,-0.28500000000002856,-0.07799999999997809,-0.12599999999999945,-0.011999999999998678,0.00900000000000567,-0.40200000000002234,-0.08399999999999075,
0.31959999999999944,-0.22040000000000148,0.5450999999999997,0.4667999999999992,0.48829999999999885,-0.18909999999999982,-0.43129999999999935,0.0990000000000002,0.4886000000000008,-0.47029999999999994,0.06899999999999906,0.31800000000005824,0.20400000000000418,0.12300000000003308,0.15600000000000946,0.43199999999997907,0.002999999999966363,0.13799999999999812,0.1889999999999592,-0.01800000000001134,
0.3218999999999994,-0.20979999999999954,0.5518999999999998,0.49349999999999916,0.4709000000000003,-0.17470000000000052,-0.43120000000000047,0.10360000000000014,-0.4709000000000003,0.49489999999999945,-0.07499999999998508,-0.9660000000000402,-0.13799999999999812,-0.2190000000000225,-0.03300000000002967,-0.23699999999998056,-0.09599999999996278,-0.03899999999998904,-0.4499999999999904,0.2670000000000172,
0.3193999999999999,-0.24200000000000088,0.5472999999999999,0.4861999999999984,0.46979999999999933,-0.18259999999999987,-0.43439999999999923,0.1023000000000005,-0.4859,0.5038,-0.18599999999999284,-0.5999999999999872,-0.0059999999999860165,-0.0029999999999397176,-0.2099999999999902,0.06899999999997242,-0.28200000000003556,-0.006000000000039307,0.18299999999999983,-0.2850000000000019,
0.31320000000000014,-0.26200000000000045,0.5471000000000004,0.46279999999999966,0.4861000000000004,-0.1803000000000008,-0.4438000000000004,0.10209999999999919,0.49429999999999996,-0.4798,-5.3290705182007514E-14,-1.8870000000000253,0.19499999999997186,0.02100000000000435,-0.5070000000000441,0.03900000000001569,0.4440000000000044,0.15600000000000946,0.4919999999999991,-0.389999999999997,
0.31319999999999837,-0.3249000000000013,0.5535999999999994,0.46919999999999895,0.4634999999999998,-0.17900000000000027,-0.42900000000000027,0.1072999999999995,-0.4927999999999999,0.5106999999999999,0.012000000000025324,-0.6149999999999523,0.2670000000000172,0.22800000000005483,0.11100000000000776,0.354000000000001,-0.27300000000000324,0.1470000000000038,0.23399999999998755,0.26100000000000456,
0.3135999999999992,-0.3453999999999997,0.5625,0.4768000000000008,0.46720000000000006,-0.16720000000000024,-0.4381000000000004,0.11219999999999963,-0.4850000000000003,0.5194000000000001,-0.17999999999995353,-0.9600000000000009,-0.11400000000000077,-0.5220000000000091,-0.1320000000000121,-0.4979999999999851,-0.11699999999999378,-0.2669999999999906,-0.17100000000000115,0.3089999999999993,
0.30760000000000076,0.5587,-0.37739999999999974,0.4594000000000005,0.46279999999999966,-0.18379999999999974,0.10329999999999995,-0.44200000000000017,-0.49070000000000036,0.5297000000000001,0.023999999999997357,-0.008999999999979025,-0.0870000000000104,-0.015000000000018332,-0.18599999999999284,0.23099999999999454,0.09600000000001607,0.15900000000002912,0.1290000000000191,-0.10200000000000209,
0.3084000000000007,0.5584000000000007,-0.3803000000000001,0.45889999999999986,0.4565999999999999,-0.17609999999999992,0.10650000000000048,-0.4366999999999992,-0.4863999999999997,0.5263,0.16199999999999548,0.06299999999995975,-1.0020000000000095,-0.3420000000000023,-0.14399999999998414,0.035999999999996035,-0.10500000000002174,-0.09300000000002306,0.05099999999998772,0.22500000000000853,
0.3138000000000005,0.5604999999999993,-0.4137000000000004,0.4474999999999998,0.4518000000000004,-0.17490000000000006,0.10299999999999976,-0.43979999999999997,-0.48470000000000013,0.5338000000000003,-0.15000000000002345,0.07800000000003138,-0.9899999999999842,0.08100000000002439,-0.16199999999999548,-0.13500000000000512,0.15900000000000247,0.13799999999999812,0.1949999999999985,0.19799999999999152,
0.30879999999999974,0.5631000000000004,-0.4466999999999999,0.4502000000000006,0.4464000000000006,-0.17940000000000023,0.10829999999999984,-0.43520000000000003,-0.4782000000000002,0.5404,-0.24600000000001288,0.2939999999999543,-1.8810000000000393,-0.05400000000003402,0.33299999999997,0.08100000000002439,-0.329999999999977,0.02100000000000435,0.7889999999999997,0.5010000000000048,
0.3005999999999993,0.5728999999999989,0.44839999999999947,-0.5094000000000012,0.4574999999999996,-0.1766999999999994,0.09730000000000061,-0.4519000000000002,-0.4344999999999999,0.5571000000000002,0.22800000000000153,0.015000000000018332,0.10500000000002174,-1.565999999999974,0.0029999999999930083,0.026999999999990365,-0.378000000000025,0.5820000000000025,-0.03300000000000303,0.035999999999996035,
0.30819999999999936,0.5733999999999995,0.4519000000000002,-0.5616000000000003,0.45759999999999934,-0.17579999999999973,0.08469999999999978,-0.4325000000000001,-0.4356,0.5583,-0.03599999999996939,0.0840000000000174,0.36899999999999267,-1.037999999999979,0.18900000000003914,-0.07800000000000473,-0.2879999999999949,0.16200000000002213,-0.33599999999998964,0.2760000000000229,
0.3070000000000004,0.5762,0.46419999999999995,0.46390000000000065,-0.5961999999999996,-0.1783999999999999,0.07509999999999994,-0.42709999999999937,0.5675000000000008,-0.44679999999999964,-0.27600000000004954,-0.07200000000004536,-0.19800000000001816,0.10799999999996146,0.11099999999995447,-0.42599999999999305,0.06600000000000605,-0.0030000000000196536,0.008999999999979025,0.08999999999997677,
0.29779999999999873,0.5737999999999985,0.45759999999999934,0.46749999999999936,-0.19450000000000145,-0.19259999999999966,0.07730000000000015,-0.4272,0.5678000000000001,-0.7338000000000005,-0.10199999999997544,-0.1649999999999885,-0.03900000000001569,-0.023999999999997357,-0.06600000000000605,-0.16800000000000814,-0.4740000000000144,-0.1529999999999898,-0.02700000000001701,-0.09599999999998943,
0.29439999999999955,0.5682999999999989,0.4562999999999988,0.46669999999999945,-0.19670000000000165,-0.19819999999999993,0.061499999999999666,-0.4322999999999997,0.5668999999999995,-0.7370000000000001,0.49200000000002575,0.2610000000000312,0.09600000000004272,0.40500000000001535,-0.44099999999993145,0.1949999999999985,-0.12599999999999945,0.035999999999996035,0.2820000000000089,0.45300000000001006,
0.3108000000000004,0.577,0.45950000000000024,0.48019999999999996,-0.21139999999999937,-0.19169999999999998,0.057299999999999685,-0.4310999999999998,0.5762999999999998,-0.7218999999999998,0.13199999999995882,0.23699999999998056,0.08699999999995711,0.045000000000001705,-0.20700000000005048,-0.27000000000001023,-0.6929999999999836,-0.743999999999998,-0.23699999999998056,0.26100000000000456,
0.31519999999999904,0.5848999999999993,0.4623999999999988,0.4817,-0.21830000000000105,-0.20070000000000032,0.03420000000000023,-0.45589999999999975,0.5684000000000005,-0.7131999999999996,0.24600000000006617,0.12300000000003308,0.3570000000000739,0.4200000000000337,-0.44699999999997075,0.21300000000000985,0.0059999999999860165,-0.03900000000001569,0.19199999999997885,-0.07200000000001872,
0.32340000000000124,0.5890000000000004,0.4743000000000013,-0.23320000000000007,0.49570000000000114,-0.1936,0.034399999999999764,-0.4572000000000003,-0.7156000000000002,0.5747999999999998,0.011999999999972033,-0.18299999999999983,0.329999999999977,-0.20100000000001117,0.341999999999949,0.3990000000000027,-0.011999999999972033,0.6060000000000265,0.4590000000000227,0.2610000000000312,
0.3238000000000003,0.5829000000000004,0.4853000000000005,-0.23990000000000045,0.5070999999999994,-0.1802999999999999,0.034000000000000696,-0.4369999999999994,-0.7002999999999995,0.5835000000000008,0.06300000000001305,0.0,-0.2129999999999832,-0.08699999999995711,0.10800000000001475,-0.1049999999999951,0.08099999999999774,-0.30600000000000627,0.27899999999998926,0.10199999999997544,
0.32590000000000074,0.5829000000000004,0.47820000000000107,-0.24279999999999902,0.5106999999999999,-0.18379999999999974,0.03670000000000062,-0.4471999999999996,-0.6909999999999998,0.5869,0.1770000000000138,0.11999999999998678,0.40199999999996905,-0.1320000000000121,0.18900000000003914,0.11400000000000077,-0.024000000000024002,-0.46500000000000874,0.026999999999990365,-0.09900000000000908,
0.3318000000000012,0.5869,0.49160000000000004,-0.24719999999999942,0.5170000000000012,-0.17999999999999972,0.03589999999999982,-0.4626999999999999,-0.6901000000000002,0.5835999999999997,0.1289999999999658,-0.14099999999999113,0.4800000000000004,-0.378000000000025,0.3029999999999866,0.045000000000001705,0.13800000000002477,0.16800000000000814,-0.11999999999998678,-0.1079999999999881,
0.33610000000000007,0.5822000000000003,0.5076,-0.25980000000000025,0.5271000000000008,-0.17849999999999966,0.04050000000000065,-0.4570999999999996,-0.6940999999999997,0.5800000000000001,0.0870000000000104,-0.3449999999999953,0.05700000000002703,-1.0619999999999763,0.5700000000000038,0.42899999999998606,0.24599999999998623,-0.30000000000002025,-0.0870000000000104,-0.02100000000000435,
0.3390000000000004,0.5707000000000004,0.509500000000001,-0.29519999999999946,0.5461000000000009,-0.16420000000000012,0.04870000000000019,-0.4671000000000003,-0.6970000000000001,0.5792999999999999,-0.026999999999990365,-0.2910000000000146,-0.0029999999999930083,-1.0769999999999946,0.1259999999999728,-0.37799999999999834,0.1079999999999881,0.14099999999999113,0.07199999999999207,-0.21300000000000985,
0.33810000000000073,0.5609999999999999,0.5094000000000012,-0.3310999999999993,0.31620000000000026,-0.17680000000000007,0.05229999999999979,-0.4624000000000006,-0.6946000000000003,-0.7205000000000004,-0.24600000000001288,0.045000000000001705,0.22499999999995524,-0.771000000000015,0.0,-0.12599999999999945,0.06600000000000605,-0.14399999999998414,-0.9359999999999769,0.42000000000000703,
0.3299000000000003,0.5625,0.5168999999999997,0.31620000000000026,0.5615000000000006,-0.18100000000000005,0.05449999999999999,-0.46720000000000006,-0.7065000000000001,0.5646000000000004,-0.18600000000004613,-0.3029999999999866,-0.23699999999998056,-0.24600000000001288,-0.09900000000003573,-0.1470000000000038,-0.07200000000001872,-0.1049999999999951,-0.1770000000000138,-0.05400000000003402,
0.32369999999999877,0.5524000000000004,0.5090000000000003,0.30799999999999983,0.5581999999999994,-0.18590000000000018,0.05209999999999937,-0.4706999999999999,-0.7124000000000006,0.5627999999999993,-0.026999999999990365,0.0839999999999641,0.2849999999999753,0.39599999999998303,0.4800000000000004,-0.1649999999999885,0.01800000000001134,0.10200000000000209,0.1710000000000278,-0.06599999999997941,
0.3227999999999991,0.5551999999999992,0.5184999999999995,0.32119999999999926,0.5741999999999994,-0.1913999999999998,0.05269999999999975,-0.4672999999999998,-0.7066999999999997,0.5606,0.2610000000000312,0.05400000000003402,-0.05999999999996675,-0.07799999999997809,0.4139999999999944,-0.42000000000000703,-0.30600000000000627,-0.22800000000002818,0.14099999999999113,-0.22500000000000853,
0.33150000000000013,0.5570000000000004,0.5165000000000006,0.3186,0.5879999999999992,-0.20540000000000003,0.04249999999999954,-0.47490000000000077,-0.702,0.5530999999999997,-0.009000000000032315,0.6929999999999836,0.40199999999996905,-0.20100000000001117,0.9929999999999772,-1.2420000000000098,-0.9269999999999978,0.19200000000003214,-0.13500000000000512,-0.9149999999999991,
0.33119999999999905,0.5800999999999998,0.5298999999999996,0.3118999999999996,0.6210999999999984,-0.24680000000000035,0.01159999999999961,-0.4684999999999997,-0.7065000000000001,0.5225999999999997,0.20400000000005747,0.4740000000000144,0.5610000000000248,0.23400000000004084,0.7260000000000666,0.3360000000000163,0.21300000000000985,-0.07500000000001172,0.6869999999999976,0.07800000000000473,
0.33800000000000097,0.5959000000000003,0.5486000000000004,0.319700000000001,0.6453000000000007,-0.2355999999999998,0.01869999999999994,-0.4710000000000001,-0.6836000000000002,0.5251999999999999,0.0059999999999860165,0.49800000000001177,0.11400000000000077,-0.5640000000000178,0.6150000000000055,-0.4290000000000127,-0.389999999999997,-0.01800000000001134,0.31800000000000495,-0.354000000000001,
0.3382000000000005,0.6125000000000007,0.5524000000000004,0.3009000000000004,0.6658000000000008,-0.24990000000000023,0.005700000000000038,-0.47160000000000046,-0.673,0.5133999999999999,0.11699999999999378,0.381000000000018,0.27300000000000324,0.5130000000000301,0.329999999999977,-0.10499999999996845,0.18000000000000682,0.14700000000003044,-0.09899999999998244,0.1470000000000038,
0.3421000000000003,0.6252000000000013,0.5615000000000006,0.3180000000000014,0.6768000000000001,-0.2533999999999992,0.011700000000000266,-0.46669999999999945,-0.6762999999999995,0.5183,0.44399999999997775,0.5459999999999532,0.44699999999997075,0.2609999999999246,0.7260000000000133,0.07499999999998508,-0.39300000000001667,0.2579999999999849,0.1079999999999881,-0.21300000000000985,
0.35689999999999955,0.6433999999999997,0.5763999999999996,0.3266999999999989,0.7010000000000005,-0.2508999999999997,-0.00140000000000029,-0.45809999999999995,-0.6726999999999999,0.5111999999999997,0.1740000000000208,0.37200000000003897,0.24300000000001987,0.14700000000003044,0.5309999999999881,-0.3210000000000246,-0.6480000000000086,-0.09600000000001607,-0.006000000000012662,-0.6899999999999906,
0.36270000000000024,0.655800000000001,0.5845000000000002,0.3315999999999999,0.7187000000000001,-0.2616000000000005,-0.023000000000000576,-0.4613000000000005,-0.6729000000000003,0.48819999999999997,0.7380000000000386,1.5720000000000134,1.9770000000000287,0.44700000000002404,1.8270000000000053,0.3270000000000106,-0.2999999999999936,0.22200000000001552,1.0800000000000143,-0.27300000000000324,
0.38730000000000153,0.7082000000000015,0.3465000000000007,0.6504000000000012,0.7796000000000003,-0.25070000000000014,-0.03300000000000036,-0.6368999999999998,-0.45389999999999997,0.47909999999999986,0.66599999999994,0.671999999999926,0.4199999999999804,0.9809999999999519,1.0109999999999886,-0.13499999999997847,-0.05699999999997374,0.24600000000001288,0.36000000000001364,-0.2549999999999919,
0.40949999999999953,0.36050000000000004,0.730599999999999,0.6830999999999996,0.8132999999999999,-0.2551999999999994,-0.6286999999999994,-0.03489999999999949,-0.4418999999999995,0.47060000000000013,0.8400000000000141,0.2940000000000076,0.768000000000022,1.0710000000000086,1.2720000000000198,0.25199999999997225,0.09899999999998244,-0.30600000000000627,0.10199999999997544,-0.1890000000000125,
0.4375,0.3703000000000003,0.7561999999999998,0.7187999999999999,0.8557000000000006,-0.24680000000000035,-0.6254,-0.045099999999999696,-0.43850000000000033,0.4642999999999997,0.045000000000001705,0.06000000000002004,0.07200000000004536,0.048000000000048004,-0.023999999999997357,-0.12899999999999245,0.387000000000004,0.1049999999999951,0.10800000000001475,-0.020999999999977703,
0.43900000000000006,0.37230000000000096,0.7586000000000013,0.7204000000000015,0.8549000000000007,-0.2511000000000001,-0.6124999999999998,-0.04159999999999986,-0.43489999999999984,0.46360000000000046,0.40800000000000836,0.387000000000004,0.5369999999999742,0.7739999999999547,0.774000000000008,0.0420000000000087,-0.24900000000000588,-0.6749999999999989,-0.40800000000000836,-0.6360000000000099,
0.45260000000000034,0.3852000000000011,0.7765000000000004,0.7462,0.8807000000000009,-0.2496999999999998,-0.6208,-0.06409999999999982,-0.4485000000000001,0.4424000000000001,0.8729999999999905,0.11699999999999378,0.6810000000000116,0.768000000000022,1.164000000000005,0.5370000000000008,0.17100000000000115,-0.17699999999998717,0.2970000000000006,-0.22500000000000853,
0.4817,0.3891000000000009,0.7992000000000008,0.771800