6.41709,7.88417,0.0,0.0
6.41709,7.88417,0.0,0.0
6.41709,7.88417,0.0,0.0
6.41709,7.88417,0.0,0.0
6.41709,7.88417,0.0,0.0
6.41709,7.88417,0.6188999999999911,0.0
6.43772,7.88417,0.0,0.0
6.43772,7.88417,0.0,-0.565800000000003
6.43772,7.86531,0.6192000000000064,0.0
6.45836,7.86531,0.0,0.0
6.45836,7.86531,0.6188999999999911,0.0
6.47899,7.86531,0.6189000000000178,0.0
6.49962,7.86531,0.0,0.0
6.49962,7.86531,0.6192000000000064,0.0
6.52026,7.86531,0.0,0.0
6.52026,7.86531,0.6188999999999911,0.0
6.54089,7.86531,0.6192000000000064,0.565800000000003
6.56153,7.88417,0.6188999999999911,0.0
6.58216,7.88417,0.0,0.565800000000003
6.58216,7.90303,0.6188999999999911,0.0
6.60279,7.90303,0.6192000000000064,0.0
6.62343,7.90303,0.6188999999999911,0.565800000000003
6.64406,7.92189,0.0,0.565800000000003
6.64406,7.94075,0.6189000000000178,0.0
6.66469,7.94075,0.6192000000000064,0.0
6.68533,7.94075,0.0,0.5657999999999763
6.68533,7.95961,1.2380999999999975,0.0
6.7266,7.95961,0.6188999999999911,0.5661000000000183
6.74723,7.97848,0.6188999999999911,0.0
6.76786,7.97848,0.6192000000000064,0.0
6.7885,7.97848,0.6188999999999911,0.0
6.80913,7.97848,1.2380999999999975,0.0
6.8504,7.97848,1.237800000000009,0.0
6.89166,7.97848,0.6192000000000064,0.0
6.9123,7.97848,0.6188999999999911,-0.5661000000000183
6.93293,7.95961,0.6192000000000064,0.0
6.95357,7.95961,1.8569999999999887,0.0
7.01547,7.95961,0.6189000000000178,0.0
7.0361,7.95961,1.2380999999999975,0.0
7.07737,7.95961,0.6188999999999911,0.0
7.098,7.95961,1.2380999999999975,0.0
7.13927,7.95961,1.8570000000000153,0.0
7.20117,7.95961,1.2380999999999975,0.0
7.24244,7.95961,1.2380999999999975,0.0
7.28371,7.95961,1.237800000000009,0.5661000000000183
7.32497,7.97848,0.6191999999999798,0.0
7.34561,7.97848,2.4759000000000064,0.565800000000003
7.42814,7.99734,1.2380999999999975,0.5657999999999763
7.46941,8.0162,1.2380999999999975,0.0
7.51068,8.0162,0.6189000000000178,0.565800000000003
7.53131,8.03506,1.2380999999999975,0.565800000000003
7.57258,8.05392,1.8569999999999887,0.565800000000003
7.63448,8.07278,1.2380999999999975,0.0
7.67575,8.07278,0.6189000000000178,0.5660999999999916
7.69638,8.09165,1.2380999999999975,0.0
7.73765,8.09165,1.2380999999999975,0.0
7.77892,8.09165,1.8569999999999887,0.565800000000003
7.84082,8.11051,1.237800000000009,0.0
7.88208,8.11051,1.2380999999999975,0.0
7.92335,8.11051,1.2380999999999975,0.0
7.96462,8.11051,1.2381000000000242,-0.565800000000003
8.00589,8.09165,2.475899999999953,0.0
8.08842,8.09165,1.2381000000000242,0.0
8.12969,8.09165,1.238099999999971,-0.5660999999999916
8.17096,8.07278,1.2378000000000355,0.0
8.21222,8.07278,1.238099999999971,0.0
8.25349,8.07278,1.857000000000042,0.0
8.31539,8.07278,1.238099999999971,0.0
8.35666,8.07278,1.2381000000000242,0.0
8.39793,8.07278,1.2377999999999822,0.0
8.43919,8.07278,1.2381000000000242,0.0
8.48046,8.07278,1.8569999999999887,0.5660999999999916
8.54236,8.09165,1.238099999999971,0.0
8.58363,8.09165,1.2381000000000242,0.0
8.6249,8.09165,1.238099999999971,0.0
8.66617,8.09165,0.6189000000000178,0.565800000000003
8.6868,8.11051,1.8569999999999887,0.0
8.7487,8.11051,1.2381000000000242,0.565800000000003
8.78997,8.12937,0.6189000000000178,0.0
8.8106,8.12937,1.238099999999971,0.0
8.85187,8.12937,0.6189000000000178,0.0
8.8725,8.12937,1.8569999999999887,0.0
8.9344,8.12937,0.6192000000000064,0.0
8.95504,8.12937,1.238099999999971,0.0
8.99631,8.12937,0.6189000000000178,0.0
9.01694,8.12937,0.6189000000000178,0.0
9.03757,8.12937,1.8569999999999887,0.0
9.09947,8.12937,1.238099999999971,-0.565800000000003
9.14074,8.11051,0.6189000000000178,0.0
9.16137,8.11051,1.2381000000000242,0.0
9.20264,8.11051,0.6192000000000064,0.0
9.22328,8.11051,1.8569999999999887,0.0
9.28518,8.11051,1.2377999999999822,0.0
9.32644,8.11051,0.6192000000000064,0.0
9.34708,8.11051,1.2381000000000242,0.0
9.38835,8.11051,1.2377999999999822,0.0
9.42961,8.11051,1.8569999999999887,0.0
9.49151,8.11051,1.2381000000000242,0.565800000000003
9.53278,8.12937,1.238099999999971,0.0
9.57405,8.12937,1.2381000000000242,0.0
9.61532,8.12937,0.6188999999999645,0.565800000000003
9.63595,8.14823,2.476199999999995,0.0
9.71849,8.14823,1.2378000000000355,0.565800000000003
9.75975,8.16709,1.238099999999971,0.0
9.80102,8.16709,1.2381000000000242,0.0
9.84229,8.16709,0.6189000000000178,0.565800000000003
9.86292,8.18595,1.8569999999999887,0.0
9.92482,8.18595,1.238099999999971,0.0
9.96609,8.18595,1.239300000000032,-0.565800000000003
10.0074,8.16709,0.6179999999999986,0.0
10.028,8.16709,1.23899999999999,0.0
10.0693,8.16709,1.8569999999999887,-0.565800000000003
10.1312,8.14823,1.235999999999997,-0.565800000000003
10.1724,8.12937,0.6209999999999916,0.0
10.1931,8.12937,1.235999999999997,-0.565800000000003
10.2343,8.11051,1.2390000000000434,0.0
10.2756,8.11051,1.8569999999999887,-0.565800000000003
10.3375,8.09165,0.6179999999999986,-0.5660999999999916
10.3581,8.07278,1.23899999999999,0.0
10.3994,8.07278,0.6179999999999986,-0.565800000000003
10.42,8.05392,0.6209999999999916,0.0
10.4407,8.05392,1.8569999999999887,-0.565800000000003
10.5026,8.03506,0.6179999999999986,0.0
10.5232,8.03506,1.2390000000000434,-0.565800000000003
10.5645,8.0162,0.6179999999999986,0.0
10.5851,8.0162,0.6179999999999986,-0.5657999999999763
10.6057,7.99734,1.8569999999999887,-0.565800000000003
10.6676,7.97848,0.6209999999999916,-0.5661000000000183
10.6883,7.95961,0.6179999999999986,0.0
10.7089,7.95961,0.6179999999999986,-0.5657999999999763
10.7295,7.94075,0.6209999999999916,0.0
10.7502,7.94075,1.235999999999997,-1.131600000000006
10.7914,7.90303,0.6209999999999916,-0.565800000000003
10.8121,7.88417,0.0,-0.565800000000003
10.8121,7.86531,0.6180000000000518,0.0
10.8327,7.86531,0.6179999999999986,-0.5660999999999916
10.8533,7.84644,0.6209999999999916,-1.131600000000006
10.874,7.80872,0.0,-0.565800000000003
10.874,7.78986,0.6179999999999986,0.0
10.8946,7.78986,0.0,-0.565800000000003
10.8946,7.771,0.6179999999999986,-0.565800000000003
10.9152,7.75214,0.6209999999999916,-0.5660999999999916
10.9359,7.73327,0.0,-0.565800000000003
10.9359,7.71441,0.6179999999999986,0.0
10.9565,7.71441,0.6179999999999986,-0.565800000000003
10.9771,7.69555,0.0,-0.565800000000003
10.9771,7.67669,0.6209999999999916,-0.565800000000003
10.9978,7.65783,0.6179999999999986,0.0
11.0184,7.65783,0.6179999999999986,-0.565800000000003
11.039,7.63897,0.0,0.0
11.039,7.63897,0.6209999999999916,-0.5657999999999763
11.0597,7.62011,0.6179999999999986,-0.5661000000000183
11.0803,7.60124,0.0,0.0
11.0803,7.60124,0.6179999999999986,-0.565800000000003
11.1009,7.58238,0.0,-0.565800000000003
11.1009,7.56352,0.0,0.0
11.1009,7.56352,0.6210000000000448,-0.5657999999999763
11.1216,7.54466,0.0,-0.565800000000003
11.1216,7.5258,0.0,0.0
11.1216,7.5258,0.0,-0.565800000000003
11.1216,7.50694,0.0,0.0
11.1216,7.50694,0.6179999999999986,-0.5661000000000183
11.1422,7.48807,0.0,-0.5657999999999763
11.1422,7.46921,0.0,-0.565800000000003
11.1422,7.45035,0.0,0.0
11.1422,7.45035,0.0,-0.565800000000003
11.1422,7.43149,0.6179999999999986,-0.565800000000003
11.1628,7.41263,0.0,0.0
11.1628,7.41263,0.6209999999999916,0.0
11.1835,7.41263,0.6179999999999986,0.0
11.2041,7.41263,0.0,0.0
11.2041,7.41263,1.23899999999999,0.0
11.2454,7.41263,0.6179999999999986,0.0
11.266,7.41263,0.6179999999999986,0.0
11.2866,7.41263,0.6209999999999916,0.0
11.3073,7.41263,0.6179999999999986,0.0
11.3279,7.41263,1.23899999999999,0.0
11.3692,7.41263,0.6179999999999986,0.0
11.3898,7.41263,0.6210000000000448,0.0
11.4105,7.41263,0.6179999999999986,0.0
11.4311,7.41263,0.0,0.0
11.4311,7.41263,0.6179999999999986,0.0
11.4517,7.41263,0.0,-0.565800000000003
11.4517,7.39377,0.6209999999999916,0.0
11.4724,7.39377,0.0,0.0
11.4724,7.39377,0.0,-0.5660999999999916
11.4724,7.3749,0.0,-0.565800000000003
11.4724,7.35604,0.6179999999999986,-0.565800000000003
11.493,7.33718,0.0,-0.565800000000003
11.493,7.31832,0.0,0.0
11.493,7.31832,0.0,-0.565800000000003
11.493,7.29946,0.0,-1.1318999999999946
11.493,7.26173,0.0,-0.565800000000003
11.493,7.24287,0.0,0.0
11.493,7.24287,0.0,-0.565800000000003
11.493,7.22401,0.6179999999999986,0.0
11.5136,7.22401,0.6209999999999916,-0.565800000000003
11.5343,7.20515,0.6179999999999986,0.0
11.5549,7.20515,0.6179999999999986,0.0
11.5755,7.20515,0.0,0.0
11.5755,7.20515,0.6209999999999916,0.0
11.5962,7.20515,1.235999999999997,0.0
11.6374,7.20515,0.6209999999999916,0.0
11.6581,7.20515,0.6179999999999986,0.565800000000003
11.6787,7.22401,0.6179999999999986,0.0
11.6993,7.22401,0.6210000000000448,0.0
11.72,7.22401,1.235999999999997,0.0
11.7612,7.22401,0.6209999999999916,0.0
11.7819,7.22401,0.6179999999999986,0.0
11.8025,7.22401,0.0,0.0
11.8025,7.22401,0.6179999999999986,-0.565800000000003
11.8231,7.20515,0.6209999999999916,-0.565800000000003
11.8438,7.18629,0.0,0.0
11.8438,7.18629,0.6179999999999986,0.0
11.8644,7.18629,0.0,-0.5657999999999763
11.8644,7.16743,0.0,0.0
11.8644,7.16743,0.6179999999999986,-0.5661000000000183
11.885,7.14856,0.0,0.0
11.885,7.14856,0.6209999999999916,0.0
11.9057,7.14856,0.0,0.0
11.9057,7.14856,0.6179999999999986,0.0
11.9263,7.14856,0.6179999999999986,0.0
11.9469,7.14856,0.6209999999999916,0.0
11.9676,7.14856,0.6180000000000518,0.0
11.9882,7.14856,0.6179999999999986,0.0
12.0088,7.14856,0.6209999999999916,0.5661000000000183
12.0295,7.16743,1.235999999999997,0.5657999999999763
12.0707,7.18629,0.6209999999999916,0.0
12.0914,7.18629,0.6179999999999986,0.565800000000003
12.112,7.20515,1.23899999999999,0.0
12.1533,7.20515,0.6179999999999986,0.565800000000003
12.1739,7.22401,1.8569999999999887,0.565800000000003
12.2358,7.24287,0.6179999999999986,0.0
12.2564,7.24287,1.2390000000000434,0.0
12.2977,7.24287,0.6179999999999986,0.0
12.3183,7.24287,0.6209999999999916,0.0
12.339,7.24287,1.235999999999997,0.0
12.3802,7.24287,0.6209999999999916,0.0
12.4009,7.24287,0.6179999999999986,0.0
12.4215,7.24287,0.0,0.0
12.4215,7.24287,0.6179999999999986,0.0
12.4421,7.24287,1.23899999999999,-1.131600000000006
12.4834,7.20515,0.0,0.0
12.4834,7.20515,0.6179999999999986,-0.565800000000003
12.504,7.18629,0.6209999999999916,0.0
12.5247,7.18629,0.6179999999999986,-0.5657999999999763
12.5453,7.16743,1.2390000000000434,0.0
12.5866,7.16743,0.6179999999999986,0.0
12.6072,7.16743,0.6179999999999986,0.0
12.6278,7.16743,1.23899999999999,0.0
12.6691,7.16743,0.6179999999999986,0.0
12.6897,7.16743,1.8569999999999887,0.5657999999999763
12.7516,7.18629,1.23899999999999,0.0
12.7929,7.18629,1.23899999999999,0.565800000000003
