3.75534,6.13004,1.2380999999999975,0.0
3.79661,6.13004,1.237800000000009,0.0
3.83787,6.13004,3.0950999999999995,0.0
3.94104,6.13004,1.2380999999999975,-0.5660999999999916
3.98231,6.11117,1.8569999999999887,0.0
4.04421,6.11117,1.2380999999999975,0.0
4.08548,6.11117,1.2381000000000242,0.0
4.12675,6.11117,3.0947999999999976,-0.565800000000003
4.22991,6.09231,1.2380999999999975,0.0
4.27118,6.09231,1.2380999999999975,-0.565800000000003
4.31245,6.07345,1.2380999999999975,0.0
4.35372,6.07345,1.8569999999999887,0.0
4.41562,6.07345,1.8570000000000153,0.0
4.47752,6.07345,1.2380999999999975,0.0
4.51879,6.07345,1.237800000000009,0.0
4.56005,6.07345,1.8569999999999887,-0.565800000000003
4.62195,6.05459,1.2380999999999975,0.0
4.66322,6.05459,3.095100000000013,0.0
4.76639,6.05459,1.2380999999999975,0.0
4.80766,6.05459,1.2380999999999975,0.0
4.84893,6.05459,1.8569999999999887,0.0
4.91083,6.05459,1.237800000000009,0.0
4.95209,6.05459,2.476199999999995,0.0
5.03463,6.05459,1.2380999999999975,0.0
5.0759,6.05459,1.237800000000009,0.0
5.11716,6.05459,1.2380999999999975,0.0
5.15843,6.05459,1.2380999999999975,0.0
5.1997,6.05459,2.4759000000000064,0.0
5.28223,6.05459,1.2380999999999975,0.0
5.3235,6.05459,1.2380999999999975,-0.565800000000003
5.36477,6.03573,1.2380999999999975,0.0
5.40604,6.03573,1.237800000000009,0.0
5.4473,6.03573,2.476199999999995,0.0
5.52984,6.03573,1.2380999999999975,0.0
5.57111,6.03573,1.237800000000009,-0.565800000000003
5.61237,6.01687,1.2380999999999975,0.0
5.65364,6.01687,1.2380999999999975,0.0
5.69491,6.01687,2.4759000000000064,0.0
5.77744,6.01687,0.6191999999999798,0.0
5.79808,6.01687,1.237800000000009,0.0
5.83934,6.01687,1.2380999999999975,0.0
5.88061,6.01687,1.2380999999999975,0.0
5.92188,6.01687,2.4759000000000064,0.0
6.00441,6.01687,1.2380999999999975,0.0
6.04568,6.01687,1.2380999999999975,0.0
6.08695,6.01687,1.2380999999999975,0.565800000000003
6.12822,6.03573,1.237800000000009,0.0
6.16948,6.03573,2.476199999999995,0.565800000000003
6.25202,6.05459,1.2380999999999975,0.0
6.29329,6.05459,1.237800000000009,0.565800000000003
6.33455,6.07345,0.6192000000000064,0.0
6.35519,6.07345,1.2380999999999975,0.565800000000003
6.39646,6.09231,1.8569999999999887,0.0
6.45836,6.09231,1.237800000000009,0.0
6.49962,6.09231,1.2380999999999975,0.565800000000003
6.54089,6.11117,1.2380999999999975,0.5660999999999916
6.58216,6.13004,1.2380999999999975,0.0
6.62343,6.13004,2.4759000000000064,0.565800000000003
6.70596,6.1489,1.2380999999999975,0.565800000000003
6.74723,6.16776,1.2380999999999975,0.0
6.7885,6.16776,1.237800000000009,0.5657999999999763
6.82976,6.18662,1.2380999999999975,0.565800000000003
6.87103,6.20548,1.8569999999999887,0.565800000000003
6.93293,6.22434,1.2380999999999975,0.565800000000003
6.9742,6.2432,1.2380999999999975,0.0
7.01547,6.2432,0.6189000000000178,0.5660999999999916
7.0361,6.26207,1.2380999999999975,0.565800000000003
7.07737,6.28093,1.8569999999999887,0.565800000000003
7.13927,6.29979,1.2380999999999975,0.565800000000003
7.18054,6.31865,1.237800000000009,0.0
7.2218,6.31865,0.6192000000000064,0.565800000000003
7.24244,6.33751,1.2380999999999975,0.565800000000003
7.28371,6.35637,1.8569999999999887,0.5660999999999916
7.34561,6.37524,1.237800000000009,0.565800000000003
7.38687,6.3941,1.2380999999999975,0.565800000000003
7.42814,6.41296,0.6192000000000064,0.0
7.44878,6.41296,1.2377999999999822,0.565800000000003
7.49004,6.43182,1.8570000000000153,0.565800000000003
7.55194,6.45068,0.6192000000000064,0.565800000000003
7.57258,6.46954,1.2380999999999975,0.0
7.61385,6.46954,0.6188999999999911,0.5660999999999916
7.63448,6.48841,0.6188999999999911,0.0
7.65511,6.48841,1.8570000000000153,0.565800000000003
7.71701,6.50727,0.6192000000000064,0.0
7.73765,6.50727,1.2380999999999975,0.565800000000003
7.77892,6.52613,0.6188999999999911,0.0
7.79955,6.52613,0.6188999999999911,0.0
7.82018,6.52613,1.8570000000000153,0.0
7.88208,6.52613,0.6192000000000064,0.0
7.90272,6.52613,1.2377999999999822,0.565800000000003
7.94398,6.54499,0.6192000000000064,0.0
7.96462,6.54499,1.2381000000000242,0.0
8.00589,6.54499,1.8569999999999887,0.565800000000003
8.06779,6.56385,1.2377999999999822,0.0
8.10905,6.56385,0.6192000000000064,0.5657999999999763
8.12969,6.58271,0.6189000000000178,0.0
8.15032,6.58271,1.238099999999971,0.5661000000000183
8.19159,6.60158,1.8569999999999887,0.565800000000003
8.25349,6.62044,1.2381000000000242,0.0
8.29476,6.62044,0.6189000000000178,0.0
8.31539,6.62044,1.238099999999971,0.0
8.35666,6.62044,0.6189000000000178,0.0
8.37729,6.62044,1.8569999999999887,0.0
8.43919,6.62044,0.6192000000000064,0.0
8.45983,6.62044,1.238099999999971,0.0
8.5011,6.62044,1.2378000000000355,0.0
8.54236,6.62044,1.238099999999971,-0.565800000000003
8.58363,6.60158,1.857000000000042,-0.5661000000000183
8.64553,6.58271,1.238099999999971,0.0
8.6868,6.58271,0.6189000000000178,-0.5657999999999763
8.70743,6.56385,0.6192000000000064,0.0
8.72807,6.56385,1.2377999999999822,-0.565800000000003
8.76933,6.54499,1.8572999999999773,-0.565800000000003
8.83124,6.52613,1.2378000000000355,-0.565800000000003
8.8725,6.50727,0.6192000000000064,0.0
8.89314,6.50727,1.2377999999999822,-0.565800000000003
8.9344,6.48841,1.238099999999971,-0.5660999999999916
8.97567,6.46954,1.857000000000042,-0.565800000000003
9.03757,6.45068,1.238099999999971,-0.565800000000003
9.07884,6.43182,1.2381000000000242,0.0
9.12011,6.43182,1.2377999999999822,-0.565800000000003
9.16137,6.41296,1.2381000000000242,0.0
9.20264,6.41296,1.8569999999999887,-0.565800000000003
9.26454,6.3941,1.238099999999971,-0.565800000000003
9.30581,6.37524,1.2381000000000242,-0.5660999999999916
9.34708,6.35637,0.6189000000000178,0.0
9.36771,6.35637,1.238099999999971,-0.565800000000003
9.40898,6.33751,1.8569999999999887,0.0
9.47088,6.33751,1.2381000000000242,-0.565800000000003
9.51215,6.31865,1.238099999999971,0.0
9.55342,6.31865,0.6189000000000178,-0.565800000000003
9.57405,6.29979,1.2381000000000242,0.0
9.61532,6.29979,2.4759000000000064,-0.565800000000003
9.69785,6.28093,1.238099999999971,-0.565800000000003
9.73912,6.26207,1.2381000000000242,0.0
9.78039,6.26207,1.2377999999999822,-0.5660999999999916
9.82165,6.2432,0.6192000000000064,-0.565800000000003
9.84229,6.22434,2.4759000000000064,0.0
9.92482,6.22434,0.6192000000000064,-0.565800000000003
9.94546,6.20548,1.2377999999999822,-0.565800000000003
9.98672,6.18662,1.2384000000000128,0.0
10.028,6.18662,1.23899999999999,-0.5657999999999763
10.0693,6.16776,2.474999999999987,0.0
10.1518,6.16776,1.23899999999999,-0.565800000000003
10.1931,6.1489,1.235999999999997,0.0
10.2343,6.1489,1.2390000000000434,-0.565800000000003
10.2756,6.13004,1.23899999999999,0.0
10.3169,6.13004,2.474999999999987,-0.5660999999999916
10.3994,6.11117,1.23899999999999,0.0
10.4407,6.11117,1.235999999999997,0.0
10.4819,6.11117,1.23899999999999,-0.565800000000003
10.5232,6.09231,1.2390000000000434,0.0
10.5645,6.09231,1.8569999999999887,-0.565800000000003
10.6264,6.07345,1.235999999999997,-0.565800000000003
10.6676,6.05459,1.23899999999999,0.0
10.7089,6.05459,1.23899999999999,-0.565800000000003
10.7502,6.03573,1.235999999999997,0.0
10.7914,6.03573,2.4780000000000335,-1.1318999999999946
10.874,5.998,0.6179999999999986,0.0
10.8946,5.998,1.23899999999999,-0.565800000000003
10.9359,5.97914,1.235999999999997,-0.565800000000003
10.9771,5.96028,1.23899999999999,-0.565800000000003
11.0184,5.94142,2.474999999999987,-0.565800000000003
11.1009,5.92256,1.2390000000000434,0.0
11.1422,5.92256,1.23899999999999,-0.565800000000003
11.1835,5.9037,0.6179999999999986,0.0
11.2041,5.9037,1.23899999999999,0.0
11.2454,5.9037,2.474999999999987,-0.5660999999999916
11.3279,5.88483,1.23899999999999,-0.565800000000003
11.3692,5.86597,1.2390000000000434,0.0
11.4105,5.86597,1.235999999999997,-0.565800000000003
11.4517,5.84711,1.23899999999999,0.0
11.493,5.84711,2.474999999999987,-0.565800000000003
11.5755,5.82825,1.23899999999999,0.0
11.6168,5.82825,1.23899999999999,0.0
11.6581,5.82825,1.235999999999997,-0.565800000000003
11.6993,5.80939,0.6210000000000448,0.0
11.72,5.80939,2.474999999999987,-0.5657999999999763
11.8025,5.79053,1.23899999999999,-0.5661000000000183
11.8438,5.77166,1.235999999999997,0.0
11.885,5.77166,0.6209999999999916,0.0
11.9057,5.77166,1.235999999999997,-0.565800000000003
11.9469,5.7528,2.4780000000000335,-0.565800000000003
12.0295,5.73394,1.235999999999997,0.0
12.0707,5.73394,1.23899999999999,-0.5657999999999763
12.112,5.71508,0.6179999999999986,-0.565800000000003
12.1326,5.69622,1.23899999999999,-0.565800000000003
12.1739,5.67736,2.474999999999987,-0.5661000000000183
12.2564,5.65849,1.2390000000000434,-0.5657999999999763
12.2977,5.63963,1.23899999999999,0.0
12.339,5.63963,1.235999999999997,-0.565800000000003
12.3802,5.62077,1.23899999999999,0.0
12.4215,5.62077,1.8569999999999887,-0.565800000000003
12.4834,5.60191,1.23899999999999,-0.565800000000003
12.5247,5.58305,1.235999999999997,0.0
12.5659,5.58305,1.2390000000000434,-0.565800000000003
12.6072,5.56419,1.23899999999999,0.0
12.6485,5.56419,2.474999999999987,0.0
12.731,5.56419,1.23899999999999,0.0
12.7723,5.56419,1.235999999999997,-0.5660999999999916
12.8135,5.54532,1.23899999999999,0.0
