0.6812000000000005,-0.23909999999999965,-0.6787000000000001,-1.0469999999999997,-1.0618999999999996,0.4607999999999999,0.8341000000000003,-0.7892000000000001,-0.1396999999999995,0.39390000000000036,-0.7140000000000146,-0.7260000000000133,-0.8640000000000114,-0.6240000000000112,-0.4860000000000131,0.13500000000000512,0.2970000000000006,0.3119999999999923,-0.5340000000000078,-0.15900000000000247,
0.6574,-0.2633000000000001,-0.7075000000000005,-1.0678,-1.0781,0.46530000000000005,0.8440000000000003,-0.7788000000000004,-0.15749999999999975,0.3886000000000003,-0.45600000000000307,-0.6329999999999902,-0.38999999999997037,-0.45600000000000307,-0.4919999999999991,0.45000000000001705,0.5309999999999881,0.39900000000002933,0.4919999999999991,0.1470000000000038,
0.6421999999999999,-0.28439999999999976,-0.7204999999999995,-1.0830000000000002,-0.15649999999999942,0.4803000000000006,0.8616999999999999,-0.7654999999999994,-0.14109999999999978,-1.1251999999999995,-0.3479999999999883,-0.8310000000000084,-0.32099999999999795,-0.2879999999999949,-0.25500000000001855,0.12299999999997979,0.4469999999999974,0.20699999999997054,0.1679999999999815,0.7079999999999753,
0.6306000000000003,-0.31210000000000004,-0.7311999999999994,-1.0926,-0.16500000000000004,0.48439999999999994,0.8765999999999998,-0.7586000000000004,-0.1355000000000004,-1.1016000000000004,0.4109999999999747,0.17699999999998717,-0.05700000000002703,-0.19800000000001816,0.24299999999999322,0.39000000000002366,-0.3179999999999783,-0.27899999999998926,-0.1649999999999885,-0.1439999999999575,
0.6442999999999994,-0.30620000000000047,-0.7331000000000003,-1.0992000000000006,-0.15690000000000026,0.49740000000000073,0.8660000000000005,-0.7679,-0.14100000000000001,-1.106399999999999,-1.0619999999999763,-0.7319999999999727,-0.48899999999997945,-0.35399999999997434,-0.5789999999999829,-0.34200000000002895,0.1529999999999898,0.04199999999998205,0.14399999999998414,0.8579999999999455,
0.6089000000000002,-0.33059999999999956,-0.7493999999999996,-0.1761999999999997,-1.1109999999999998,0.48599999999999977,0.8711000000000002,-0.7665000000000006,-1.0778000000000008,-0.13620000000000054,-1.1760000000000037,-1.872000000000007,-1.202999999999994,-0.6989999999999963,-1.4099999999999913,0.40800000000000836,0.13799999999999812,0.05400000000003402,1.599000000000057,-0.07799999999997809,
0.5697000000000001,-0.3929999999999998,-0.19949999999999957,-0.7894999999999994,-1.1579999999999995,0.49960000000000004,0.8757000000000001,-1.0244999999999989,-0.7646999999999995,-0.1387999999999998,-0.710999999999995,-0.9300000000000175,-0.3240000000000176,-0.798000000000032,-0.8970000000000145,0.21899999999999586,0.7259999999999867,1.466999999999965,0.18299999999997318,0.6329999999999902,
0.5460000000000003,-0.4240000000000004,-0.21030000000000015,-0.8161000000000005,-1.1879,0.5068999999999999,0.8998999999999997,-0.9756,-0.7586000000000004,-0.11770000000000014,-0.6090000000000195,-0.3390000000000093,-0.5700000000000038,-0.4529999999999834,-0.19800000000001816,0.40800000000000836,0.10200000000000209,1.2629999999999875,0.22800000000000153,-0.00900000000000567,
0.5256999999999996,-0.22930000000000028,-0.4353000000000007,-0.8311999999999999,-1.1945000000000006,0.5205000000000002,-0.9335000000000004,0.9032999999999998,-0.7510000000000003,-0.11800000000000033,-0.6239999999999846,-0.045000000000001705,-0.7289999999999797,-0.42300000000000004,-0.2129999999999832,-0.06000000000002004,0.738000000000012,0.4949999999999921,0.05100000000001437,-0.03300000000000303,
0.5049000000000001,-0.23080000000000034,-0.4596,-0.8452999999999999,-1.2016,0.5184999999999995,-0.9089,0.9197999999999995,-0.7492999999999999,-0.11910000000000043,-0.047999999999994714,0.07200000000001872,-0.18899999999998585,-0.18299999999999983,-0.24899999999997924,0.21300000000000985,0.09000000000000341,0.15600000000000946,0.008999999999979025,0.0870000000000104,
0.5033000000000003,-0.22839999999999971,-0.46589999999999954,-0.8513999999999999,-1.2098999999999993,0.5255999999999998,-0.9058999999999999,0.9249999999999998,-0.7490000000000006,-0.11620000000000008,-1.0500000000000043,-0.4380000000000184,-0.2670000000000172,-0.5729999999999968,-0.378000000000025,0.31800000000000495,1.0350000000000126,0.30600000000000627,0.381000000000018,0.10800000000001475,
0.46830000000000016,-0.24300000000000033,-0.4748000000000001,-0.8704999999999998,-1.2225000000000001,0.5362,-0.8713999999999995,0.9352,-0.7363,-0.11259999999999959,-2.325000000000017,-0.8849999999999891,-1.3920000000000066,-1.6680000000000295,-1.7190000000000172,0.5310000000000148,1.9200000000000017,-0.3089999999999993,-0.20099999999998452,-0.047999999999994714,
0.3907999999999996,-0.27249999999999996,-0.5212000000000003,-0.9261000000000008,-1.2016,0.5539000000000005,-0.8073999999999995,0.9249,-0.7429999999999994,0.3767000000000005,-0.779999999999994,-0.31500000000001194,-0.387000000000004,-0.5249999999999755,-0.4770000000000074,0.48899999999997945,0.9749999999999925,0.5159999999999965,0.389999999999997,0.5729999999999968,
0.3647999999999998,-0.28300000000000036,-0.5341000000000005,-0.9436,-1.2175000000000002,0.5701999999999998,-0.7748999999999997,0.9420999999999999,-0.7299999999999995,0.3958000000000004,-1.1400000000000077,-0.38099999999999135,-0.7259999999999867,-0.8190000000000097,-0.16800000000000814,0.13799999999999812,0.7709999999999884,0.03899999999998904,0.06599999999997941,-0.1770000000000138,
0.32679999999999954,-0.2957000000000001,-0.5583,-0.9709000000000003,-1.2231000000000005,0.5747999999999998,-0.7492000000000001,0.9433999999999996,-0.7278000000000002,0.3898999999999999,-0.8939999999999682,-0.22499999999998188,-0.359999999999987,-0.6479999999999819,-0.5789999999999829,0.31800000000000495,0.7290000000000063,-0.03899999999998904,-0.2849999999999753,-0.18299999999999983,
0.2970000000000006,-0.30319999999999947,-0.5702999999999996,-0.9924999999999997,-1.2424,0.5853999999999999,-0.7248999999999999,0.9420999999999999,-0.7372999999999994,0.3837999999999999,-0.6059999999999999,-0.6059999999999999,-0.5039999999999978,-0.4290000000000127,-0.6929999999999836,-0.1529999999999898,-0.40800000000000836,0.09599999999998943,-0.20700000000002383,0.3149999999999853,
0.2768000000000006,-0.32339999999999947,-0.5870999999999995,-1.0068000000000001,-1.2654999999999994,0.5803000000000003,-0.7385000000000002,0.9452999999999996,-0.7442000000000002,0.39429999999999943,-0.5130000000000035,-0.2850000000000019,-0.37799999999999834,-0.4199999999999804,-0.024000000000024002,0.5790000000000095,1.4940000000000087,0.28500000000002856,0.6840000000000046,0.14400000000001079,
0.2597000000000005,-0.33289999999999953,-0.5996999999999995,-1.0207999999999995,-1.2663000000000002,0.5996000000000006,-0.6886999999999999,0.9548000000000005,-0.7214,0.3990999999999998,-1.4970000000000017,-0.8670000000000044,-0.6540000000000212,-0.9270000000000245,-0.5940000000000012,0.28199999999998226,1.2660000000000071,-0.5460000000000065,-0.2069999999999972,0.5520000000000191,
0.20980000000000043,-0.3617999999999997,-0.6215000000000002,-1.0517000000000003,-1.2861000000000002,0.609,-0.6464999999999996,0.9366000000000003,-0.7283,0.4175000000000004,-0.10800000000001475,-0.6090000000000195,-0.710999999999995,-0.5609999999999982,-0.5039999999999978,-0.27300000000000324,0.5309999999999881,-0.34200000000002895,-0.06600000000000605,-0.2760000000000229,
0.20619999999999994,-0.38210000000000033,-0.6452,-1.0704000000000002,-1.3029000000000002,0.5998999999999999,-0.6288,0.9251999999999994,-0.7305000000000001,0.40829999999999966,-0.6120000000000125,-0.16199999999999548,0.08099999999999774,-0.36000000000001364,-0.26100000000000456,-0.057000000000000384,0.8489999999999931,-0.3059999999999796,0.4320000000000057,0.3420000000000023,
0.18579999999999952,-0.3875000000000002,-0.6425000000000001,-1.0824000000000007,-1.3116000000000003,0.5979999999999999,-0.6005000000000003,0.915,-0.7161,0.41969999999999974,-0.8399999999999874,-0.359999999999987,-0.6810000000000116,-0.4499999999999904,-0.42599999999999305,0.27599999999999625,0.3449999999999953,-0.21600000000000286,0.026999999999990365,-0.023999999999997357,
0.15779999999999994,-0.39949999999999974,-0.6652000000000005,-1.0974000000000004,-1.3258,0.6071999999999997,-0.5890000000000004,0.9077999999999999,-0.7152000000000003,0.41889999999999983,0.10200000000000209,-0.12599999999999945,-0.14999999999997016,-0.1649999999999885,-0.33899999999998265,-0.2669999999999906,-0.4979999999999851,-0.2069999999999972,0.03000000000001002,0.15900000000000247,
0.1612,-0.4036999999999997,-0.6701999999999995,-1.1029,0.4107000000000003,0.5983,-0.6055999999999999,0.9009,-0.7142,1.3339999999999996,-0.5700000000000038,-0.5940000000000278,-0.49500000000001876,-0.5100000000000104,-0.732000000000026,-0.2910000000000146,0.33899999999998265,0.08999999999997677,-0.14100000000001778,0.09299999999999642,
0.14219999999999988,-0.42350000000000065,-0.6867000000000001,-1.1199000000000003,0.3862999999999994,0.5885999999999996,-0.5943000000000005,0.9038999999999993,-0.7189000000000005,1.3370999999999995,-0.6570000000000142,-0.9329999999999838,-0.4740000000000144,-0.8159999999999901,-0.5999999999999872,-0.12899999999999245,0.8310000000000084,-0.6419999999999693,0.4410000000000114,0.45000000000001705,
0.12029999999999941,-0.4546000000000001,-0.7025000000000006,-1.1471,0.36629999999999985,0.5842999999999998,-0.5666000000000002,0.8825000000000003,-0.7042000000000002,1.3521,0.7170000000000343,-0.026999999999990365,0.06300000000001305,-0.2699999999999836,0.02700000000001701,0.3449999999999953,0.9749999999999925,0.12299999999997979,0.6510000000000016,0.5939999999999745,
0.14420000000000055,-0.4554999999999998,-0.7004000000000001,-1.1560999999999995,0.3672000000000004,0.5957999999999997,-0.5341000000000005,0.8865999999999996,-0.6825000000000001,1.3718999999999992,-0.23700000000003385,-0.7500000000000107,-0.25800000000001155,-0.3330000000000233,-0.2310000000000212,0.4589999999999961,0.8699999999999974,0.3990000000000027,0.8969999999999878,1.3980000000000192,
0.13629999999999942,-0.48050000000000015,-0.7090000000000005,-1.1672000000000002,0.3594999999999997,0.6110999999999995,-0.5051000000000005,0.8998999999999997,-0.6526000000000005,1.4184999999999999,-0.354000000000001,-0.5729999999999968,-0.38399999999998435,-0.6000000000000139,-0.389999999999997,-0.7259999999999867,-0.6599999999999806,-0.708000000000002,-0.5519999999999925,-0.3449999999999953,
0.12449999999999939,-0.49960000000000004,-0.7218,-1.1872000000000007,0.3464999999999998,0.5869,-0.5270999999999999,0.8762999999999996,-0.6710000000000003,1.407,0.48900000000003274,0.6330000000000169,0.5039999999999978,0.4830000000000201,0.39300000000001667,0.31800000000000495,0.3029999999999866,0.26100000000000456,0.3240000000000176,0.13199999999998546,
0.14080000000000048,-0.4784999999999995,-0.7050000000000001,-1.1711,0.35960000000000036,0.5975000000000001,-0.5170000000000003,0.8849999999999998,-0.6601999999999997,1.4113999999999995,0.11099999999998111,-0.801000000000025,-0.746999999999991,-0.8220000000000027,-0.2820000000000089,-0.026999999999990365,0.4680000000000284,-0.19499999999997186,0.4619999999999891,0.9600000000000275,
0.14449999999999985,-0.5052000000000003,-0.7298999999999998,-1.1985000000000001,0.35020000000000007,0.5966000000000005,-0.5013999999999994,0.8785000000000007,-0.6448,1.4434000000000005,-0.5909999999999815,-1.529999999999978,-1.067999999999989,-1.6110000000000024,-0.2999999999999936,0.014999999999991687,0.8489999999999931,-0.1110000000000344,0.7709999999999884,1.6169999999999884,
0.12480000000000047,-0.5561999999999996,-0.7654999999999994,-1.2522000000000002,0.7590000000000003,0.5971000000000002,-0.47309999999999963,0.8747999999999996,-0.6191000000000004,-1.2721,0.2699999999999836,-0.4710000000000214,-0.28800000000002157,-0.4499999999999904,0.1529999999999898,0.39299999999999,0.8309999999999818,0.3540000000000276,0.5280000000000218,0.15000000000002345,
0.13379999999999992,-0.5719000000000003,-0.7751000000000001,-1.2671999999999999,0.7641,0.6101999999999999,-0.44540000000000024,0.8866000000000005,-0.6014999999999997,-1.2670999999999992,-0.39299999999999,-1.0799999999999876,-0.6840000000000046,-1.2420000000000098,-0.24299999999999322,-0.09900000000000908,-0.12899999999999245,-0.49200000000002575,-0.07800000000000473,-0.4830000000000201,
0.12070000000000025,-0.6078999999999999,-0.7979000000000003,-1.3086000000000002,0.7560000000000002,0.6068999999999996,-0.4497,0.8701999999999996,-0.6040999999999999,-1.2832,0.47099999999999476,-0.12299999999997979,-0.15899999999997583,-0.6359999999999832,0.03900000000001569,0.6000000000000139,0.779999999999994,0.7500000000000107,0.5309999999999881,0.5460000000000065,
0.13640000000000008,-0.6119999999999992,-0.8031999999999995,-1.3297999999999996,0.7573000000000008,0.6269,-0.4237000000000002,0.8952,-0.5864000000000003,-1.2649999999999997,0.41100000000000136,0.4139999999999677,0.17399999999999416,0.3149999999999853,0.5939999999999745,0.21300000000000985,0.2790000000000159,-0.2850000000000019,0.35700000000002063,0.36599999999999966,
0.15010000000000012,-0.5982000000000003,-0.7973999999999997,-1.3193000000000001,0.7770999999999999,0.6340000000000003,-0.41439999999999966,0.8856999999999999,-0.5744999999999996,-1.2527999999999997,-0.4349999999999987,-0.779999999999994,-1.0650000000000226,-1.1819999999999897,-0.21899999999999586,0.3029999999999866,0.7200000000000006,0.23099999999999454,0.779999999999994,0.18899999999998585,
0.13560000000000016,-0.6242000000000001,-0.8329000000000004,0.7698,-1.3586999999999998,0.6440999999999999,-0.39039999999999964,0.8933999999999997,-1.2465000000000002,-0.5484999999999998,0.12899999999999245,-0.6690000000000129,-1.3110000000000088,0.9269999999999978,-1.6950000000000198,2.6459999999999884,1.8989999999999974,1.7069999999999919,1.413000000000011,2.168999999999981,
-0.6465000000000005,0.1398999999999999,-0.8766000000000007,0.8007,-0.6208,-0.3270999999999997,0.7322999999999995,0.9502999999999995,-1.1993999999999998,-1.3340000000000005,-0.25199999999997225,-0.3089999999999993,-1.046999999999958,0.18600000000001948,-0.09000000000000341,0.26399999999999757,-0.17999999999998018,-0.6689999999999863,-0.36000000000001364,0.33000000000003027,
-0.6548999999999996,0.12959999999999994,-0.9114999999999993,0.8069000000000006,-0.6238000000000001,-0.3182999999999998,0.7263000000000002,0.9279999999999999,-1.2114000000000003,-1.3229999999999995,-0.6089999999999929,-0.3719999999999857,-0.9780000000000122,0.23699999999998056,-0.38099999999999135,2.0729999999999915,1.2779999999999792,1.2719999999999931,0.04499999999997506,1.079999999999961,
-0.6751999999999994,0.11720000000000041,-0.9440999999999997,-0.6364999999999998,0.8148,-0.2492000000000001,0.7688999999999995,0.9703999999999997,-1.2870000000000008,-1.209900000000001,0.026999999999990365,0.27899999999998926,-0.37799999999999834,0.3449999999999953,0.46500000000000874,0.8009999999999984,0.9690000000000065,0.23099999999999454,0.3540000000000276,0.024000000000050647,
-0.6742999999999997,0.12650000000000006,-0.9566999999999997,-0.625,0.8303000000000003,-0.22250000000000014,0.8011999999999997,0.9780999999999995,-1.2752,-1.2090999999999994,-0.31500000000001194,-0.11100000000000776,-0.378000000000025,-0.22500000000000853,-0.2970000000000006,0.011999999999998678,0.2940000000000076,-0.023999999999997357,-0.1499999999999968,-0.1890000000000125,
-0.6848000000000001,0.1227999999999998,-0.9693000000000005,-0.6325000000000003,0.8204000000000002,-0.2221000000000002,0.8109999999999999,0.9772999999999996,-1.2801999999999998,-1.2153999999999998,-0.5909999999999815,-0.2549999999999919,-0.78599999999998,0.01800000000001134,0.3420000000000023,1.4040000000000052,0.9960000000000235,1.5060000000000073,1.3020000000000032,0.22800000000000153,
-0.7044999999999995,0.11430000000000007,-0.6318999999999999,-0.9954999999999998,0.8318000000000003,-0.1753,0.8442000000000007,-1.2367999999999997,1.0274999999999999,-1.2077999999999998,-1.2930000000000241,-0.36000000000001364,0.33299999999999663,-1.941000000000006,1.1969999999999814,2.8020000000000245,3.0869999999999997,2.6099999999999923,2.54100000000002,1.7219999999999835,
-0.7476000000000003,0.10229999999999961,-0.6208,0.8716999999999997,-1.0602,-0.0818999999999992,0.9471000000000007,-1.1498,-1.1504000000000003,1.1122000000000005,-1.5750000000000064,-1.031999999999993,-0.2850000000000019,0.0,-0.9240000000000048,0.15599999999998282,0.24899999999997924,0.08099999999999774,-0.8219999999999761,0.4049999999999887,
-0.8001000000000005,0.06789999999999985,-0.6303000000000001,0.8716999999999997,-1.0910000000000002,-0.07669999999999977,0.9554,-1.1471,-1.1777999999999995,1.1257000000000001,-1.2869999999999848,-0.5879999999999885,-0.5159999999999965,0.06300000000001305,-1.4280000000000026,0.4649999999999821,0.8879999999999821,0.8939999999999682,0.4349999999999721,1.2329999999999774,
-0.843,0.04830000000000023,-0.6475,0.8738000000000001,-1.1386000000000003,-0.061200000000000365,0.9849999999999994,-1.117300000000001,-1.1633000000000004,1.1667999999999994,-1.172999999999984,-1.1040000000000116,-0.22800000000000153,0.3390000000000093,-0.5999999999999872,0.8880000000000088,0.8400000000000141,0.8520000000000394,0.6300000000000239,1.4910000000000156,
-0.8820999999999994,0.011499999999999844,-0.6551,0.8851000000000004,0.047699999999999854,-0.03160000000000007,1.013,-1.0888999999999998,-1.1422999999999996,1.6016000000000004,-0.07200000000001872,0.15900000000000247,0.017999999999984695,-0.03000000000001002,-0.27599999999999625,0.5489999999999995,0.4919999999999991,0.5699999999999772,0.13799999999997148,0.13499999999997847,
-0.8845000000000001,0.016799999999999926,-0.6545000000000005,0.8841000000000001,0.03849999999999998,-0.01330000000000009,1.0293999999999999,-1.0699000000000005,-1.1377000000000006,1.6060999999999996,-1.388999999999987,-0.746999999999991,-0.6749999999999723,0.354000000000001,-1.5990000000000038,0.43199999999997907,0.12899999999999245,0.702000000000016,0.2970000000000006,-1.485000000000003,
-0.9307999999999996,-0.008099999999999774,-0.6769999999999996,0.8959000000000001,-0.014800000000000146,0.0010999999999992127,1.0336999999999996,-1.0465,-1.1278000000000006,1.5565999999999995,-3.2640000000000136,-1.7760000000000176,-1.1760000000000304,-0.09000000000000341,-3.8220000000000187,0.8640000000000114,-1.1579999999999924,1.004999999999976,0.021000000000030994,-1.872000000000007,
-0.06730000000000036,-1.0396,-0.7162000000000006,0.8929,-0.14220000000000077,0.9950999999999999,0.029899999999999594,-1.0130000000000008,-1.1270999999999995,1.4941999999999993,-0.8519999999999861,-0.7589999999999897,-0.8099999999999774,0.0420000000000087,-2.8679999999999772,-0.4139999999999944,-0.36599999999999966,0.5729999999999968,-0.0840000000000174,-1.034999999999986,
-0.0956999999999999,-1.0648999999999997,-0.7431999999999999,0.8943000000000003,-0.2378,0.9813000000000001,0.017699999999999605,-0.9939000000000009,-1.1299000000000001,1.4596999999999998,-0.45300000000001006,-0.5970000000000208,-1.0020000000000095,0.38399999999998435,-1.6380000000000194,-0.47399999999998776,0.24600000000001288,0.5550000000000388,0.2940000000000076,0.5040000000000244,
-0.11080000000000023,-1.0848000000000004,-0.7766000000000002,0.9070999999999998,-0.29240000000000066,0.9655000000000005,0.025900000000000034,-0.9753999999999996,-1.1200999999999999,1.4765000000000006,-0.21300000000000985,-1.457999999999986,-0.17399999999999416,0.014999999999991687,-2.0399999999999885,-0.7770000000000277,-0.8699999999999974,-0.4019999999999957,-0.3660000000000263,-0.36000000000001364,
-0.11790000000000056,-1.1334,-0.7824,0.9075999999999995,-0.3604000000000003,0.9395999999999995,-0.0030999999999998806,-0.9887999999999995,-1.1323000000000008,1.4645000000000001,2.6645352591003757E-14,-0.24900000000000588,-0.32699999999998397,-0.25199999999997225,-0.10199999999997544,-0.0629999999999864,-0.5580000000000052,-0.4920000000000524,-0.37799999999999834,-0.18300000000002647,
-0.11789999999999967,-1.1417000000000002,-0.7932999999999995,0.8992000000000004,-0.36379999999999946,0.9375,-0.021700000000000053,-1.0052000000000012,-1.1449000000000007,1.4583999999999993,-1.1850000000000094,-1.3140000000000018,-0.771000000000015,0.06899999999997242,-2.139000000000024,-1.3469999999999782,-0.8009999999999984,-0.6179999999999719,-0.020999999999977703,0.024000000000024002,
-0.15739999999999998,-1.1855000000000002,-0.819,0.9014999999999995,-0.43510000000000026,0.8926000000000007,-0.0484,-1.0258000000000003,-1.1456,1.4592,0.22500000000000853,-0.9989999999999899,-0.708000000000002,0.6510000000000282,-1.9949999999999868,-1.05900000000001,-1.2479999999999958,-1.3319999999999865,0.43799999999999173,0.5520000000000191,
-0.1498999999999997,-1.2187999999999999,-0.8426,0.9232000000000005,-0.5015999999999998,0.8573000000000004,-0.08999999999999986,-1.0701999999999998,-1.1310000000000002,1.4776000000000007,-0.6630000000000003,-0.9689999999999799,-1.2149999999999928,-0.18000000000000682,-2.2559999999999913,-1.6770000000000085,-2.5590000000000046,-2.333999999999996,-1.4429999999999943,-2.5049999999999972,
-0.1719999999999997,-1.2510999999999992,-0.8830999999999998,0.9172000000000002,-0.5767999999999995,0.8014000000000001,-0.1753,-1.1479999999999997,-1.1791,1.3941000000000008,-0.1740000000000208,-0.5250000000000021,-0.37500000000000533,0.22800000000000153,-1.233000000000004,-0.5519999999999925,-1.029,-0.6570000000000142,0.23399999999998755,-1.4190000000000236,
-0.1778000000000004,-1.2685999999999993,-0.8956,-0.6178999999999997,0.9248000000000003,0.7830000000000004,-0.2096,-1.1699000000000002,1.3468,-1.1713000000000005,-0.3059999999999796,-0.5609999999999982,-0.5370000000000008,-1.1129999999999907,0.2370000000000072,-1.2450000000000028,-1.6589999999999971,-1.4009999999999856,-2.69099999999999,-0.72599999999996,
-0.18799999999999972,-1.2872999999999992,-0.6549999999999994,0.9327000000000005,-0.9135,0.7415000000000003,-0.2648999999999999,1.2571000000000003,-1.1954999999999991,-1.2165999999999997,0.00900000000000567,-0.408000000000035,0.02100000000000435,-0.33299999999999663,-0.1499999999999968,-0.48299999999999343,-0.4919999999999991,-0.5550000000000122,-0.6570000000000409,-0.4440000000000044,
-0.18769999999999953,-1.3009000000000004,-0.6542999999999992,0.9216000000000006,-0.9184999999999999,0.7254000000000005,-0.2812999999999999,1.2386,-1.2174000000000005,-1.2313999999999998,-0.5580000000000052,-1.0740000000000016,-1.7790000000000106,-0.3090000000000259,-0.9450000000000092,-0.6540000000000212,-0.9989999999999899,-2.7420000000000044,-0.03599999999996939,-0.9510000000000218,
-0.2062999999999997,-0.7135999999999996,-1.3367000000000004,0.9112999999999998,-0.9500000000000002,0.7035999999999998,1.1471999999999998,-0.31459999999999955,-1.2185999999999995,-1.2631000000000006,0.011999999999972033,-1.0290000000000266,-0.35699999999996734,0.8310000000000084,0.43199999999997907,-1.1909999999999954,-5.459999999999985,-2.970000000000006,-0.3480000000000416,-1.8270000000000053,
-0.20590000000000064,-0.7479000000000005,-1.3485999999999994,0.9390000000000001,-0.9356000000000009,0.6638999999999999,0.9652000000000003,-0.41359999999999975,-1.2302000000000008,-1.3240000000000007,0.3089999999999993,-1.4999999999999947,-0.24900000000000588,0.09899999999998244,0.18000000000000682,-0.17100000000000115,-2.0640000000000125,-0.22800000000000153,0.5670000000000375,-0.16799999999995485,
-0.19560000000000066,-0.7979000000000003,-1.3568999999999996,0.9422999999999995,-0.9296000000000006,0.6581999999999999,0.8963999999999999,-0.4211999999999998,-1.2112999999999996,-1.3295999999999992,0.24000000000002686,-0.03299999999997638,-0.023999999999997357,0.3330000000000233,0.6480000000000352,-0.4169999999999874,-2.1599999999999753,-1.385999999999994,-0.14399999999998414,-0.22800000000000153,
-0.18759999999999977,-0.7989999999999995,-1.3576999999999995,0.9534000000000002,-0.9079999999999995,0.6443000000000003,0.8244000000000007,-0.4673999999999996,-1.216099999999999,-1.3371999999999993,0.22499999999998188,-1.4580000000000393,0.1499999999999968,0.3479999999999883,0.3300000000000036,-0.24299999999999322,-1.3890000000000136,0.1470000000000038,0.2339999999999609,0.4410000000000114,
-0.18010000000000037,-0.8476000000000008,-1.3526999999999996,0.9649999999999999,-0.8969999999999994,0.6362000000000005,0.7781000000000002,-0.46249999999999947,-1.2083000000000004,-1.322499999999999,0.24900000000000588,0.5940000000000278,-0.21899999999999586,0.3240000000000176,0.46800000000000175,0.5189999999999628,-0.31500000000001194,0.05699999999997374,0.02700000000001701,-0.08700000000003705,
-0.17180000000000017,-0.8277999999999999,-1.3599999999999994,0.9758000000000004,-0.8813999999999993,0.6534999999999993,0.7675999999999998,-0.46060000000000034,-1.2073999999999998,-1.3254000000000001,0.771000000000015,-0.6389999999999763,0.5760000000000165,0.27899999999998926,0.5879999999999885,-0.4199999999999804,-0.6059999999999999,-0.2159999999999762,0.3300000000000036,0.6720000000000059,
-0.14609999999999967,-0.8490999999999991,-1.3407999999999989,0.9851000000000001,-0.8617999999999997,0.6395,0.7473999999999998,-0.46779999999999955,-1.1963999999999997,-1.303,0.7709999999999884,-0.21600000000005615,0.1889999999999592,1.0499999999999776,1.3199999999999878,0.9059999999999935,0.07200000000001872,1.2749999999999861,1.8630000000000013,2.9009999999999803,
-0.12040000000000006,-0.856300000000001,-1.3345000000000002,-0.8178000000000001,1.0200999999999993,0.6696999999999997,0.7498000000000005,-0.4253,-1.2063000000000006,-1.1342999999999996,0.7679999999999954,-2.465999999999955,-0.05999999999996675,0.5039999999999978,-0.03899999999998904,1.0080000000000222,0.14099999999999113,0.36000000000001364,1.1760000000000304,0.06899999999999906,
-0.09480000000000022,-0.9384999999999994,-1.3364999999999991,-0.8010000000000002,1.0187999999999997,0.7033000000000005,0.7545000000000002,-0.41329999999999956,-1.1670999999999996,-1.1319999999999997,0.14099999999999113,-0.4860000000000131,0.2819999999999556,0.746999999999991,0.5999999999999872,-0.6330000000000169,-0.8369999999999944,-0.7919999999999927,0.5700000000000038,-0.19199999999997885,
-0.09010000000000051,-0.9546999999999999,-0.7761000000000005,-1.3271000000000006,1.0387999999999993,0.6821999999999999,0.7266000000000004,-1.1480999999999995,-0.4396999999999993,-1.138399999999999,0.801000000000025,-0.8490000000000197,0.6360000000000365,-0.3149999999999853,0.3360000000000163,0.8850000000000158,-0.22800000000000153,1.3320000000000132,0.08399999999999075,0.743999999999998,
-0.06339999999999968,-0.9830000000000005,-0.7548999999999992,-1.3376000000000001,1.0499999999999998,0.7117000000000004,0.7190000000000003,-1.103699999999999,-0.4368999999999996,-1.113599999999999,-0.0420000000000087,-0.26100000000000456,-0.1920000000000055,0.09900000000000908,-0.12300000000000644,-0.20400000000003082,-0.12000000000001343,-0.11700000000004707,-0.06000000000002004,-0.15300000000001646,
-0.06479999999999997,-0.9917000000000007,-0.7612999999999994,-1.3342999999999998,1.0458999999999996,0.7048999999999994,0.7149999999999999,-1.1076000000000006,-0.4389000000000003,-1.1186999999999996,0.3420000000000023,-0.42899999999998606,0.42599999999999305,-0.4559999999999764,0.46500000000000874,0.743999999999998,-0.02100000000000435,1.3230000000000075,0.13500000000000512,0.6089999999999662,
-0.05339999999999989,-1.0060000000000002,-0.7470999999999997,-1.349499999999999,1.0614,0.7296999999999993,0.7142999999999997,-1.0635000000000003,-0.4344000000000001,-1.0984000000000007,0.2160000000000295,-1.184999999999956,-0.6719999999999793,-0.9720000000000262,-0.05399999999998073,0.7530000000000037,-1.446000000000014,1.260000000000021,-0.6480000000000086,1.0350000000000126,
-0.04619999999999891,-1.0454999999999988,-0.769499999999999,-1.3819,1.0596000000000005,0.7547999999999995,0.6660999999999992,-1.0214999999999996,-0.4560000000000004,-1.0639000000000003,0.18599999999993955,-1.521000000000079,-0.2610000000000312,-0.15000000000002345,-0.12900000000004574,0.41100000000000136,-1.202999999999994,0.5909999999999549,0.09599999999998943,0.36000000000001364,
-0.040000000000000924,-1.0962000000000014,-0.7782,-1.3869000000000007,1.055299999999999,0.7684999999999995,0.6259999999999994,-1.0018000000000011,-0.45280000000000076,-1.0518999999999998,0.2670000000000172,-0.047999999999994714,-0.3719999999999857,-0.13799999999999812,0.33000000000003027,0.705000000000009,0.03300000000000303,0.17100000000000115,-0.4229999999999734,0.5820000000000025,
-0.03110000000000035,-1.0978000000000012,-0.7905999999999995,-1.3915000000000006,1.0663,0.7919999999999998,0.6270999999999995,-0.9961000000000011,-0.46689999999999987,-1.0324999999999998,0.02100000000000435,-0.35999999999996035,-0.28800000000002157,-0.23099999999999454,-0.3990000000000027,0.3090000000000259,-0.4199999999999804,0.5280000000000218,0.6240000000000112,0.8819999999999961,
-0.030400000000000205,-0.8002000000000002,-1.1098,1.053,-1.3992000000000004,0.8023000000000007,-0.9785000000000004,0.6131000000000002,-1.0030999999999999,-0.4460999999999995,0.0029999999999930083,-0.011999999999972033,-0.0420000000000087,-0.08399999999999075,-0.0809999999999711,-0.03000000000001002,-0.6419999999999959,0.12300000000000644,-0.39899999999997604,-0.5520000000000191,
-0.030300000000000438,-1.1112000000000002,-0.8005999999999993,1.0502000000000002,-1.4018999999999995,0.8013000000000003,0.6172000000000004,-0.9999000000000002,-1.016399999999999,-0.46450000000000014,0.2970000000000006,-0.4709999999999681,0.384000000000011,0.09299999999999642,0.029999999999983373,0.8310000000000084,-0.36000000000001364,0.759000000000043,0.6929999999999836,0.6660000000000199,
-0.020400000000000418,-0.787799999999999,-1.1268999999999991,1.0533000000000001,-1.4009,0.8290000000000006,-0.9745999999999988,0.6052,-0.9932999999999996,-0.44229999999999947,0.19200000000003214,-0.44700000000002404,-0.9330000000000105,0.38099999999999135,1.2690000000000268,1.6199999999999815,1.4909999999999357,0.8369999999999944,1.7759999999999643,1.3739999999999686,
-0.013999999999999346,-0.8026999999999997,-1.1579999999999995,-1.3585999999999991,1.0659999999999998,0.883,-0.9249000000000009,0.6330999999999998,-0.3965000000000005,-0.9341000000000008,0.6810000000000116,0.9510000000000218,-0.5640000000000178,0.20100000000001117,0.29700000000002724,1.1070000000000046,0.2880000000000482,0.2670000000000172,1.0020000000000095,0.6299999999999972,
0.00870000000000104,-0.770999999999999,-1.1768,-1.3518999999999988,1.0759000000000007,0.9199000000000002,-0.9152999999999993,0.6420000000000003,-0.3631000000000002,-0.9131000000000009,0.023999999999944066,0.22499999999995524,-0.36599999999999966,0.6329999999999636,0.011999999999972033,-0.2910000000000146,0.011999999999972033,-0.414000000000021,-0.40500000000001535,-0.28199999999998226,
0.009499999999999176,-0.7635000000000005,-1.189,-1.3308,1.0762999999999998,0.9101999999999997,-0.9149000000000003,0.6281999999999996,-0.3766000000000007,-0.9225000000000003,0.1680000000000348,0.6690000000000396,-0.48599999999998644,0.7920000000000194,-0.026999999999990365,0.8670000000000044,0.710999999999995,0.387000000000004,1.2510000000000154,1.2869999999999848,
0.015100000000000335,-0.7411999999999992,-1.3043999999999993,-1.2051999999999996,1.0754000000000001,0.9390999999999998,-0.8912000000000004,-0.3349000000000002,0.6410999999999998,-0.8796000000000008,-0.1770000000000138,-0.19800000000001816,-0.3509999999999813,-0.23399999999998755,0.15000000000002345,-0.011999999999998678,0.14400000000003743,-0.07199999999999207,0.2670000000000172,-0.09899999999998244,
0.009199999999999875,-0.7477999999999998,-1.3160999999999987,-1.2129999999999992,1.080400000000001,0.9386999999999999,-0.8863999999999992,-0.33729999999999993,0.6500000000000004,-0.8829000000000002,-0.008999999999979025,0.029999999999983373,0.15299999999996317,-0.378000000000025,-0.3210000000000246,0.25800000000001155,0.5339999999999812,0.9930000000000039,-0.6390000000000029,0.40200000000002234,
0.008900000000000574,-0.7468000000000004,-1.311,-1.2256,1.0697,0.9473000000000003,-0.8685999999999998,-0.3041999999999998,0.6287000000000003,-0.8694999999999995,0.9149999999999459,1.3169999999999682,1.1909999999999954,-0.8820000000000228,0.2579999999999849,1.3709999999999756,2.1959999999999713,2.5409999999999933,1.205999999999987,2.174999999999967,
0.03939999999999877,-0.7029000000000014,-1.2713,1.0782999999999996,-1.2550000000000008,0.9929999999999994,-0.7954000000000008,-0.21950000000000003,-0.7970000000000006,0.6688999999999998,-0.4109999999999481,0.009000000000032315,0.07800000000003138,-0.7769999999999744,-1.2209999999999788,0.2340000000000142,0.8490000000000464,1.2929999999999975,0.24000000000002686,0.354000000000001,
0.0257000000000005,-0.7026000000000003,-1.268699999999999,1.0524000000000004,-1.2957,1.0008,-0.7670999999999992,-0.1764000000000001,-0.7889999999999997,0.6806999999999999,0.4229999999999734,0.3930000000000433,0.44999999999996376,0.09599999999998943,0.20100000000001117,1.3529999999999909,1.2449999999999495,1.1459999999999937,0.5639999999999912,1.0170000000000012,
-0.6894999999999989,0.03979999999999961,-1.2537000000000003,1.0556,-0.6609999999999996,-0.7256000000000009,1.0458999999999996,-0.13820000000000032,-0.7702,-1.2649,-0.14100000000004442,0.24900000000000588,-0.1259999999999728,-0.9060000000000201,0.5940000000000012,1.4790000000000436,1.3140000000000018,1.4759999999999973,0.12599999999999945,1.6589999999999971,
-0.6942000000000004,0.04809999999999981,-1.2578999999999994,1.0253999999999994,-0.6411999999999995,-0.6762999999999995,1.0896999999999997,-0.08900000000000041,-0.766,-1.2096,0.3479999999999883,0.14699999999997715,0.4739999999999611,0.3420000000000023,-0.378000000000025,-0.03600000000002268,-0.2669999999999906,-0.28199999999998226,0.6120000000000125,0.12299999999997979,
-0.6826000000000008,0.05299999999999905,-1.2421000000000006,1.0367999999999995,-0.6538000000000004,-0.6775000000000002,1.0808,-0.09839999999999982,-0.7455999999999996,-1.2055000000000007,1.2420000000000364,0.6720000000000326,1.172999999999984,0.3330000000000233,1.5090000000000003,2.063999999999986,1.1430000000000007,1.982999999999988,1.2029999999999674,2.0190000000000374,
-0.6411999999999995,0.07540000000000013,-1.2030000000000012,1.0479000000000003,-0.6035000000000004,-0.6087000000000007,1.1189,-0.03230000000000022,-0.7055000000000007,-1.1381999999999994,0.9569999999999546,0.5759999999999899,0.4800000000000004,-0.6060000000000265,1.9289999999999807,1.7010000000000325,1.7279999999999962,1.7160000000000242,2.400000000000002,2.9220000000000113,
-0.6093000000000011,-0.539200000000001,0.0945999999999998,-1.1870000000000012,1.0276999999999994,-0.5519999999999996,-1.040799999999999,1.1764999999999999,0.02490000000000059,-0.6255000000000006,0.8370000000000211,0.44100000000003803,0.49500000000001876,0.9480000000000288,-0.4229999999999734,0.8280000000000154,0.8849999999999891,0.36000000000001364,1.2299999999999844,0.5070000000000174,
-0.5814000000000004,-0.5244999999999997,-1.1554000000000002,1.0136000000000003,0.11110000000000042,-0.5243999999999991,-1.0112999999999994,0.06590000000000007,-0.6086,1.1885000000000003,0.14699999999997715,0.30899999999997263,-0.19800000000001816,-0.9870000000000445,-0.1320000000000121,0.4499999999999371,0.6539999999999946,0.23699999999998056,-0.2370000000000072,0.5189999999999895,
-0.5765000000000011,-0.5142000000000007,0.9806999999999988,-1.1620000000000008,0.10670000000000002,-0.5094000000000012,-0.9894999999999996,-0.6165000000000003,0.07379999999999942,1.2058,0.3390000000000093,0.4650000000000354,-0.24599999999995958,0.19500000000002515,0.008999999999979025,0.4650000000000354,0.6449999999999889,0.381000000000018,0.5730000000000235,-0.13799999999999812,
-0.5652000000000008,-0.4986999999999995,0.9725000000000001,-1.1555,0.10699999999999932,-0.4939,-0.968,-0.6037999999999997,0.0929000000000002,1.2012,0.0420000000000087,-0.03600000000002268,-0.36000000000001364,0.14099999999999113,0.045000000000001705,0.09299999999999642,-0.03900000000001569,0.047999999999994714,0.26399999999999757,0.18299999999999983,
-0.5638000000000005,-0.49990000000000023,0.9604999999999997,-1.1508000000000003,0.10849999999999937,-0.4908000000000001,-0.9693000000000005,-0.6021999999999998,0.10170000000000012,1.2073,0.6150000000000055,0.28500000000002856,0.015000000000018332,0.24900000000000588,-0.13199999999995882,0.8369999999999944,0.7470000000000443,0.356999999999994,0.2069999999999972,0.0840000000000174,
-0.5433000000000003,-0.4903999999999993,0.9610000000000003,-1.1425,0.10410000000000075,-0.4629000000000003,-0.944399999999999,-0.5903,0.10860000000000003,1.2101000000000006,0.9030000000000271,0.49800000000001177,-1.4639999999999986,-0.008999999999979025,-0.2910000000000146,0.8670000000000044,1.5359999999999374,1.3379999999999725,-0.1770000000000138,-0.3600000000000403,
-0.5131999999999994,-0.4737999999999989,0.9122000000000003,-1.1427999999999994,-1.0000999999999998,-0.43400000000000016,-0.8932000000000011,-0.545700000000001,0.10269999999999957,-0.6414,0.32699999999998397,0.2069999999999972,-0.6899999999999906,0.0059999999999860165,0.4619999999999891,0.6840000000000046,0.2160000000000295,-0.35699999999996734,-0.11100000000000776,-0.09000000000000341,
-0.5023,-0.466899999999999,0.8892000000000007,-1.1425999999999998,0.09019999999999939,-0.4112,-0.8860000000000001,-0.5575999999999999,0.09899999999999931,1.1707,1.2809999999999988,0.9389999999999432,-0.3420000000000023,0.23699999999998056,0.2670000000000172,1.3560000000000105,0.9419999999999895,0.9899999999999842,0.20700000000002383,0.11699999999999378,
-0.4596,-0.4356000000000009,0.8778000000000006,-1.1347000000000005,-0.9643999999999995,-0.36599999999999966,-0.8546000000000005,-0.5246000000000004,0.1059000000000001,-0.6155999999999997,0.2879999999999683,0.5850000000000222,-0.5430000000000135,0.39900000000002933,0.39299999999999,1.2179999999999858,1.0470000000000113,0.44700000000002404,0.21899999999999586,0.5489999999999995,
-0.45000000000000107,-0.41610000000000014,0.8597000000000001,-0.9512999999999998,-1.1213999999999995,-0.32540000000000013,-0.8197000000000001,-0.5096999999999996,-0.5972999999999997,0.11319999999999997,0.0,-0.4139999999999944,0.011999999999972033,-0.3330000000000233,-0.030000000000036664,-0.389999999999997,-0.4320000000000057,-0.389999999999997,-0.4710000000000214,-0.3119999999999923,
-0.45000000000000107,-0.42989999999999995,0.8600999999999992,-1.1224000000000007,-0.9624000000000006,-0.33840000000000003,-0.8341000000000003,-0.5226999999999995,0.10280000000000022,-0.6130000000000004,0.2160000000000295,0.32399999999999096,-1.106999999999978,-0.11099999999995447,0.5400000000000205,0.5160000000000231,0.2580000000000382,-0.09599999999998943,-0.36599999999999966,0.18600000000004613,
-0.4428000000000001,-0.41910000000000025,0.8231999999999999,-0.9443999999999999,-1.1260999999999992,-0.32119999999999926,-0.825499999999999,-0.5258999999999991,-0.6067999999999989,0.09060000000000024,1.4250000000000362,0.825000000000049,-1.2570000000000014,1.3140000000000285,1.2780000000000058,1.7759999999999643,2.072999999999965,0.2489999999999526,1.2569999999999482,0.8129999999999704,
-0.3952999999999989,-0.3915999999999986,0.7812999999999999,-0.900599999999999,-1.083499999999999,-0.26200000000000045,-0.7564000000000002,-0.5176000000000007,-0.5649000000000006,0.11769999999999925,-0.33000000000003027,0.28199999999998226,-0.5700000000000038,0.5909999999999549,-0.3480000000000416,0.045000000000001705,0.2400000000000002,-0.4139999999999677,0.20099999999998452,-0.7049999999999823,
-0.4062999999999999,-0.3821999999999992,0.7622999999999998,-0.8809000000000005,-1.0951000000000004,-0.2605000000000004,-0.7484000000000002,-0.5313999999999997,-0.5582000000000011,0.09419999999999984,0.2910000000000146,0.07199999999999207,-1.2179999999999858,0.2610000000000312,-0.2670000000000172,0.6660000000000199,0.6360000000000365,-0.351000000000008,0.5820000000000558,-0.17999999999998018,
-0.3965999999999994,-0.37979999999999947,0.7217000000000002,-0.8721999999999994,-1.104000000000001,-0.23829999999999973,-0.727199999999999,-0.5430999999999999,-0.5387999999999993,0.0882000000000005,0.0059999999999860165,0.1709999999999745,-0.22200000000001552,0.5519999999999925,0.40500000000001535,0.4979999999999851,0.722999999999967,0.1290000000000191,0.8999999999999808,-0.07800000000000473,
-0.39639999999999986,-0.3741000000000003,0.7142999999999997,-0.8537999999999997,-1.0905000000000005,-0.22170000000000023,-0.7031000000000001,-0.5387999999999993,-0.5087999999999999,0.08560000000000034,-0.22200000000001552,-0.27000000000001023,-0.2099999999999902,0.026999999999990365,-0.1649999999999885,0.387000000000004,0.0420000000000087,0.22799999999994824,-0.05700000000002703,0.47399999999998776,
-0.4038000000000004,-0.38310000000000066,0.7073,-0.8529,-1.096,-0.2088000000000001,-0.7016999999999998,-0.531200000000001,-0.5107000000000008,0.10139999999999993,0.5189999999999628,0.07799999999997809,-0.435000000000052,0.5129999999999768,-0.1680000000000348,0.4890000000000061,1.0829999999999806,0.15600000000000946,0.8430000000000071,0.06600000000000605,
-0.3865000000000016,-0.3805000000000014,0.6927999999999983,-0.8358000000000008,-1.1016000000000012,-0.1924999999999999,-0.6656000000000004,-0.5260000000000007,-0.4826000000000006,0.10360000000000014,-0.7679999999999154,0.15600000000006276,-2.0009999999999195,0.6810000000000649,0.15300000000006975,1.092000000000013,1.0860000000000003,0.04500000000002835,1.2960000000000438,0.11699999999999378,
-0.4120999999999988,-0.3752999999999993,0.626100000000001,-0.8130999999999986,-1.096499999999999,-0.15609999999999946,-0.6294000000000004,-0.5244999999999997,-0.4393999999999991,0.10749999999999993,-0.05400000000003402,-0.015000000000018332,-1.0470000000000113,0.15299999999996317,-0.8910000000000018,0.09299999999996977,0.5879999999999885,0.19799999999999152,0.5489999999999728,0.2069999999999972,
-0.41389999999999993,-0.3757999999999999,0.5912000000000006,-0.8079999999999998,0.08329999999999949,-0.15300000000000047,-0.6098000000000008,-0.5179,-0.42110000000000003,1.1075,0.24599999999995958,0.23999999999997357,-0.8700000000000507,0.5309999999999881,-0.14399999999998414,0.8640000000000114,0.3930000000000433,0.31800000000000495,1.3260000000000005,0.014999999999991687,
-0.4057000000000013,-0.3678000000000008,0.5621999999999989,-0.7903000000000002,0.07850000000000001,-0.12420000000000009,-0.5966999999999993,-0.5072999999999999,-0.3769,1.1079999999999997,-0.026999999999990365,0.05400000000003402,-0.779999999999994,0.5820000000000292,0.18000000000000682,0.735000000000019,0.9600000000000009,0.2670000000000172,0.8850000000000158,0.6210000000000182,
-0.40660000000000096,-0.36599999999999966,0.5361999999999991,-0.7708999999999993,-1.0967000000000002,-0.09969999999999946,-0.5646999999999993,-0.4983999999999993,-0.3473999999999995,0.15059999999999985,-0.11699999999994048,0.0059999999999860165,0.012000000000025324,0.03900000000001569,0.012000000000025324,-0.20100000000001117,-0.1470000000000038,-0.1560000000000361,-0.10500000000002174,-0.1529999999999898,
-0.410499999999999,-0.3658000000000001,0.5366,-0.7695999999999987,-1.0962999999999994,-0.10639999999999983,-0.5695999999999994,-0.5036000000000005,-0.3509000000000002,0.14550000000000018,0.0029999999999397176,0.2639999999999709,-0.6780000000000186,0.5249999999999488,0.23399999999998755,0.4290000000000127,0.21300000000000985,-0.23999999999994692,0.5160000000000231,-0.1079999999999881,
-0.410400000000001,-0.3570000000000011,0.5139999999999993,-0.7521000000000004,-1.0884999999999998,-0.0920999999999994,-0.5624999999999991,-0.5115999999999987,-0.33369999999999944,0.14190000000000058,-0.18000000000000682,0.5039999999999978,-0.9959999999999702,0.15000000000002345,0.1679999999999815,0.7919999999999927,0.40499999999996206,-0.23700000000003385,0.4799999999999738,0.4499999999999904,
-0.4164000000000012,-0.34020000000000117,0.48080000000000034,-0.7470999999999997,0.05940000000000012,-0.06569999999999965,-0.5490000000000004,-0.5194999999999999,-0.3177000000000003,1.0670000000000002,-0.281999999999929,0.6660000000000466,-0.5969999999999942,1.103999999999985,0.16199999999999548,0.6119999999999859,0.2850000000000019,0.06899999999997242,0.1049999999999951,0.43799999999999173,
-0.42579999999999885,-0.3179999999999996,0.46090000000000053,-0.7103000000000002,-1.0671,-0.04530000000000012,-0.5395000000000003,-0.5172000000000008,-0.3142000000000005,0.16159999999999997,0.05999999999996675,-0.45600000000000307,-0.6120000000000125,-0.9120000000000061,-0.7950000000000124,-0.047999999999994714,-0.02399999999997071,-0.6059999999999999,-0.017999999999984695,-0.32399999999999096,
-0.42379999999999995,-0.3331999999999997,0.4405000000000001,-0.7407000000000004,0.0539000000000005,-0.04689999999999994,-0.5402999999999993,-0.5374000000000008,-0.31479999999999997,1.0499,-0.012000000000025324,0.6390000000000029,0.1259999999999728,0.378000000000025,-0.2670000000000172,0.8220000000000027,0.25199999999997225,0.729000000000033,0.18600000000001948,0.16200000000002213,
-0.4242000000000008,-0.3118999999999996,0.4446999999999992,-0.7280999999999995,0.04499999999999993,-0.01949999999999985,-0.5319000000000003,-0.5130999999999997,-0.3085999999999993,1.0553000000000008,-0.5159999999999698,0.1770000000000138,-0.14099999999999113,0.19499999999997186,0.023999999999997357,0.13799999999999812,0.07200000000001872,-0.16500000000001513,-0.417000000000014,-0.30000000000002025,
-0.4413999999999998,-0.30599999999999916,0.4399999999999995,-0.7216000000000005,0.04579999999999984,-0.014899999999999913,-0.5294999999999996,-0.5186000000000002,-0.3224999999999998,1.0453000000000001,0.23700000000003385,-0.49800000000001177,-0.44699999999997075,-0.5579999999999785,-0.07799999999997809,-0.1529999999999898,-0.06900000000002571,0.07200000000001872,0.011999999999998678,-0.6150000000000055,
-0.43349999999999866,-0.32259999999999955,0.4251000000000005,-0.7401999999999997,0.04320000000000057,-0.019999999999999574,-0.5318000000000005,-0.5161999999999995,-0.32209999999999983,1.0248,-1.4010000000000389,0.1259999999999728,-0.375000000000032,0.06899999999999906,0.06899999999999906,1.7579999999999796,0.7530000000000303,0.25799999999995826,0.2129999999999832,-0.5370000000000008,
-0.48019999999999996,-0.31840000000000046,0.4125999999999994,-0.7378999999999998,0.04550000000000054,0.038599999999999746,-0.5066999999999995,-0.5076000000000009,-0.3150000000000004,1.0069,0.45600000000000307,0.4230000000000267,-0.14999999999997016,0.36300000000000665,0.389999999999997,0.5010000000000048,0.5399999999999938,-0.047999999999994714,-0.2579999999999849,-0.09000000000000341,
-0.46499999999999986,-0.30429999999999957,0.4076000000000004,-0.7257999999999996,0.05850000000000044,0.055299999999999905,-0.4886999999999997,-0.5092000000000008,-0.3235999999999999,1.0038999999999998,-0.6360000000000099,-0.15300000000001646,-0.15000000000002345,0.0,-0.31500000000001194,0.782999999999987,0.5489999999999728,-0.19799999999999152,0.24899999999997924,-0.33599999999998964,
-0.4862000000000002,-0.3094000000000001,0.4025999999999996,-0.7257999999999996,0.04800000000000004,0.08139999999999947,-0.4704000000000006,-0.5158000000000005,-0.3153000000000006,0.9927000000000001,-0.24300000000001987,0.4649999999999821,-0.11699999999999378,0.24599999999995958,0.4619999999999891,1.1819999999999897,0.7919999999999927,0.5879999999999885,0.7260000000000133,0.7889999999999731,
-0.49430000000000085,-0.2939000000000007,0.39869999999999983,-0.7176000000000009,0.06339999999999968,0.12079999999999913,-0.44400000000000084,-0.49620000000000086,-0.29110000000000014,1.0189999999999992,0.5580000000000318,0.13800000000005141,0.4680000000000284,0.22800000000005483,0.3900000000000503,-0.78599999999998,-0.7409999999999783,-0.7979999999999787,-0.8340000000000014,-1.1249999999999893,
-0.4756999999999998,-0.289299999999999,0.4143000000000008,-0.7099999999999991,0.07640000000000136,0.0945999999999998,-0.4687000000000001,-0.5228000000000002,-0.3189000000000002,0.9814999999999996,-0.2670000000000172,-0.012000000000078614,-0.6510000000000282,-0.3420000000000556,-0.4710000000000747,1.1130000000000173,0.40200000000002234,0.1890000000000125,0.6510000000000282,2.6645352591003757E-14,
-0.48460000000000036,-0.2897000000000016,0.39259999999999984,-0.7214000000000009,0.060699999999998866,0.13170000000000037,-0.45529999999999937,-0.5164999999999997,-0.29719999999999924,0.9815000000000005,-0.18899999999998585,0.3390000000000626,0.2069999999999972,0.5850000000000222,0.2670000000000172,1.0979999999999723,1.0349999999999593,-0.6059999999999999,1.0679999999999623,-0.40500000000001535,
-0.27839999999999954,-0.4908999999999999,0.39949999999999974,-0.7019000000000002,0.06959999999999944,-0.42080000000000073,0.16829999999999945,-0.5366999999999997,-0.2616000000000005,0.968,0.2519999999999989,-0.45000000000001705,-0.09000000000000341,0.20400000000000418,0.5070000000000441,-0.002999999999966363,-0.08399999999999075,-0.1260000000000261,-0.017999999999984695,-0.6030000000000069,
-0.2699999999999996,-0.5059000000000005,0.39649999999999963,-0.6951,0.08650000000000091,-0.4208999999999996,0.16549999999999976,-0.5409000000000006,-0.2622,0.9478999999999997,0.3719999999999857,0.2910000000000146,-0.15900000000000247,0.41100000000000136,-0.05400000000003402,0.7049999999999823,0.7860000000000067,0.17100000000000115,0.5789999999999829,0.18000000000000682,
-0.25760000000000005,-0.4962,0.39119999999999955,-0.6814,0.08469999999999978,-0.3974000000000002,0.19169999999999998,-0.5352000000000006,-0.24290000000000056,0.9539,0.22800000000000153,-0.07499999999998508,0.09600000000004272,0.4260000000000197,-0.2909999999999613,0.31800000000000495,0.22800000000000153,-0.1289999999999658,0.3360000000000163,-0.3059999999999796,
-0.25,-0.4986999999999995,0.39440000000000097,-0.6671999999999993,0.07500000000000107,-0.38680000000000003,0.19930000000000003,-0.5394999999999994,-0.23170000000000002,0.9437000000000006,0.1260000000000261,0.3059999999999796,0.3059999999999796,0.15900000000000247,0.5429999999999602,0.10200000000000209,-0.14099999999999113,-0.14100000000001778,0.12599999999999945,-0.03300000000002967,
-0.24579999999999913,-0.48850000000000016,0.4046000000000003,-0.6618999999999993,0.09309999999999974,-0.38339999999999996,0.19460000000000033,-0.5442,-0.22750000000000004,0.9425999999999997,0.32399999999993767,0.11400000000000077,0.08999999999995012,0.4709999999999681,-0.1770000000000138,0.6810000000000116,0.42300000000000004,0.2519999999999989,0.45000000000001705,0.20100000000001117,
-0.2350000000000012,-0.48470000000000013,0.40759999999999863,-0.6462000000000003,0.08719999999999928,-0.3606999999999996,0.20870000000000033,-0.5358,-0.21249999999999947,0.9493,-0.5339999999999812,-0.381000000000018,-1.0709999999999553,0.4349999999999987,-0.48899999999997945,-0.09300000000002306,-0.10800000000001475,-0.5220000000000091,0.14699999999997715,-0.4440000000000044,
-0.2528000000000006,-0.49740000000000073,-0.6317000000000004,0.3719000000000001,0.07089999999999996,-0.36380000000000035,0.20509999999999984,-0.20760000000000023,-0.5532000000000004,0.9344999999999999,0.24600000000001288,0.6300000000000239,-0.026999999999990365,0.17399999999996751,0.008999999999979025,0.1079999999999881,-0.13500000000000512,0.0629999999999864,-0.1920000000000055,-0.389999999999997,
-0.24460000000000015,-0.47639999999999993,-0.6326,0.37769999999999904,0.07119999999999926,-0.36020000000000074,0.20059999999999967,-0.20550000000000068,-0.5596000000000005,0.9215,-0.2190000000000225,-0.4320000000000057,-0.16199999999999548,-0.5069999999999908,-0.3360000000000163,-0.5249999999999755,-0.2099999999999902,-0.7409999999999783,-0.7649999999999757,-0.4860000000000131,
-0.2519000000000009,-0.4908000000000001,-0.6379999999999999,0.36079999999999934,0.05999999999999872,-0.3776999999999999,0.1936,-0.23019999999999996,-0.5850999999999997,0.9052999999999995,-0.7739999999999547,-0.05399999999998073,0.2580000000000382,-0.27299999999994995,-0.4679999999999218,-0.07800000000000473,-0.29099999999998793,-0.45600000000000307,-0.48899999999997945,-0.7709999999999884,
-0.2776999999999994,-0.4925999999999995,-0.6293999999999986,0.351700000000001,0.04440000000000133,-0.3803000000000001,0.1839000000000004,-0.24540000000000006,-0.601399999999999,0.8795999999999999,0.13199999999995882,-0.14400000000003743,-0.1800000000000601,-0.14100000000004442,0.011999999999972033,0.15600000000000946,-0.014999999999991687,0.15600000000000946,0.0809999999999711,0.12000000000001343,
-0.27330000000000076,-0.49740000000000073,-0.6354000000000006,0.34699999999999953,0.044800000000000395,-0.37509999999999977,0.18340000000000067,-0.24019999999999975,-0.5987,0.8836000000000004,-0.2879999999999683,-0.329999999999977,0.20100000000001117,-0.2910000000000146,-0.3030000000000399,-0.5279999999999951,-0.3240000000000176,-0.6840000000000046,-0.6510000000000016,-0.7830000000000137,
-0.2828999999999997,-0.5084,-0.6287000000000003,0.33729999999999905,0.034699999999999065,-0.3926999999999996,0.1726000000000001,-0.2629999999999999,-0.6204000000000001,0.8574999999999999,-0.753000000000057,-0.9270000000000245,-0.6899999999999906,-0.9060000000000201,-1.4639999999999986,-2.1000000000000085,-1.5329999999999977,-1.806000000000001,-1.3980000000000192,-2.8890000000000082,
-0.5393000000000008,-0.3080000000000016,-0.6517,0.3070999999999984,-0.01410000000000089,0.12150000000000016,-0.4626999999999999,-0.32319999999999993,-0.6670000000000007,0.7611999999999997,-0.2609999999999779,0.15000000000007674,0.14099999999999113,-0.3689999999999394,-0.23399999999993426,-1.0680000000000156,-1.05900000000001,-1.166999999999998,-1.0229999999999873,-1.2239999999999984,
-0.548,-0.30299999999999905,-0.0218999999999987,-0.6470000000000002,0.2948000000000004,0.08589999999999964,-0.4980000000000002,0.7203999999999997,-0.36209999999999987,-0.7011000000000003,-0.01800000000001134,0.014999999999965041,-0.3510000000000346,0.029999999999983373,-0.009000000000032315,-0.9389999999999965,-0.9239999999999782,-1.5809999999999924,-0.6749999999999989,-0.8159999999999901,
-0.5486000000000004,-0.3025000000000002,-0.03359999999999985,-0.6460000000000008,0.2944999999999993,0.05459999999999976,-0.5287999999999995,0.6677,-0.38459999999999983,-0.7283,0.03600000000002268,-0.045000000000001705,-0.2129999999999832,-0.2639999999999709,-0.2519999999999456,-0.5069999999999908,-0.17399999999999416,-0.37799999999999834,-0.39599999999998303,-0.3089999999999993,
-0.5473999999999997,-0.30400000000000027,-0.04069999999999929,-0.6547999999999998,0.28610000000000113,0.03770000000000007,-0.5345999999999993,0.6551,-0.39779999999999927,-0.7385999999999999,0.11699999999999378,-0.10499999999996845,0.11400000000000077,-0.05699999999997374,-0.03900000000001569,-0.09899999999998244,-0.09900000000000908,-0.31800000000000495,-0.14100000000001778,0.1320000000000121,
-0.5434999999999999,-0.3074999999999992,-0.03689999999999927,-0.656699999999999,0.2848000000000006,0.03440000000000065,-0.5378999999999996,0.6444999999999999,-0.40249999999999986,-0.7341999999999995,0.2549999999999919,0.6299999999999706,0.389999999999997,0.7469999999999644,0.5579999999999785,-0.3660000000000263,0.07799999999997809,-1.0769999999999946,-0.13500000000000512,-0.20100000000001117,
-0.5350000000000001,-0.2865000000000002,-0.023899999999999366,-0.6318000000000001,0.3033999999999999,0.022199999999999775,-0.5353000000000003,0.6086,-0.40700000000000003,-0.7408999999999999,-0.27000000000001023,-0.18899999999998585,-0.1770000000000138,0.27599999999999625,0.18899999999998585,-0.49800000000001177,-0.1649999999999885,-1.1370000000000147,0.23399999999998755,0.5339999999999812,
-0.5440000000000005,-0.029799999999999827,-0.2927999999999997,-0.6226000000000003,0.3096999999999994,0.005599999999999383,0.5706999999999995,-0.5408,-0.39920000000000044,-0.7231000000000005,0.7890000000000263,0.5670000000000108,1.1070000000000313,0.8190000000000097,0.6780000000000186,-0.5729999999999702,-0.6239999999999846,-0.08099999999999774,-0.16199999999999548,-0.017999999999984695,
-0.5176999999999996,-0.010899999999999466,-0.2558999999999987,-0.5952999999999999,-0.39639999999999986,-0.013499999999999623,0.5499,-0.5434999999999999,-0.4046000000000003,0.6322000000000001,-0.6450000000000422,0.23699999999998056,-0.29100000000006787,-0.06600000000000605,-0.01800000000001134,0.26399999999999757,0.22800000000000153,0.48299999999999343,0.9420000000000162,0.5220000000000091,
-0.539200000000001,-0.0030000000000001137,-0.26560000000000095,-0.5975000000000001,-0.39700000000000024,-0.004699999999999704,0.5575000000000001,-0.5274000000000001,-0.37319999999999975,0.6496000000000004,0.378000000000025,0.20100000000001117,0.831000000000035,0.5069999999999908,0.5099999999999838,-0.26399999999999757,-0.5370000000000008,0.3420000000000023,0.18599999999999284,-0.4469999999999974,
-0.5266000000000002,0.0037000000000002586,-0.23789999999999978,-0.5806000000000004,-0.3800000000000008,-0.013499999999999623,0.5396000000000001,-0.516,-0.367,0.6347000000000005,0.06900000000005235,-0.3390000000000093,0.10200000000002873,0.009000000000032315,0.03600000000002268,-0.4680000000000284,-0.6480000000000086,-0.6360000000000099,-0.3960000000000097,-0.48900000000003274,
-0.007600000000000051,-0.5242999999999984,-0.23449999999999882,-0.5802999999999994,-0.3788,0.5179999999999998,-0.02910000000000057,-0.5372000000000003,-0.3802000000000003,0.6183999999999994,0.8580000000000254,0.49499999999996547,0.6119999999999592,0.5250000000000021,0.6510000000000282,0.33899999999998265,0.4919999999999991,1.0740000000000016,0.8430000000000071,-0.023999999999997357,
-0.5077999999999996,0.021000000000000796,-0.21410000000000018,-0.5627999999999993,-0.3570999999999991,-0.0127000000000006,0.5292999999999992,-0.5014000000000003,-0.3521000000000001,0.6175999999999995,0.39299999999999,-0.09299999999999642,0.7530000000000037,0.23699999999998056,0.6869999999999976,-0.4979999999999851,-0.8819999999999695,0.8520000000000127,0.5670000000000108,-1.496999999999975,
-0.4946999999999999,0.017900000000000915,-0.18900000000000006,-0.5549,-0.33419999999999916,-0.029300000000000104,0.49990000000000023,-0.47299999999999986,-0.3331999999999997,0.5677000000000003,-0.36000000000001364,0.19199999999992556,0.0389999999999624,-0.003000000000046299,0.1199999999999335,-0.26399999999999757,-0.0420000000000087,0.38399999999998435,-0.0420000000000087,-0.6780000000000186,
-0.1877000000000013,0.024299999999998434,-0.5067000000000004,-0.3302000000000014,-0.5550000000000015,-0.4602000000000004,0.49849999999999994,-0.03810000000000002,0.5450999999999997,-0.3346,0.012000000000025324,0.5310000000000414,0.2910000000000146,0.28800000000002157,0.19800000000001816,0.21300000000000985,-0.38099999999999135,-0.05999999999999339,-0.008999999999979025,-0.011999999999998678,
0.041999999999999815,-0.18730000000000047,-0.4969999999999999,-0.32060000000000066,-0.5484000000000009,0.48580000000000023,-0.45310000000000006,-0.0400999999999998,0.5448000000000004,-0.33499999999999996,0.1260000000000261,0.3960000000000363,0.03600000000002268,0.5010000000000581,0.40200000000007563,-0.41100000000000136,0.7200000000000006,0.42300000000000004,-0.6840000000000046,0.46200000000001573,
-0.17409999999999926,0.046200000000000685,-0.49579999999999913,-0.3038999999999987,-0.5349999999999984,-0.42910000000000004,0.4721000000000002,-0.0259999999999998,0.5220000000000002,-0.31959999999999944,0.18000000000000682,0.14999999999997016,0.14999999999997016,-0.024000000000050647,-0.01800000000006463,0.3119999999999923,0.2099999999999902,0.2099999999999902,0.329999999999977,0.39899999999997604,
-0.16809999999999903,0.05119999999999969,-0.4908000000000001,-0.3047000000000004,-0.5356000000000005,-0.4187000000000003,0.47909999999999986,-0.019000000000000128,0.5329999999999995,-0.30630000000000024,-0.03300000000002967,-0.18299999999999983,-0.19500000000002515,-0.03600000000002268,0.06600000000000605,0.0840000000000174,-0.777000000000001,0.00900000000000567,-0.6959999999999766,-0.23699999999998056,
-0.16920000000000002,0.045099999999999696,-0.49730000000000096,-0.30590000000000117,-0.5334000000000003,-0.4158999999999997,0.4531999999999998,-0.01869999999999994,0.5098000000000003,-0.3141999999999996,0.3029999999999866,0.3360000000000163,-0.5129999999999768,-0.005999999999932726,-0.27599999999999625,0.6599999999999806,-0.9539999999999882,0.36899999999999267,-0.8699999999999974,0.27899999999998926,
-0.15910000000000046,0.05630000000000024,-0.5144000000000002,-0.30609999999999893,-0.5426000000000002,-0.39390000000000036,0.4214000000000002,-0.006400000000000183,0.48080000000000034,-0.30489999999999995,0.31500000000001194,0.2579999999999849,0.5880000000000152,0.5009999999999515,0.45600000000000307,0.15000000000002345,-0.356999999999994,0.702000000000016,0.5940000000000012,0.2970000000000006,
0.06489999999999974,-0.14860000000000007,-0.4947999999999997,-0.28940000000000055,-0.5274000000000001,0.4095000000000004,-0.3888999999999996,0.017000000000000348,0.5006000000000004,-0.29499999999999993,5.3290705182007514E-14,-0.16199999999999548,-0.40800000000000836,-0.18299999999994654,-0.3809999999999647,-0.5250000000000021,-0.09300000000002306,0.07499999999998508,-0.8400000000000141,-0.1920000000000055,
0.06490000000000151,-0.15399999999999991,-0.5084,-0.29549999999999876,-0.5400999999999989,0.39200000000000035,-0.39200000000000035,0.01949999999999985,0.4725999999999999,-0.3014000000000001,0.21899999999996922,-0.5400000000000205,-0.008999999999979025,0.5459999999999532,-0.20400000000005747,0.10200000000000209,0.6330000000000169,0.702000000000016,0.42300000000000004,0.39000000000002366,
0.07220000000000049,-0.1720000000000006,-0.5086999999999993,-0.2773000000000003,-0.5469000000000008,0.3954000000000004,-0.3708999999999998,0.04290000000000038,0.4866999999999999,-0.2883999999999993,0.24599999999995958,0.7290000000000063,0.1259999999999728,0.23099999999999454,0.22500000000000853,-0.16500000000001513,-0.21300000000000985,-0.19800000000001816,-0.2609999999999779,-0.13500000000000512,
0.08039999999999914,-0.1477000000000004,-0.5045000000000002,-0.2696000000000005,-0.5394000000000005,0.3898999999999999,-0.3780000000000001,0.03629999999999978,0.47800000000000065,-0.2928999999999995,-0.0809999999999711,-0.09599999999998943,-0.11099999999995447,-0.08699999999995711,-0.34799999999993503,-0.8129999999999971,-0.5399999999999938,-0.359999999999987,-0.6330000000000169,-0.3270000000000106,
0.0777000000000001,-0.15090000000000003,-0.5081999999999987,-0.2724999999999991,-0.5509999999999984,0.3628,-0.3959999999999999,0.02430000000000021,0.4569000000000001,-0.30379999999999985,-5.3290705182007514E-14,-0.006000000000039307,-0.1740000000000741,-0.06600000000005934,-0.9120000000000594,-0.8369999999999944,0.6150000000000055,0.4199999999999804,-0.3089999999999993,0.27300000000000324,
0.07769999999999833,-0.15110000000000134,-0.5140000000000011,-0.27470000000000105,-0.5814000000000004,0.3349000000000002,-0.3754999999999997,0.03829999999999956,0.4466000000000001,-0.29469999999999974,0.28500000000002856,-0.07199999999999207,-0.047999999999994714,0.4800000000000004,-0.22500000000000853,-0.24900000000000588,0.4619999999999891,0.17100000000000115,-0.00900000000000567,0.20399999999997753,
0.08719999999999928,-0.15350000000000108,-0.25870000000000104,-0.515600000000001,-0.5889000000000006,0.3266,-0.3601000000000001,0.4462999999999999,0.043999999999999595,-0.2879000000000005,-0.029999999999930083,0.01800000000006463,0.27900000000004255,-0.0809999999999711,-0.6179999999999453,-0.31800000000000495,-0.5609999999999982,-0.3270000000000106,0.0,-0.18299999999999983,
0.08620000000000161,-0.15289999999999893,-0.24939999999999962,-0.5183,0.46580000000000155,0.31599999999999984,-0.3788,0.43539999999999957,0.043999999999999595,-0.48380000000000045,-0.6720000000000326,-0.14099999999999113,-0.10199999999997544,-0.09599999999998943,-0.22200000000001552,0.00900000000000567,0.2099999999999902,-0.014999999999991687,-0.017999999999984695,0.4710000000000214,
0.06380000000000052,-0.15759999999999863,-0.2527999999999988,-0.5214999999999996,0.45840000000000103,0.3163,-0.37180000000000035,0.43489999999999984,0.043400000000000105,-0.46809999999999974,0.39299999999999,0.04799999999994142,0.22199999999996223,0.09299999999999642,0.026999999999990365,-0.3089999999999993,-0.4349999999999721,-0.23399999999998755,-0.2519999999999989,-0.2579999999999849,
0.07690000000000019,-0.15600000000000058,-0.24540000000000006,-0.5183999999999997,0.4593000000000007,0.30600000000000005,-0.3862999999999994,0.42710000000000026,0.03500000000000014,-0.47669999999999924,-0.03600000000002268,-0.2639999999999709,0.06899999999999906,-0.3029999999999866,0.0029999999999930083,0.47399999999998776,0.20699999999997054,0.11099999999998111,-0.05100000000001437,0.5339999999999812,
0.07569999999999943,-0.1647999999999996,-0.2431000000000001,-0.5284999999999993,0.4594000000000005,0.32179999999999964,-0.3794000000000004,0.4307999999999996,0.03329999999999966,-0.45889999999999986,0.06600000000000605,-0.09900000000003573,-0.387000000000004,-0.5490000000000528,0.13499999999995183,0.41100000000000136,0.4440000000000044,0.18600000000001948,-0.5250000000000021,0.746999999999991,
0.07789999999999964,-0.1681000000000008,-0.2560000000000002,-0.5468000000000011,0.46389999999999887,0.3354999999999997,-0.36460000000000026,0.4370000000000003,0.015799999999999592,-0.43400000000000016,0.07200000000004536,-0.24299999999996658,-0.026999999999990365,-0.0389999999999624,-0.10799999999996146,0.2400000000000002,-0.06600000000000605,0.23699999999998056,-0.03899999999998904,0.6630000000000003,
0.08030000000000115,-0.1761999999999997,-0.2568999999999999,-0.5480999999999998,0.46030000000000015,0.3434999999999997,-0.36680000000000046,0.44489999999999963,0.014499999999999957,-0.41190000000000015,-0.07500000000003837,0.3029999999999866,0.27599999999999625,-0.048000000000048004,0.2639999999999709,0.20400000000003082,-0.38699999999997736,-0.35399999999997434,-0.3179999999999783,0.31200000000001893,
0.07779999999999987,-0.16610000000000014,-0.24770000000000003,-0.5497000000000014,0.4690999999999992,0.3503000000000007,-0.3796999999999997,0.4331000000000005,0.0039000000000006807,-0.4014999999999995,-1.0740000000000016,-0.9900000000000375,-1.2750000000000128,-0.44099999999998474,-0.36899999999999267,-0.4290000000000127,0.12899999999999245,-0.2970000000000006,-0.31200000000001893,0.4890000000000061,
0.041999999999999815,-0.1991000000000014,-0.29020000000000046,-0.5644000000000009,0.45679999999999943,0.3360000000000003,-0.37539999999999996,0.42320000000000046,-0.00649999999999995,-0.3851999999999993,0.7860000000000333,0.24600000000006617,0.7500000000000107,0.5520000000000458,0.37200000000003897,0.13500000000000512,0.2850000000000019,-0.06600000000000605,0.2519999999999989,0.13199999999998546,
0.06820000000000093,-0.19089999999999918,-0.2652000000000001,-0.5459999999999994,0.4692000000000007,0.34050000000000047,-0.3658999999999999,0.42100000000000026,0.0019000000000000128,-0.3807999999999998,-0.16500000000004178,0.14999999999997016,-0.0870000000000104,-0.2970000000000006,0.15299999999996317,-0.06600000000000605,-0.15600000000000946,0.20099999999998452,-0.45600000000000307,0.5370000000000008,
0.06269999999999953,-0.18590000000000018,-0.26810000000000045,-0.5558999999999994,0.4742999999999995,0.33830000000000027,-0.3711000000000002,0.42769999999999975,-0.01330000000000009,-0.3628999999999998,0.15600000000000946,0.2579999999999849,-0.5700000000000038,-0.045000000000001705,0.4710000000000214,0.3179999999999783,-0.26399999999999757,-0.017999999999984695,-0.5340000000000078,1.562999999999981,
0.06789999999999985,-0.17730000000000068,-0.2871000000000006,-0.5573999999999995,0.4900000000000002,0.34889999999999954,-0.3799000000000001,0.42710000000000026,-0.03110000000000035,-0.3108000000000004,0.2069999999999972,0.6300000000000239,0.5310000000000414,0.24299999999996658,0.4169999999999874,0.2400000000000002,0.1470000000000038,0.22199999999998887,-0.24299999999999322,0.7319999999999993,
0.07479999999999976,-0.15629999999999988,-0.2693999999999992,-0.5493000000000006,0.5038999999999998,0.35689999999999955,-0.375,0.4344999999999999,-0.039200000000000124,-0.28640000000000043,0.09899999999998244,-0.3090000000000259,-0.5880000000000152,0.12300000000003308,0.2129999999999832,-0.22500000000000853,0.3449999999999953,-0.1949999999999985,-0.20400000000000418,0.5940000000000012,
0.07809999999999917,-0.16660000000000075,-0.2889999999999997,-0.5451999999999995,0.5109999999999992,0.34939999999999927,-0.36350000000000016,0.42799999999999994,-0.04600000000000026,-0.2666000000000004,0.375000000000032,0.3420000000000556,0.40800000000000836,0.09599999999998943,0.4320000000000057,0.408000000000035,-0.0629999999999864,-0.2099999999999902,-0.1079999999999881,0.9750000000000192,
0.09060000000000024,-0.1551999999999989,-0.2753999999999994,-0.5419999999999998,0.5253999999999994,0.36300000000000043,-0.3655999999999997,0.42100000000000026,-0.049599999999999866,-0.23409999999999975,0.2849999999999753,-0.3360000000000696,0.43799999999999173,-0.030000000000036664,-0.0420000000000087,-0.3330000000000233,0.42599999999999305,-0.49800000000001177,0.0420000000000087,-0.16199999999999548,
0.10009999999999941,-0.1664000000000012,-0.2607999999999997,-0.543000000000001,0.5239999999999991,0.35189999999999966,-0.35139999999999993,0.40439999999999987,-0.048199999999999577,-0.2394999999999996,0.32699999999998397,0.5250000000000021,-0.20100000000001117,0.40200000000002234,0.4710000000000214,1.0680000000000156,0.09299999999999642,0.5070000000000174,0.2970000000000006,1.2119999999999997,
-0.14890000000000114,0.11099999999999888,-0.26750000000000007,-0.5296000000000003,0.5396999999999998,-0.34830000000000005,0.3875000000000002,0.42130000000000045,-0.03829999999999956,-0.1990999999999996,0.05100000000004101,0.06600000000005934,-0.13799999999999812,0.23099999999999454,-0.06300000000001305,0.01800000000001134,0.47099999999999476,-0.2190000000000225,-1.125000000000016,1.1849999999999827,
-0.14719999999999978,0.11320000000000086,-0.2721,-0.5219000000000005,0.5375999999999994,-0.3476999999999997,0.4032,0.4139999999999997,-0.07580000000000009,-0.1596000000000002,0.6960000000000299,0.5010000000000048,0.16199999999999548,0.13800000000005141,0.5220000000000624,-1.8270000000000053,-0.2579999999999849,-0.5939999999999745,-0.5399999999999938,-0.24899999999997924,
0.12990000000000101,-0.12399999999999878,-0.26670000000000016,-0.5172999999999988,0.5550000000000015,0.3946000000000005,-0.40859999999999985,0.39420000000000055,-0.09379999999999988,-0.1678999999999995,-0.16500000000004178,-0.48600000000003973,-0.6120000000000125,-0.33000000000003027,-0.06900000000005235,-0.03900000000001569,0.7500000000000107,0.29699999999997395,-0.2669999999999906,0.5370000000000008,
-0.1402000000000001,0.12439999999999962,-0.2871000000000006,-0.5282999999999998,0.5526999999999997,-0.3835999999999995,0.3933,0.4040999999999997,-0.10269999999999957,-0.14999999999999947,-0.18299999999999983,0.18899999999998585,-0.6570000000000142,-1.0170000000000279,0.2940000000000076,-0.33900000000003594,0.3119999999999923,-0.01800000000001134,-0.33900000000003594,0.1889999999999592,
-0.1463000000000001,0.13069999999999915,-0.30900000000000105,-0.5622000000000007,0.5625,-0.3949000000000007,0.4036999999999997,0.4034999999999993,-0.11400000000000077,-0.14370000000000083,0.2190000000000225,-0.0809999999999711,0.4260000000000197,0.16500000000004178,0.2879999999999683,-0.2669999999999906,-0.26399999999999757,-0.38099999999999135,-0.3179999999999783,0.04500000000002835,
0.1280000000000001,-0.13899999999999935,-0.2948000000000004,-0.5566999999999993,0.5720999999999989,0.3948999999999998,-0.4038000000000004,0.3907999999999996,-0.12460000000000004,-0.14219999999999988,0.2940000000000076,0.18299999999999983,-0.30899999999997263,-0.7230000000000203,0.048000000000048004,-0.359999999999987,-0.05399999999998073,-0.329999999999977,-0.6810000000000116,-0.13500000000000512,
0.13780000000000037,-0.13289999999999935,-0.3050999999999995,0.5737000000000005,-0.5808,0.38290000000000024,-0.40559999999999974,0.37980000000000036,-0.14670000000000005,-0.14730000000000043,-0.11100000000000776,-0.6300000000000239,-0.4620000000000424,-0.378000000000025,-2.136000000000031,-0.5279999999999951,-1.6589999999999971,-0.6030000000000069,0.22200000000001552,-0.9209999999999852,
0.1341000000000001,-0.3205000000000009,-0.15390000000000015,0.5610999999999997,0.03229999999999933,0.3653000000000004,0.35970000000000013,-0.46089999999999964,-0.13929999999999954,0.6131000000000002,0.2069999999999972,-0.6329999999999636,0.1260000000000261,-0.5459999999999532,0.2580000000000382,0.09299999999996977,0.33899999999998265,-0.6420000000000226,0.0629999999999864,-0.2790000000000159,
0.14100000000000001,-0.3415999999999997,-0.14969999999999928,0.5429000000000013,0.0409000000000006,0.3683999999999994,0.37099999999999955,-0.4823000000000004,-0.1372,0.6037999999999997,0.6120000000000125,-0.19799999999996487,0.19199999999997885,-0.12000000000004007,0.3449999999999953,-0.38699999999997736,-0.8039999999999914,-0.741000000000005,-0.21300000000000985,-0.23399999999998755,
0.16140000000000043,-0.3481999999999985,-0.14329999999999998,0.5388999999999999,0.052400000000000446,0.35550000000000015,0.34419999999999984,-0.5070000000000006,-0.14430000000000032,0.5960000000000001,-0.06600000000005934,-0.3930000000000433,-0.6960000000000299,-0.5580000000000318,0.13799999999994483,-0.02700000000001701,-0.27300000000000324,0.16800000000000814,0.44099999999998474,0.3509999999999813,
0.15919999999999845,-0.36129999999999995,-0.16650000000000098,0.5202999999999989,0.05699999999999861,0.3545999999999996,0.33509999999999973,-0.5014000000000003,-0.12960000000000083,0.6076999999999995,0.41100000000005465,0.3960000000000363,0.5130000000000301,0.7110000000000483,0.3360000000000696,-0.07799999999997809,0.24300000000001987,-0.035999999999996035,0.03600000000002268,0.18300000000002647,
0.17290000000000028,-0.34809999999999874,-0.14939999999999998,0.5440000000000005,0.06820000000000093,0.3520000000000003,0.3432000000000004,-0.5026000000000002,-0.12840000000000007,0.6138000000000003,0.5189999999999628,0.05699999999992045,0.26999999999995694,0.06599999999995276,0.7169999999999277,0.1649999999999885,0.0629999999999864,0.035999999999996035,0.1649999999999885,0.05699999999997374,
0.19019999999999904,-0.3462000000000014,-0.1404000000000014,0.5461999999999989,0.09209999999999852,0.35749999999999993,0.34529999999999994,-0.5014000000000003,-0.12290000000000045,0.6156999999999995,0.5550000000000388,-0.722999999999967,0.09300000000004971,-0.20099999999995788,1.1340000000000217,-0.09600000000001607,0.6270000000000042,-0.1470000000000038,0.5069999999999908,0.8220000000000027,
0.20870000000000033,-0.3703000000000003,-0.13729999999999976,0.5395000000000003,0.12989999999999924,0.3542999999999994,0.3662000000000001,-0.5063000000000004,-0.10600000000000076,0.6430999999999996,0.22500000000000853,-0.09299999999999642,0.40500000000001535,0.44399999999997775,0.6660000000000466,0.18300000000002647,0.1499999999999968,-0.17100000000000115,0.2340000000000142,0.21300000000000985,
0.21620000000000061,-0.3734000000000002,-0.12379999999999924,0.5542999999999996,0.1521000000000008,0.3604000000000003,0.3712,-0.5120000000000005,-0.09820000000000029,0.6501999999999999,0.3749999999999787,-0.44699999999997075,-0.11700000000004707,-0.4259999999999664,0.2519999999999989,0.4469999999999974,0.16800000000000814,0.16200000000002213,0.09000000000003006,0.6180000000000252,
0.2286999999999999,-0.1277000000000008,-0.3882999999999992,0.5401000000000007,0.16050000000000075,0.3753000000000002,-0.5065999999999997,0.37680000000000025,-0.09519999999999929,0.6708000000000007,0.5100000000000371,0.14400000000003743,-0.3449999999999953,0.15000000000002345,0.9479999999999755,-0.5340000000000078,-0.8039999999999914,-0.2370000000000072,0.11999999999998678,0.057000000000000384,
0.24570000000000114,-0.39979999999999905,-0.12289999999999957,0.5451000000000015,0.19209999999999994,0.35749999999999993,0.3689,-0.5333999999999994,-0.09119999999999973,0.6727000000000007,0.662999999999947,0.4259999999999664,0.24599999999995958,0.4709999999999148,0.10199999999997544,0.7589999999999897,0.38099999999999135,0.4619999999999891,0.2729999999999766,0.36299999999998,
0.26779999999999937,-0.11470000000000091,-0.38560000000000016,0.5607999999999986,0.27749999999999986,0.3827999999999996,-0.5179999999999998,0.3815999999999997,-0.0821000000000005,-0.6422999999999996,-0.10799999999996146,0.02100000000000435,-0.3330000000000233,0.07500000000003837,-0.06000000000002004,-0.22199999999998887,-0.34800000000001496,0.10500000000002174,0.3720000000000123,0.4320000000000057,
0.26420000000000066,-0.11400000000000077,-0.39670000000000094,0.5632999999999999,0.2754999999999992,0.37539999999999996,-0.5296000000000003,0.38510000000000044,-0.0697000000000001,-0.6278999999999995,2.0429999999999815,0.5729999999999968,0.28800000000002157,0.9659999999999869,1.5809999999999924,0.7229999999999936,0.3360000000000163,1.6919999999999735,1.200000000000001,1.532999999999971,
0.33230000000000004,-0.09490000000000087,-0.3871000000000002,0.5954999999999995,0.32819999999999894,0.39949999999999974,-0.5183999999999997,0.44149999999999956,-0.02970000000000006,-0.5768000000000004,1.1760000000000304,0.6960000000000299,0.6000000000000405,0.7290000000000063,1.1820000000000697,-1.0439999999999916,-0.7500000000000107,-0.9059999999999935,-0.47099999999999476,-0.2069999999999972,
0.37150000000000105,-0.07169999999999987,-0.36709999999999887,0.6197999999999997,0.36760000000000126,0.3647,-0.5434000000000001,0.4112999999999998,-0.045399999999999885,-0.5837000000000003,0.008999999999925734,-0.3540000000000276,-0.6930000000000369,0.27000000000001023,-0.07800000000008467,0.19800000000001816,-0.23699999999998056,0.24300000000001987,0.5130000000000035,0.34500000000002196,
0.3717999999999986,-0.0835000000000008,-0.3902000000000001,0.6288,0.36499999999999844,0.37130000000000063,-0.5512999999999995,0.41940000000000044,-0.02829999999999977,-0.5721999999999996,0.9090000000000664,0.048000000000048004,-0.01799999999995805,0.5610000000000248,0.8640000000000647,-0.18299999999999983,-0.3270000000000106,-0.356999999999994,-0.2519999999999989,0.46500000000000874,
0.4021000000000008,-0.3907999999999987,-0.0818999999999992,0.6475000000000009,0.3938000000000006,0.36520000000000064,0.40750000000000064,-0.5621999999999998,-0.03669999999999973,-0.5566999999999993,-0.18600000000004613,-0.12300000000003308,-0.18900000000003914,-0.33000000000003027,-0.009000000000032315,0.21299999999995656,0.6059999999999732,0.2579999999999849,0.23999999999997357,0.40499999999996206,
0.39589999999999925,-0.0882000000000005,-0.3948999999999998,0.6364999999999998,0.3934999999999995,0.3722999999999992,-0.5536000000000003,0.42769999999999975,-0.028700000000000614,-0.5432000000000006,0.8460000000000534,0.1770000000000138,0.2609999999999779,0.8249999999999957,0.8580000000000254,0.06600000000000605,0.035999999999996035,0.21899999999999586,0.2970000000000006,0.4919999999999991,
-0.08230000000000004,0.42410000000000103,-0.38620000000000054,0.6639999999999997,0.42210000000000036,-0.5524000000000004,0.3744999999999994,0.4349999999999996,-0.018800000000000594,-0.5268000000000006,-0.06300000000001305,1.748999999999974,0.11100000000000776,1.6500000000000448,1.6109999999999758,-0.5639999999999912,-1.2179999999999858,-1.0409999999999986,0.4740000000000144,-0.2159999999999762,
-0.3825000000000003,-0.08440000000000047,0.48240000000000016,0.47579999999999956,0.7190000000000012,0.40029999999999966,-0.5712000000000002,0.33389999999999986,-0.5339999999999998,-0.0030000000000001137,-0.3869999999999507,0.05400000000003402,0.24300000000001987,0.3360000000000163,0.6810000000000116,0.06300000000001305,0.2850000000000019,-0.2879999999999949,0.2069999999999972,0.4260000000000197,
-0.39539999999999864,-0.08259999999999934,0.4905000000000008,0.4870000000000001,0.7417000000000016,0.4024000000000001,-0.5617000000000001,0.32430000000000003,-0.5270999999999999,0.011200000000000543,-0.12300000000003308,0.03599999999996939,0.9779999999999589,0.39899999999997604,0.49199999999997246,-0.8910000000000018,-0.708000000000002,-0.42599999999999305,0.37500000000000533,-0.24900000000003253,
-0.39949999999999974,-0.08140000000000036,0.5230999999999995,0.5002999999999993,0.7581000000000007,0.37270000000000003,-0.5853000000000002,0.31010000000000026,-0.5145999999999997,0.0028999999999994586,-0.2609999999999779,1.023000000000014,0.23100000000004783,0.7230000000000203,0.7950000000000124,0.746999999999991,-0.5760000000000165,-0.39000000000002366,0.2729999999999766,0.24300000000001987,
-0.408199999999999,-0.0472999999999999,0.530800000000001,0.5244,0.7846000000000011,0.39759999999999973,-0.6045000000000007,0.2970999999999995,-0.5055000000000005,0.01100000000000012,0.3449999999999953,0.31200000000001893,0.27599999999999625,0.39900000000002933,0.2579999999999849,-0.3209999999999713,-0.16799999999995485,-0.2699999999999836,0.03600000000002268,-0.12599999999999945,
-0.39669999999999916,-0.03689999999999927,0.5400000000000009,0.537700000000001,0.7932000000000006,0.3869000000000007,-0.6100999999999992,0.2881,-0.5042999999999997,0.006800000000000139,-0.9660000000000402,0.023999999999997357,0.30899999999997263,0.05699999999997374,0.6989999999999696,-0.4770000000000074,-0.7500000000000107,-0.24599999999998623,-0.17100000000000115,-0.37500000000000533,
-0.4289000000000005,0.5503,-0.036099999999999355,0.5396000000000001,0.8164999999999996,0.37100000000000044,0.2799000000000005,-0.6350999999999996,-0.5099999999999998,-0.005700000000000038,-1.3650000000000162,0.4199999999999804,0.7889999999999731,1.367999999999956,0.5789999999999829,-0.5340000000000078,-0.8940000000000214,-1.05900000000001,-0.1890000000000125,-1.2809999999999988,
-0.47440000000000104,0.5642999999999994,-0.009800000000000253,0.5851999999999986,0.835799999999999,0.3532000000000002,0.25009999999999977,-0.6703999999999999,-0.5163000000000002,-0.0484,-0.4319999999999524,-0.014999999999965041,0.1320000000000121,0.6660000000000466,0.3030000000000399,-0.37500000000000533,-0.6389999999999763,-0.16199999999999548,-0.06899999999997242,-0.8639999999