0.23000000000000043,0.5467000000000004,-0.3682999999999996,-0.3736999999999995,0.6787000000000001,-0.6071,-0.3853,0.6495000000000006,-0.6871,0.7892000000000001,0.4919999999999991,0.30600000000000627,0.2400000000000002,0.11099999999998111,0.8640000000000114,-0.27000000000001023,0.05400000000003402,-0.8460000000000001,-0.1770000000000138,-0.3119999999999923,
0.2464000000000004,0.5569000000000006,-0.3602999999999996,-0.3700000000000001,0.7075000000000005,-0.6161000000000003,-0.38349999999999884,0.6213000000000006,-0.6930000000000005,0.7788000000000004,0.2609999999999779,0.2129999999999832,-0.0660000000000327,-0.0029999999999930083,0.38999999999997037,0.29700000000002724,0.7139999999999613,0.09299999999996977,0.22800000000002818,-0.39900000000002933,
0.25509999999999966,0.5640000000000001,-0.3625000000000007,-0.3700999999999999,0.7204999999999995,-0.6061999999999994,-0.35970000000000013,0.6243999999999996,-0.6853999999999996,0.7654999999999994,-0.08099999999999774,0.06599999999997941,0.03300000000000303,-0.30000000000002025,0.32099999999999795,-0.27900000000004255,0.5010000000000048,-0.03899999999998904,-0.12300000000003308,-0.20699999999997054,
0.5661999999999994,0.25239999999999974,-0.3614000000000006,-0.38010000000000055,0.7311999999999994,-0.34299999999999997,-0.6155000000000008,0.6231,-0.6895000000000007,0.7586000000000004,0.30000000000002025,-0.09000000000000341,-0.14099999999999113,-0.3179999999999783,0.05700000000002703,0.13500000000003176,0.3300000000000569,0.11400000000000077,0.4380000000000184,0.27899999999998926,
0.24939999999999962,0.5762,-0.3661000000000003,-0.3906999999999998,0.7331000000000003,-0.6044999999999989,-0.3384999999999989,0.6269,-0.6749,0.7679,0.7140000000000146,-0.09000000000000341,0.13500000000000512,0.057000000000000384,0.48899999999997945,-0.15000000000002345,0.8159999999999634,0.10200000000000209,-0.05999999999996675,-0.04199999999998205,
0.5731999999999999,0.2732000000000001,-0.36160000000000014,-0.3887999999999998,0.7493999999999996,-0.31130000000000013,-0.6094999999999997,0.6303000000000001,-0.676899999999999,0.7665000000000006,0.5039999999999978,0.17999999999998018,-0.2069999999999972,-0.2850000000000019,1.202999999999994,1.545000000000023,-0.09900000000003573,-0.1320000000000121,-0.05400000000003402,-0.05400000000003402,
0.5899999999999999,0.27919999999999945,-0.36850000000000005,-0.3982999999999999,0.7894999999999994,-0.25979999999999936,-0.6128000000000009,0.6258999999999997,-0.6787000000000001,0.7646999999999995,0.4740000000000144,0.6720000000000326,-0.09899999999998244,-0.5130000000000035,0.798000000000032,1.2839999999999918,0.09000000000000341,0.45000000000001705,0.2579999999999849,-0.18299999999997318,
0.6058000000000003,0.30160000000000053,-0.37179999999999946,-0.4154,0.8161000000000005,-0.21699999999999964,-0.6098000000000008,0.6409000000000002,-0.6701000000000006,0.7586000000000004,-0.11700000000002042,0.20699999999997054,0.25499999999996525,0.8069999999999844,0.4529999999999834,1.034999999999986,0.015000000000018332,-0.2370000000000072,0.14100000000004442,-0.22800000000000153,
0.6018999999999997,0.30849999999999955,-0.3633000000000006,-0.3885000000000005,0.8311999999999999,-0.1825000000000001,-0.6093000000000002,0.633,-0.6653999999999991,0.7510000000000003,0.37799999999999834,0.3119999999999923,0.21000000000001684,-0.39299999999999,0.42300000000000004,0.6869999999999976,-0.2190000000000225,-0.0840000000000174,-0.08700000000006369,-0.05100000000001437,
0.6144999999999996,0.3188999999999993,-0.35630000000000006,-0.4016000000000002,0.8452999999999999,-0.1596000000000002,-0.6166000000000009,0.6301999999999994,-0.6683000000000012,0.7492999999999999,0.25500000000001855,0.2190000000000225,-0.06599999999997941,0.2370000000000072,0.18299999999999983,0.08100000000002439,0.2430000000000465,0.07800000000003138,0.14400000000006408,-0.008999999999979025,
0.6230000000000002,0.32620000000000005,-0.3584999999999994,-0.39369999999999994,0.8513999999999999,-0.15689999999999937,-0.6084999999999994,0.6328000000000005,-0.6634999999999991,0.7490000000000006,0.13499999999997847,0.4979999999999851,0.19499999999997186,0.13799999999999812,0.5729999999999968,0.6539999999999946,-0.3360000000000163,-0.27300000000000324,-0.13799999999999812,-0.381000000000018,
0.6274999999999995,0.34279999999999955,-0.3520000000000003,-0.3891,0.8704999999999998,-0.13509999999999955,-0.6196999999999999,0.6237000000000004,-0.668099999999999,0.7363,0.7830000000000403,0.6660000000000199,-0.05099999999998772,0.09000000000000341,1.6680000000000295,2.1209999999999862,0.1470000000000038,0.1529999999999898,0.4529999999999834,0.20099999999998452,
0.6536000000000008,0.3650000000000002,-0.3536999999999999,-0.3860999999999999,-0.6202999999999994,-0.06440000000000001,-0.6147999999999998,0.6288,-0.6529999999999996,-0.9570999999999996,0.20999999999996355,0.5189999999999895,0.4139999999999944,0.3089999999999993,0.4139999999999677,0.5849999999999955,-0.10500000000002174,0.26399999999999757,0.24299999999996658,-0.05100000000004101,
0.6605999999999996,-0.3399000000000001,0.38229999999999986,-0.3757999999999999,-0.6065000000000005,-0.04490000000000016,0.6376,-0.6183000000000005,-0.6449000000000007,-0.958800000000001,0.4380000000000184,-0.18000000000000682,0.6749999999999989,0.4410000000000114,0.30600000000000627,0.705000000000009,-0.15600000000000946,-0.3479999999999617,-0.09599999999996278,-0.1049999999999951,
0.6752000000000002,-0.3459000000000003,-0.36109999999999953,0.4047999999999998,-0.5963000000000003,-0.021399999999999864,0.6323999999999996,-0.6480999999999995,-0.6298999999999992,-0.9623000000000008,0.42300000000000004,0.2370000000000072,0.04499999999997506,0.33299999999999663,0.3420000000000023,1.0139999999999816,0.15900000000000247,0.08699999999998376,-0.3330000000000499,-0.035999999999996035,
0.6893000000000002,-0.3380000000000001,-0.35960000000000036,0.4158999999999997,-0.5849000000000002,0.012399999999999523,0.6376999999999997,-0.6452,-0.6410000000000009,-0.9635000000000007,-0.17699999999998717,0.06900000000002571,0.34200000000002895,-0.17699999999998717,-0.2549999999999919,-0.20099999999998452,0.28800000000002157,0.4590000000000227,0.37800000000005163,-0.09599999999996278,
0.6834000000000007,-0.3481999999999994,-0.3356999999999992,0.41000000000000014,-0.5933999999999999,0.005700000000000038,-0.6298999999999992,0.6473000000000004,-0.6283999999999992,-0.9666999999999994,0.13499999999997847,-0.32700000000003726,-0.2310000000000212,0.44399999999997775,0.5879999999999885,0.810000000000004,-0.49200000000002575,0.011999999999998678,-0.4290000000000127,0.05399999999998073,
0.6879,-0.3433999999999999,-0.35910000000000064,0.4247999999999994,-0.5738000000000003,0.03270000000000017,0.6477000000000004,-0.6463000000000001,-0.6426999999999996,-0.9649000000000001,0.06000000000002004,-0.5370000000000008,0.804000000000018,0.6510000000000282,0.43500000000002537,1.4730000000000043,0.09899999999998244,0.03300000000000303,-0.3960000000000097,0.06900000000002571,
0.6899000000000006,-0.33230000000000004,-0.36129999999999995,0.44650000000000034,-0.5592999999999995,0.08180000000000032,-0.6452,0.6509999999999998,-0.6558999999999999,-0.9625999999999992,-0.04800000000002136,0.06600000000000605,-0.13500000000000512,0.3179999999999783,0.2849999999999753,0.5969999999999942,0.015000000000018332,-0.12300000000000644,-0.4290000000000127,-0.21000000000004349,
0.6882999999999999,-0.33009999999999984,-0.3658000000000001,0.4570999999999996,-0.5498000000000003,0.10170000000000012,-0.6446999999999994,0.6468999999999996,-0.6702000000000004,-0.9696000000000007,0.19800000000001816,0.36599999999999966,-0.710999999999995,0.3630000000000333,0.24300000000001987,0.4169999999999874,0.20699999999997054,-0.14699999999997715,-0.3149999999999853,-0.24599999999998623,
0.6949000000000005,-0.31789999999999985,-0.38949999999999996,0.4692000000000007,-0.5416999999999996,0.1155999999999997,-0.6378000000000004,0.6420000000000003,-0.6806999999999999,-0.9778000000000002,0.09000000000000341,0.06300000000001305,-0.5609999999999982,0.48899999999997945,0.0420000000000087,0.31800000000000495,-0.31800000000000495,0.08399999999999075,-0.27000000000001023,-0.41100000000000136,
0.6979000000000006,-0.3157999999999994,-0.4081999999999999,0.48550000000000004,-0.5402999999999993,0.12619999999999987,-0.6484000000000005,0.6448,-0.6897000000000002,-0.9915000000000003,0.03899999999998904,0.011999999999998678,0.13500000000000512,0.30000000000002025,0.20099999999998452,-0.5279999999999951,0.44700000000002404,0.011999999999998678,-0.03900000000001569,0.1710000000000278,
0.6992000000000003,-0.31539999999999946,-0.4036999999999997,0.4955000000000007,-0.5335999999999999,0.10860000000000003,-0.6334999999999997,0.6452,-0.6910000000000007,-0.9857999999999993,-0.0840000000000174,0.15899999999997583,-0.6989999999999963,0.29999999999996696,0.1649999999999885,0.4800000000000004,-0.2970000000000006,-0.09000000000000341,-0.5729999999999968,-0.18900000000003914,
0.6963999999999997,-0.31010000000000026,-0.4269999999999996,0.5054999999999996,-0.5281000000000002,0.12460000000000004,-0.6433999999999997,0.6421999999999999,-0.7101000000000006,-0.9921000000000006,-0.11699999999999378,0.5189999999999895,-1.224000000000025,0.6930000000000103,0.5489999999999995,0.389999999999997,-0.3180000000000316,-0.13199999999998546,-0.7349999999999657,-0.5099999999999572,
0.6924999999999999,-0.2928000000000006,-0.46780000000000044,0.5286,-0.5098000000000003,0.13759999999999994,-0.6540000000000008,0.6378000000000004,-0.7345999999999995,-1.0090999999999992,0.24299999999999322,0.30300000000001326,-0.708000000000002,0.7049999999999823,0.5999999999999872,0.32399999999999096,0.024000000000024002,-0.09600000000001607,-0.405000000000042,-0.21300000000000985,
-0.2827000000000002,0.7005999999999997,-0.4914000000000005,0.5520999999999994,-0.4898000000000007,-0.6532,0.14839999999999964,0.6345999999999998,-0.7481000000000009,-1.0161999999999995,0.1049999999999951,-0.4169999999999874,-0.9179999999999922,0.1740000000000208,0.13500000000000512,0.18000000000000682,-0.026999999999990365,-0.33599999999998964,-0.27599999999994296,-0.32399999999999096,
0.6867000000000001,-0.27920000000000034,-0.5220000000000002,0.5579000000000001,-0.4853000000000005,0.14749999999999996,-0.6471999999999998,0.6234000000000002,-0.757299999999999,-1.0269999999999992,0.02700000000001701,1.0350000000000126,-1.0499999999999776,0.5910000000000082,0.5880000000000152,-0.1079999999999881,0.12300000000000644,0.17100000000000115,-0.1560000000000361,-0.1079999999999881,
-0.24469999999999992,0.6876000000000007,-0.5569999999999995,0.5776000000000003,-0.4657,-0.6430999999999996,0.14390000000000036,0.6291000000000002,-0.7625000000000002,-1.0305999999999989,-0.8279999999999887,0.1499999999999968,0.20099999999998452,-0.14099999999999113,-0.05399999999998073,-0.34800000000001496,-0.021000000000030994,-0.012000000000025324,-0.035999999999996035,-0.0030000000000196536,
0.6926000000000005,-0.27229999999999954,-0.5503,0.5729000000000006,-0.46749999999999936,0.14319999999999933,-0.6547000000000001,0.6286999999999994,-0.7637,-1.0306999999999995,0.020999999999977703,0.8909999999999751,-0.741000000000005,0.7379999999999853,0.4619999999999891,0.006000000000039307,-0.09000000000000341,-0.5309999999999615,-0.5010000000000048,-0.3540000000000276,
-0.24260000000000037,0.6932999999999998,-0.5750000000000002,0.5975000000000001,-0.2514000000000003,-0.6577000000000002,0.14340000000000064,0.6110000000000007,-0.7804000000000002,1.1051000000000002,1.2960000000000171,0.08100000000002439,-1.8329999999999913,1.4610000000000056,0.03900000000001569,0.0660000000000327,0.07800000000000473,-1.158000000000019,-0.743999999999998,-0.30600000000000627,
-0.1993999999999998,0.6960000000000006,-0.6360999999999999,0.6462000000000003,-0.25009999999999977,-0.6554999999999991,0.1460000000000008,0.5724,-0.8052000000000001,1.0949,0.9029999999999738,-0.021000000000030994,-1.410000000000018,0.38699999999997736,-0.30600000000000627,0.19499999999994522,0.30299999999995997,-0.4919999999999991,-0.25200000000002554,0.2669999999999906,
-0.16930000000000067,0.6952999999999996,-0.6831000000000005,0.6590999999999996,-0.2603,-0.6490000000000009,0.15609999999999946,0.556,-0.813600000000001,1.1037999999999997,0.5880000000000152,0.16200000000002213,-1.2929999999999708,0.8940000000000214,0.03900000000001569,0.18299999999999983,-0.05099999999998772,-1.125000000000016,-0.1709999999999745,0.24299999999999322,
-0.14970000000000017,0.7007000000000003,-0.7261999999999995,0.6889000000000003,-0.3639999999999999,-0.6429000000000009,0.15439999999999987,0.5184999999999995,-0.8193000000000001,-1.075000000000001,0.389999999999997,0.5130000000000035,-0.2760000000000229,0.5999999999999872,0.7019999999999893,0.4680000000000284,0.24900000000000588,-0.5159999999999698,-0.09299999999999642,-0.0029999999999397176,
-0.13670000000000027,0.7178000000000004,-0.7354000000000003,0.7088999999999999,-0.34060000000000024,-0.6273,0.16270000000000007,0.5013000000000005,-0.8224,-1.075099999999999,-0.4079999999999817,0.09899999999998244,-0.2850000000000019,-0.011999999999998678,0.01800000000001134,-0.10800000000001475,-0.07800000000000473,-0.05400000000003402,-0.31500000000001194,-0.3330000000000233,
-0.15029999999999966,0.7210999999999999,-0.7449000000000003,0.7084999999999999,-0.2623999999999995,-0.6309000000000005,0.1600999999999999,0.4994999999999994,-0.8329000000000004,1.0971000000000002,0.5789999999999829,0.4019999999999957,-0.4769999999999808,0.6480000000000086,-0.1290000000000191,-0.0059999999999860165,-0.05999999999999339,-0.8309999999999818,-0.4649999999999821,0.14399999999998414,
-0.13100000000000023,0.7344999999999997,-0.7607999999999997,0.7301000000000002,-0.26670000000000016,-0.6311,0.15810000000000013,0.4718,-0.8483999999999998,1.1018999999999997,-0.38699999999997736,1.026000000000007,-0.7200000000000273,1.9290000000000074,-0.8579999999999988,-0.21000000000001684,-0.2699999999999836,-1.4489999999999803,-0.2820000000000089,-0.3209999999999713,
-0.14389999999999947,0.7686999999999999,-0.7848000000000006,-0.2953000000000001,-0.27059999999999995,-0.6381000000000006,0.14910000000000068,0.42350000000000065,1.0912000000000006,-1.127299999999999,0.10200000000000209,0.9210000000000118,0.021000000000030994,-0.8429999999999804,0.6539999999999946,-0.026999999999990365,0.5489999999999728,0.07799999999997809,0.9269999999999712,0.12299999999997979,
-0.1404999999999994,0.7994000000000003,-0.7840999999999996,-0.24880000000000013,-0.32339999999999947,-0.6390000000000002,0.16739999999999977,0.4260999999999999,-1.1231999999999998,1.1220999999999997,0.03299999999997638,1.2929999999999975,0.8429999999999804,1.2390000000000168,-0.012000000000025324,-0.6419999999999959,1.410000000000018,-0.708000000000002,0.24300000000001987,0.4440000000000044,
-0.1394000000000002,-0.7560000000000002,0.8425000000000002,-0.20749999999999957,-0.3238000000000003,-0.6604000000000001,0.40249999999999986,0.21440000000000037,-1.115099999999999,1.1368999999999998,-0.47099999999999476,0.29700000000002724,1.2420000000000098,0.7259999999999867,-0.04799999999996807,0.19500000000002515,-0.19199999999997885,0.777000000000001,0.13799999999999812,1.095000000000006,
-0.15510000000000002,-0.7460999999999993,0.8839000000000006,-0.18330000000000002,-0.32539999999999925,-0.6538999999999993,0.39610000000000056,0.2403000000000004,-1.1104999999999992,1.1734,0.2549999999999919,0.09899999999998244,0.12299999999997979,0.14399999999998414,0.36899999999999267,0.21899999999999586,0.2699999999999836,0.22499999999998188,0.16199999999996884,-0.06899999999999906,
-0.14660000000000029,-0.7427999999999999,0.8879999999999999,-0.17850000000000055,-0.3130999999999995,-0.6465999999999994,0.4051,0.2477999999999998,-1.1051000000000002,1.1711,-0.3719999999999857,0.6330000000000169,0.4740000000000144,0.4320000000000057,-0.31500000000001194,-0.05400000000003402,0.0029999999999930083,0.6779999999999919,0.36000000000001364,0.8729999999999905,
-0.1589999999999998,-0.7216999999999993,0.9038000000000004,-0.16410000000000036,-0.3235999999999999,-0.6484000000000005,0.4051999999999998,0.27039999999999953,-1.0930999999999997,1.2001999999999997,-0.4860000000000131,1.535999999999964,1.4459999999999873,1.449000000000007,0.46800000000000175,1.4880000000000226,0.5670000000000108,1.641000000000039,1.4640000000000253,0.7470000000000176,
-0.17520000000000024,-0.6705000000000005,0.952,-0.11580000000000013,-0.30799999999999983,-0.5987999999999998,0.42410000000000014,0.32510000000000083,-1.044299999999999,1.2251000000000003,-0.1770000000000138,0.6390000000000029,0.5159999999999965,0.6570000000000142,0.3390000000000093,0.06899999999997242,-0.8910000000000018,-0.021000000000030994,0.13199999999993217,-0.31800000000000495,
-0.1811000000000007,-0.6492000000000004,0.9691999999999998,-0.09389999999999965,-0.2966999999999995,-0.5965000000000007,0.3944000000000001,0.3243999999999998,-1.0399000000000012,1.2145000000000001,-0.4319999999999524,0.12000000000004007,0.04800000000002136,0.35700000000002063,0.2970000000000006,0.03300000000002967,-0.8399999999999874,-0.6329999999999902,0.2520000000000522,-1.3739999999999952,
-0.19549999999999912,-0.6451999999999991,0.9708000000000006,-0.08199999999999896,-0.2867999999999995,-0.5953999999999997,0.3664000000000005,0.3033000000000001,-1.0314999999999994,1.1687000000000003,0.2069999999999439,-0.1800000000000601,0.10499999999996845,0.3809999999999647,0.20099999999995788,0.43799999999999173,-0.9540000000000148,0.3749999999999787,0.5129999999999768,-0.6240000000000112,
-0.188600000000001,-0.6512000000000011,-0.06930000000000014,0.9742999999999995,-0.2801000000000009,-0.5808,0.3346,-1.0144000000000002,0.3157999999999994,1.1479,0.3390000000000093,0.4260000000000197,0.19199999999997885,0.15300000000001646,0.6270000000000309,0.3449999999999953,0.045000000000001705,0.20400000000000418,0.2310000000000212,0.00900000000000567,
-0.17730000000000068,-0.6370000000000005,-0.06290000000000084,0.9794,-0.2591999999999999,-0.5693000000000001,0.33610000000000007,-1.0076,0.3235000000000001,1.1482,0.1710000000000278,0.4290000000000127,0.702000000000016,0.20100000000001117,0.43799999999999173,0.27000000000001023,-1.3049999999999962,0.4680000000000284,-0.1470000000000038,-0.779999999999994,
-0.17159999999999975,-0.6227,-0.03950000000000031,0.9861000000000004,-0.24460000000000015,-0.5602999999999998,0.2926000000000002,-0.9919999999999991,0.3186,1.1222000000000003,-0.5489999999999995,-0.6899999999999906,0.5129999999999768,-0.31500000000001194,1.5690000000000204,2.423999999999973,-1.7910000000000093,1.9439999999999724,1.7370000000000019,0.18599999999999284,
-0.18989999999999974,-0.6456999999999997,-0.022400000000001086,0.9756,-0.19229999999999947,-0.4795000000000007,0.23289999999999988,-0.9272,0.37650000000000006,1.1284,0.05099999999998772,0.18899999999998585,0.2550000000000452,0.41100000000000136,0.9719999999999729,1.2210000000000054,-0.11999999999998678,1.3320000000000132,0.5399999999999938,1.0589999999999833,
-0.18820000000000014,-0.6394000000000002,-0.01389999999999958,0.9893000000000001,-0.15990000000000038,-0.4388000000000005,0.22890000000000033,-0.8827999999999996,0.39449999999999985,1.1636999999999995,0.23699999999998056,0.28199999999998226,0.6119999999999592,0.8819999999999695,1.031999999999993,0.702000000000016,-0.6630000000000269,0.020999999999951058,-0.0840000000000174,-0.6360000000000099,
-0.1803000000000008,-0.6300000000000008,0.006499999999999062,1.018699999999999,-0.1255000000000006,-0.4154,0.20679999999999943,-0.8821000000000012,0.39169999999999927,1.1424999999999992,-0.44699999999997075,-0.3479999999999883,-0.2639999999999709,-0.6119999999999592,0.27300000000000324,0.7620000000000093,-0.08099999999999774,0.3990000000000027,-0.2609999999999779,-0.035999999999996035,
-0.19519999999999982,-0.6416000000000004,-0.0022999999999999687,0.9983000000000004,-0.1164000000000005,-0.3899999999999997,0.2040999999999995,-0.8688000000000011,0.383,1.1412999999999993,0.19799999999996487,-0.03300000000002967,0.4169999999999874,-0.09600000000004272,0.27000000000001023,0.014999999999991687,-0.19799999999999152,0.2760000000000229,-0.17699999999998717,0.5520000000000191,
-0.188600000000001,-0.6427000000000014,0.01159999999999961,0.995099999999999,-0.10740000000000016,-0.38949999999999996,0.1974999999999998,-0.8596000000000004,0.37710000000000043,1.1597,-0.023999999999944066,0.01800000000006463,0.5100000000000371,-0.00899999999995238,0.5430000000000135,0.6180000000000252,0.2940000000000076,0.3210000000000246,-0.1290000000000191,-0.23099999999999454,
-0.18939999999999912,-0.6420999999999992,0.028600000000000847,0.9948000000000006,-0.08929999999999971,-0.3688999999999991,0.20730000000000004,-0.8488999999999995,0.3727999999999998,1.1520000000000001,-0.9300000000000175,-0.771000000000015,-0.5130000000000301,-0.2340000000000142,0.49199999999997246,-0.6570000000000142,-0.42300000000000004,-0.4200000000000337,-0.6720000000000059,0.1679999999999815,
-0.2203999999999997,-0.6677999999999997,0.011499999999999844,0.9870000000000001,-0.07290000000000063,-0.3907999999999996,0.19320000000000004,-0.8629000000000007,0.3503999999999996,1.1575999999999995,-1.2839999999999918,-0.9780000000000122,-0.7500000000000107,-0.5579999999999785,0.003000000000046299,-1.3769999999999882,-2.007000000000012,-1.1969999999999814,-1.8510000000000026,-1.5660000000000007,
-0.26319999999999943,-0.7004000000000001,-0.013500000000000512,0.9684000000000008,-0.07279999999999909,-0.4366999999999992,0.12629999999999963,-0.9028,0.2886999999999995,1.1053999999999995,0.728999999999953,0.4320000000000057,1.493999999999982,0.8069999999999844,0.9419999999999362,-0.6240000000000112,-0.3119999999999923,0.14100000000001778,-0.5909999999999815,0.11700000000002042,
-0.238900000000001,-0.6859999999999999,0.03629999999999889,0.9953000000000003,-0.041400000000001214,-0.4574999999999996,0.11589999999999989,-0.8980999999999995,0.26900000000000013,1.1093000000000002,-0.07799999999997809,0.9360000000000035,0.3090000000000259,0.5039999999999978,0.5370000000000275,-0.5880000000000418,-0.17399999999999416,-0.30300000000001326,-0.771000000000015,-0.11100000000000776,
-0.24150000000000027,-0.6547999999999998,0.04659999999999975,1.0121000000000002,-0.0235000000000003,-0.47710000000000097,0.11010000000000009,-0.9081999999999999,0.24329999999999963,1.1056,0.3930000000000433,0.015000000000018332,0.2190000000000225,-0.24600000000001288,0.23400000000004084,0.0660000000000327,-0.27300000000000324,-0.2279999999999749,-0.24899999999997924,0.2370000000000072,
-0.22839999999999883,-0.6542999999999992,0.0539000000000005,1.0038999999999998,-0.015699999999998937,-0.4748999999999999,0.10099999999999998,-0.9157999999999991,0.23500000000000032,1.1135000000000002,0.44399999999992446,0.014999999999965041,1.0109999999999886,0.44399999999997775,0.4979999999999585,0.5010000000000314,-0.09299999999999642,1.001999999999983,0.5880000000000152,0.8610000000000184,
-0.21360000000000134,-0.6538000000000004,0.08760000000000012,1.018699999999999,8.999999999996788E-4,-0.45819999999999883,0.0979000000000001,-0.8823999999999996,0.2546000000000008,1.1422000000000008,-0.20400000000000418,0.0839999999999641,-0.2550000000000452,-0.2879999999999683,0.17399999999996751,0.6299999999999439,0.1529999999999898,1.403999999999952,-0.6870000000000243,1.010999999999962,
-0.22040000000000148,-0.6510000000000016,0.07909999999999862,1.0091,0.006699999999998596,-0.4372000000000007,0.10299999999999976,-0.8356000000000012,0.23170000000000002,1.1758999999999995,-0.39299999999993673,-0.5909999999999549,0.37200000000003897,-0.2579999999999849,-0.2639999999999709,0.06300000000001305,0.5609999999999982,0.8700000000000507,0.33599999999998964,0.6779999999999919,
-0.23349999999999937,-0.6707000000000001,0.09149999999999991,1.0005000000000006,0.3470999999999993,-0.43510000000000026,0.1216999999999997,-0.8065999999999995,0.24289999999999967,-1.1319,-0.09000000000000341,0.2069999999999972,0.3479999999999883,-0.27599999999999625,0.3900000000000503,0.40500000000001535,0.11700000000002042,0.44099999999998474,-0.8669999999999778,0.8249999999999957,
-0.2364999999999995,-0.6638000000000002,0.10309999999999953,0.9913000000000007,0.360100000000001,-0.42159999999999975,0.12560000000000038,-0.7919,0.2140000000000004,-1.1044,-0.3390000000000093,-0.8130000000000237,0.015000000000018332,-0.1770000000000138,-0.06600000000000605,0.36899999999999267,0.19799999999999152,0.5850000000000222,0.0029999999999930083,0.4710000000000214,
-0.2477999999999998,-0.690900000000001,0.10360000000000014,0.9854000000000003,0.3579000000000008,-0.4093,0.1322000000000001,-0.7723999999999993,0.21410000000000018,-1.0886999999999993,0.45600000000000307,-0.06899999999999906,-0.07499999999998508,-0.5940000000000012,-0.015000000000018332,-0.4139999999999944,-0.026999999999990365,-0.02100000000000435,0.08099999999999774,-0.06600000000000605,
-0.2325999999999997,-0.6932000000000009,0.10110000000000063,0.9656000000000002,0.35740000000000016,-0.4230999999999998,0.13130000000000042,-0.7730999999999995,0.2168000000000001,-1.0908999999999995,-0.11400000000000077,0.07800000000003138,0.4290000000000127,0.3960000000000363,0.45000000000001705,0.45300000000001006,0.6329999999999902,0.8609999999999651,-0.5159999999999965,0.7980000000000054,
-0.23639999999999972,-0.6905999999999999,0.11540000000000106,0.9788000000000014,0.37240000000000073,-0.4079999999999995,0.1524000000000001,-0.7444000000000006,0.19960000000000022,-1.0642999999999994,-1.0740000000000016,-0.6419999999999959,0.389999999999997,-0.9930000000000305,0.2579999999999849,0.2970000000000006,0.9839999999999982,0.8489999999999931,-1.2720000000000198,1.034999999999986,
-0.2721999999999998,0.12840000000000096,-0.7119999999999997,0.9457000000000004,0.3810000000000002,-0.39809999999999945,-0.7161000000000008,0.18520000000000003,0.15719999999999956,-1.0297999999999998,0.5789999999999829,-0.06300000000001305,-0.6510000000000282,-0.5279999999999951,0.07799999999997809,0.10499999999996845,-0.06600000000000605,0.5759999999999899,-0.779999999999994,0.4800000000000004,
-0.25290000000000035,0.12630000000000052,-0.7337000000000007,0.9281000000000006,0.3835999999999995,-0.3946000000000005,-0.718300000000001,0.2043999999999997,0.13119999999999976,-1.0137999999999998,-0.1320000000000121,0.0059999999999860165,-0.029999999999983373,-0.5280000000000484,-0.09899999999998244,0.06000000000002004,-0.14399999999998414,0.5160000000000231,-1.2809999999999722,0.381000000000018,
-0.25730000000000075,0.12650000000000006,-0.7347000000000001,0.910499999999999,0.3803000000000001,-0.39259999999999984,-0.7231000000000005,0.22160000000000046,0.08850000000000069,-1.0010999999999992,-0.4229999999999734,0.11100000000000776,-0.7290000000000063,-0.8969999999999878,0.13799999999999812,-0.5189999999999895,-0.2850000000000019,0.3749999999999787,-1.194000000000015,0.3119999999999923,
-0.27139999999999986,0.13020000000000032,-0.7590000000000003,0.8805999999999994,0.3849,-0.4098999999999995,-0.7326000000000006,0.23409999999999975,0.04870000000000019,-0.9906999999999995,0.05999999999996675,-0.05100000000004101,-0.24300000000001987,0.045000000000001705,-0.07500000000003837,0.28199999999998226,0.14100000000004442,0.18000000000000682,-0.045000000000001705,0.07799999999997809,
-0.26940000000000097,0.12849999999999895,-0.767100000000001,0.8820999999999994,0.38239999999999874,-0.4005000000000001,-0.7278999999999991,0.24009999999999998,0.04720000000000013,-0.9881000000000002,-0.14099999999999113,-0.17999999999995353,-1.184999999999956,-1.3379999999999725,-0.2639999999999709,-0.22500000000000853,-0.22200000000001552,0.12599999999999945,-1.23899999999999,0.07800000000003138,
-0.2741000000000007,0.1225000000000005,0.8375000000000004,-0.8065999999999995,0.3735999999999997,-0.40800000000000036,-0.7352999999999996,0.00590000000000046,0.24429999999999996,-0.9854999999999992,0.2970000000000006,0.0839999999999641,-1.3260000000000538,-1.071000000000062,0.2129999999999832,-0.9839999999999982,-0.008999999999979025,-2.580000000000009,-0.09899999999998244,0.13199999999995882,
-0.26420000000000066,0.1252999999999993,0.7932999999999986,-0.8423000000000016,-0.8046000000000006,-0.4408000000000003,-0.7355999999999989,-0.08009999999999984,0.24100000000000055,-0.660099999999999,0.16199999999999548,-0.1710000000000278,-0.5579999999999785,-0.9089999999999598,0.22800000000000153,0.0,0.029999999999983373,-0.768000000000022,0.29099999999998793,1.493999999999982,
-0.2588000000000008,0.11959999999999837,0.7746999999999993,-0.8726000000000003,-0.7970000000000006,-0.4408000000000003,-0.7345999999999995,-0.10570000000000057,0.25070000000000014,-0.6102999999999996,0.4200000000000337,-0.04799999999994142,-0.6059999999999732,-0.7709999999999617,0.09600000000004272,-0.5849999999999689,-0.2970000000000006,-1.463999999999972,-0.3270000000000106,0.40499999999996206,
-0.24479999999999968,0.11800000000000033,0.7545000000000002,-0.898299999999999,0.019099999999999895,-0.46029999999999927,-0.7444999999999995,-0.15449999999999964,0.2397999999999998,0.9894999999999996,0.2670000000000172,0.11400000000000077,-0.5039999999999978,-0.831000000000035,0.44700000000002404,0.5790000000000095,0.1470000000000038,-0.17100000000000115,0.2670000000000172,-0.47099999999999476,
-0.2358999999999991,0.12180000000000035,0.7377000000000002,-0.9260000000000002,-0.7883999999999993,-0.44099999999999895,-0.7395999999999994,-0.16019999999999968,0.24870000000000037,-0.5559999999999992,0.1619999999999422,-0.048000000000048004,0.0029999999999930083,-0.35700000000002063,-0.1320000000000121,0.17699999999996052,0.4259999999999664,0.1079999999999881,0.17699999999998717,0.3449999999999953,
-0.23050000000000104,0.12019999999999875,0.7378,-0.7927999999999997,-0.9379000000000008,-0.43510000000000026,-0.7254000000000005,-0.15660000000000007,-0.5444999999999993,0.25459999999999994,-0.32099999999994466,0.3480000000000416,-0.36599999999999966,0.40200000000002234,-0.656999999999961,0.1649999999999885,-0.1649999999999885,-0.38099999999999135,0.6449999999999889,-0.15600000000000946,
-0.2411999999999992,0.13180000000000014,0.7256,-0.779399999999999,0.04669999999999952,-0.42960000000000065,-0.7309000000000001,-0.16929999999999978,-0.5229999999999997,0.9627999999999997,0.6780000000000186,0.19800000000001816,0.27900000000004255,0.9029999999999738,0.4830000000000467,-0.029999999999983373,0.1499999999999968,-1.1160000000000103,0.9450000000000092,-2.1389999999999976,
-0.21859999999999857,0.13840000000000074,0.7349000000000014,0.06280000000000108,-0.7492999999999999,-0.4306000000000001,-0.7259000000000002,-0.20650000000000013,0.8914999999999997,-0.4914999999999994,0.31499999999995865,0.17399999999996751,-0.3480000000000416,0.06599999999995276,0.5489999999999462,-0.023999999999997357,0.26100000000000456,0.1649999999999885,-0.8910000000000018,1.2389999999999635,
-0.20809999999999995,0.14419999999999966,0.7233,-0.7310000000000016,0.0649999999999995,-0.4314,-0.7172000000000001,-0.2010000000000005,-0.4502000000000006,0.8617999999999997,0.1770000000000138,-0.36300000000000665,-0.09599999999998943,0.45300000000006335,-0.05699999999997374,1.1520000000000064,0.6869999999999976,0.06899999999999906,1.443000000000021,-1.1430000000000007,
-0.2021999999999995,0.13209999999999944,0.7201000000000004,-0.7158999999999995,0.06310000000000038,-0.3929999999999998,-0.6943000000000001,-0.19870000000000054,-0.4020999999999999,0.8236999999999997,0.44399999999997775,-0.0389999999999624,0.41100000000000136,0.8339999999999748,0.7500000000000107,-0.03300000000000303,-0.2760000000000229,-0.5639999999999912,0.9179999999999922,-0.8670000000000044,
-0.18740000000000023,0.1308000000000007,0.7338000000000005,-0.6881000000000004,0.08810000000000073,-0.3940999999999999,-0.7035000000000009,-0.21750000000000025,-0.37150000000000016,0.7947999999999995,-0.20100000000001117,0.09899999999998244,-0.27899999999998926,-0.09299999999999642,-0.378000000000025,-0.5849999999999955,-0.21899999999994257,-0.2699999999999836,-0.5279999999999951,-0.5669999999999842,
-0.1941000000000006,0.1341000000000001,0.7245000000000008,0.0754999999999999,-0.6912000000000003,-0.41359999999999975,-0.710799999999999,-0.2264999999999997,0.7759,-0.3891,-0.31799999999995165,-0.2940000000000076,-0.387000000000004,0.11700000000004707,0.7350000000000456,0.5789999999999829,0.16199999999996884,0.44399999999997775,-0.6360000000000099,1.3949999999999996,
-0.204699999999999,0.12429999999999986,0.7116000000000007,-0.6666999999999987,0.07940000000000147,-0.3943000000000003,-0.7054,-0.21170000000000044,-0.3426,0.7546999999999997,0.36599999999999966,0.0420000000000087,-0.35399999999997434,1.6920000000000002,-0.27000000000001023,0.006000000000012662,-0.414000000000021,-0.5579999999999785,1.449000000000007,-2.02799999999999,
-0.192499999999999,-0.6102999999999987,0.07040000000000113,0.12570000000000014,0.6998000000000015,-0.3940999999999999,-0.2942999999999998,0.6871,-0.7192000000000007,-0.23029999999999973,-0.24600000000001288,0.023999999999944066,-0.702000000000016,-0.389999999999997,-0.3060000000000329,0.6030000000000069,1.0469999999999846,-0.5220000000000091,-0.029999999999983373,0.359999999999987,
-0.20069999999999943,-0.6095000000000006,0.0470000000000006,0.6896000000000004,0.11270000000000024,-0.37399999999999967,-0.2594000000000003,0.6696999999999997,-0.21830000000000016,-0.7202000000000002,-0.28800000000002157,-0.39299999999999,-1.0530000000000506,-0.6630000000000535,-0.28200000000003556,0.23699999999998056,0.8760000000000101,-0.6119999999999859,-0.035999999999996035,-0.18000000000000682,
-0.21030000000000015,0.011899999999998911,-0.6226000000000003,0.6674999999999986,0.10329999999999906,-0.3661000000000003,0.6493000000000002,-0.23019999999999996,-0.21950000000000003,-0.7262000000000004,-0.14399999999998414,0.06899999999999906,-0.24900000000000588,-0.4109999999999481,0.36900000000004596,0.05999999999999339,-0.6750000000000256,-0.05100000000001437,-0.07500000000001172,-0.30600000000000627,
-0.21509999999999962,0.01419999999999888,-0.6309000000000005,0.6538000000000004,0.11560000000000059,-0.36410000000000053,0.6267999999999994,-0.23190000000000044,-0.22200000000000042,-0.7364000000000006,0.32699999999998397,0.3510000000000346,-0.029999999999983373,0.2639999999999709,-0.024000000000050647,0.15600000000000946,0.15900000000000247,0.1470000000000038,-0.18899999999998585,0.13799999999999812,
-0.20420000000000016,0.025900000000000034,-0.6318999999999999,0.6625999999999994,0.1147999999999989,-0.3589000000000002,0.6320999999999994,-0.2270000000000003,-0.22829999999999995,-0.7318000000000007,0.22200000000001552,-0.8639999999999581,-0.14399999999998414,0.19800000000001816,0.5970000000000475,0.6360000000000099,-0.4229999999999734,0.4290000000000127,0.48299999999999343,0.1890000000000125,
-0.19679999999999964,-0.0028999999999985704,-0.6366999999999994,0.6692,0.13470000000000049,-0.3376999999999999,0.6180000000000003,-0.2126999999999999,-0.21220000000000017,-0.7255000000000003,-0.6840000000000046,-0.45300000000006335,-0.5940000000000012,-1.3620000000000232,0.44999999999996376,-0.38099999999999135,-1.3080000000000158,-0.8849999999999891,-0.3509999999999813,0.2310000000000212,
-0.2195999999999998,-0.018000000000000682,0.6237999999999992,-0.6564999999999994,0.14969999999999928,-0.3503999999999996,0.5743999999999998,-0.22389999999999954,-0.24219999999999953,-0.7177999999999995,0.6359999999999566,-0.11999999999998678,0.5549999999999855,0.23999999999997357,0.7500000000000107,0.2609999999999779,-1.1249999999999893,0.2639999999999709,0.23399999999998755,-0.40500000000001535,
-0.19840000000000124,-0.02200000000000024,0.6422999999999988,-0.6485000000000003,0.17469999999999963,-0.34170000000000034,0.5369000000000002,-0.2151000000000005,-0.23439999999999994,-0.7313000000000001,-0.10199999999997544,-0.09000000000000341,-0.6059999999999732,-0.5309999999999881,0.28800000000002157,0.4469999999999974,0.32699999999998397,0.26100000000000456,0.6449999999999889,0.5910000000000082,
-0.20180000000000042,-0.025000000000000355,0.6220999999999997,-0.6661999999999999,0.18430000000000035,-0.3268000000000004,0.5477999999999996,-0.20640000000000036,-0.2129000000000003,-0.7115999999999998,-0.40800000000000836,-0.49500000000001876,-0.41100000000000136,0.0029999999999930083,0.2909999999999613,0.23099999999999454,-0.8849999999999891,0.3300000000000036,0.3960000000000097,0.16199999999996884,
-0.2154000000000007,-0.04150000000000098,0.6083999999999996,-0.6661000000000001,0.19399999999999906,-0.3191000000000006,0.5183,-0.19540000000000024,-0.1997,-0.7062000000000008,0.20400000000005747,0.10800000000006804,0.03900000000001569,-0.05999999999996675,-0.05399999999992744,0.26399999999999757,0.4649999999999821,0.5340000000000078,0.1649999999999885,0.43500000000002537,
-0.2085999999999988,-0.03789999999999871,0.6097000000000001,-0.668099999999999,0.19220000000000148,-0.3103000000000007,0.5337999999999994,-0.17759999999999998,-0.19420000000000037,-0.6917,-0.14700000000003044,-0.7080000000000553,-0.5910000000000082,-0.9120000000000061,-0.14700000000003044,-0.3959999999999564,-0.9629999999999672,-0.6179999999999986,0.19500000000002515,-0.4800000000000004,
-0.2134999999999998,-0.061500000000000554,0.5899999999999999,-0.6984999999999992,0.18730000000000047,-0.32349999999999923,0.5017000000000005,-0.19819999999999993,-0.18769999999999953,-0.7077,-0.13799999999999812,-0.78599999999998,-1.427999999999976,0.026999999999990365,0.09599999999998943,0.6419999999999959,-2.4929999999999986,-0.8369999999999944,0.17100000000000115,-0.05099999999998772,
-0.21809999999999974,-0.08769999999999989,0.5424000000000007,0.41999999999999993,-0.6975999999999996,-0.30209999999999937,0.4186000000000005,-0.22609999999999975,0.5750000000000002,-0.1819999999999995,-0.7500000000000107,-0.389999999999997,-0.35700000000002063,-0.8850000000000158,-0.3390000000000093,0.2099999999999902,0.07499999999998508,0.05399999999998073,-0.25500000000001855,0.15599999999998282,
-0.2431000000000001,-0.10069999999999979,0.5305,0.3904999999999994,0.1897000000000002,-0.2950999999999997,0.42110000000000003,-0.2243000000000004,0.5664999999999996,-0.6997,-0.05699999999997374,-0.8640000000000114,-0.9149999999999991,-0.35999999999996035,0.11999999999998678,0.7739999999999814,-1.08900000000002,-0.5849999999999955,-0.22500000000000853,-0.03900000000001569,
-0.24499999999999922,-0.12950000000000017,0.5,0.3785000000000007,0.19369999999999976,-0.2693000000000003,0.38479999999999936,-0.24380000000000024,0.5589999999999993,-0.7010000000000005,-0.40500000000001535,-1.158000000000019,-0.5819999999999759,-1.086000000000027,0.14099999999999113,0.6990000000000229,-0.6899999999999906,-0.5099999999999838,-0.6239999999999846,-0.6029999999999802,
-0.25849999999999973,-0.1681000000000008,0.4806000000000008,0.3422999999999998,0.19839999999999947,-0.24599999999999955,0.3617999999999997,-0.2607999999999997,0.5381999999999998,-0.7210999999999999,-0.45000000000001705,0.1320000000000654,0.09599999999998943,0.009000000000032315,-0.3869999999999507,-0.4890000000000061,0.06900000000002571,0.06300000000001305,-0.0809999999999711,0.2820000000000089,
-0.2735000000000003,-0.16369999999999862,0.48380000000000045,0.3426000000000009,0.1855000000000011,-0.26229999999999976,0.36410000000000053,-0.25869999999999926,0.5355000000000008,-0.7116999999999996,-0.19499999999997186,-0.5400000000000205,-0.777000000000001,-1.3350000000000328,0.2639999999999709,0.26399999999999757,-0.7530000000000037,-0.381000000000018,-0.22500000000000853,-0.16199999999999548,
-0.27999999999999936,-0.1816999999999993,0.4579000000000004,0.2980999999999998,0.19430000000000014,-0.25349999999999984,0.3390000000000004,-0.27139999999999986,0.5280000000000005,-0.7170999999999994,-0.39900000000002933,-1.7250000000000298,-0.7589999999999897,-1.8510000000000026,0.0029999999999930083,1.0769999999999946,-1.4250000000000096,-0.12000000000001343,-0.5820000000000025,-0.012000000000025324,
-0.29330000000000034,-0.2392000000000003,0.43260000000000076,0.23639999999999972,0.1943999999999999,-0.21760000000000002,0.2915000000000001,-0.2754000000000003,0.5086000000000004,-0.7175000000000002,-0.41100000000000136,-0.4229999999999734,-0.768000000000022,-1.0109999999999886,0.10200000000002873,0.32699999999998397,-0.6179999999999986,-0.6779999999999919,-0.8550000000000058,0.15900000000000247,
-0.3070000000000004,-0.2532999999999994,0.40700000000000003,0.2027000000000001,0.19780000000000086,-0.20670000000000055,0.27090000000000014,-0.29800000000000004,0.4801000000000002,-0.7122000000000002,-0.5849999999999689,-1.1340000000000217,-0.8400000000000141,-1.1939999999999884,-0.23400000000004084,-0.0029999999999930083,-0.06899999999999906,-0.42599999999999305,-0.5340000000000078,0.26100000000000456,
-0.32649999999999935,-0.29110000000000014,0.1629000000000005,0.37899999999999956,0.1899999999999995,-0.20680000000000032,0.26860000000000017,0.46229999999999993,-0.3121999999999998,-0.7035,0.32099999999999795,-0.4589999999999961,-0.8400000000000141,-0.2609999999999779,0.37200000000003897,0.49800000000001177,-0.20400000000000418,-1.023000000000014,-0.810000000000004,0.09000000000000341,
-0.3157999999999994,-0.3064,0.13490000000000002,0.3703000000000003,0.2024000000000008,-0.19019999999999992,0.26180000000000003,0.42819999999999947,-0.33919999999999995,-0.7004999999999999,0.13499999999995183,0.4979999999999585,0.3779999999999717,0.33299999999997,0.6029999999999802,-0.17699999999998717,-0.05099999999998772,0.06000000000002004,0.5100000000000104,-0.05999999999999339,
-0.311300000000001,-0.2898000000000014,0.14749999999999908,0.3813999999999993,0.22250000000000014,-0.1960999999999995,0.26010000000000044,0.43020000000000014,-0.3221999999999996,-0.7024999999999997,-0.6359999999999566,-0.48299999999994014,-0.5339999999999812,-0.43799999999999173,-0.06600000000000605,0.8159999999999901,0.27599999999999625,-0.5670000000000108,-0.1920000000000055,0.8069999999999844,
-0.3324999999999996,-0.3058999999999994,0.1296999999999997,0.36679999999999957,0.22029999999999994,-0.16889999999999983,0.2693000000000003,0.4112999999999998,-0.3285999999999998,-0.6756000000000002,-0.6869999999999976,-1.0050000000000026,-1.9199999999999484,-0.5249999999999488,0.5250000000000021,-0.1949999999999985,-1.2930000000000241,-1.202999999999994,-1.0770000000000213,-0.2069999999999972,
0.06570000000000142,-0.3553999999999995,-0.3393999999999995,0.3493000000000013,0.2378,0.3712,-0.17539999999999978,0.2261999999999995,-0.3645000000000005,-0.6825000000000001,-0.024000000000050647,0.09599999999998943,0.3360000000000163,-0.2940000000000076,0.49800000000001177,-1.1219999999999963,-0.4800000000000004,-0.7979999999999787,-0.25199999999997225,-0.2669999999999906,
0.06489999999999974,-0.32819999999999894,-0.35219999999999985,0.339500000000001,0.2544000000000004,0.3338000000000001,0.19960000000000022,-0.1913999999999998,-0.37289999999999957,-0.6913999999999998,0.2190000000000225,0.5429999999999602,-0.20400000000000418,0.9839999999999449,1.109999999999971,0.2670000000000172,0.1890000000000125,0.49800000000001177,0.36300000000000665,0.7620000000000093,
0.07220000000000049,-0.31010000000000026,-0.359,0.3722999999999992,0.29139999999999944,0.34270000000000067,0.20590000000000064,-0.1747999999999994,-0.36079999999999934,-0.6659999999999995,-0.27000000000001023,-0.11099999999995447,-0.329999999999977,0.12000000000004007,-0.0809999999999711,-0.24600000000001288,-0.774000000000008,-0.8760000000000101,0.02399999999997071,-0.45000000000001705,
0.06320000000000014,-0.31379999999999875,-0.3699999999999992,0.3763000000000005,0.2887000000000004,0.33450000000000024,0.18010000000000037,-0.20399999999999974,-0.3600000000000003,-0.681,-0.24299999999996658,0.2519999999999989,-0.1679999999999815,-0.23399999999998755,0.01800000000001134,0.03000000000001002,-0.18299999999999983,-0.08099999999999774,0.024000000000024002,-0.08399999999999075,
0.05510000000000126,-0.3053999999999988,-0.3755999999999986,0.36850000000000094,0.2893000000000008,0.3355000000000006,0.17400000000000038,-0.20669999999999966,-0.3591999999999995,-0.6837999999999997,0.14099999999993784,0.011999999999918742,-0.2610000000000845,0.6089999999999662,0.48599999999993315,-0.06900000000002571,0.5459999999999798,-0.24600000000001288,0.07499999999998508,0.22499999999998188,
0.05979999999999919,-0.3050000000000015,-0.3843000000000014,0.3887999999999998,0.30549999999999855,0.3331999999999997,0.1921999999999997,-0.2149000000000001,-0.3567,-0.6763000000000003,0.4620000000000424,1.5120000000000466,-0.9149999999999459,1.0050000000000026,1.476000000000024,-0.7620000000000093,0.3119999999999923,-1.1040000000000116,0.9839999999999982,0.42000000000000703,
0.0752000000000006,-0.25459999999999994,-0.4147999999999996,0.4222999999999999,0.35469999999999935,0.3077999999999994,0.20259999999999945,-0.2517000000000005,-0.3239000000000001,-0.6623000000000001,-0.2130000000000365,-0.13500000000000512,-1.1130000000000173,-0.19200000000003214,0.17399999999996751,-0.2879999999999949,-0.26399999999999757,-1.1459999999999937,-0.4349999999999987,-0.5489999999999995,
0.06809999999999938,-0.2591000000000001,0.4158999999999988,-0.4519000000000002,0.36049999999999827,0.2981999999999996,0.19379999999999953,-0.33840000000000003,-0.28990000000000027,-0.6806000000000001,-0.11099999999995447,0.5759999999999899,-0.10199999999997544,-0.0029999999999930083,0.6330000000000702,-0.5519999999999925,-0.11699999999999378,-0.24599999999998623,-1.2929999999999975,-0.17100000000000115,
0.0644000000000009,-0.23990000000000045,0.41249999999999964,-0.45199999999999996,0.3816000000000006,0.2797999999999998,0.18989999999999974,-0.3465999999999996,-0.3330000000000002,-0.6863000000000001,0.6749999999999723,0.8490000000000464,1.533000000000051,-0.32699999999998397,0.7920000000000194,0.06899999999999906,0.20700000000002383,0.6989999999999963,-0.6630000000000003,0.18000000000000682,
-0.2115999999999989,0.08689999999999998,0.46360000000000134,-0.4628999999999994,0.40800000000000125,0.19680000000000053,0.2820999999999998,-0.3232999999999997,-0.3551000000000002,-0.6802999999999999,-0.03600000000002268,0.4740000000000144,0.23099999999994125,0.5099999999999838,0.19499999999997186,-0.012000000000025324,0.18299999999999983,-0.36599999999999966,0.11400000000000077,0.11999999999998678,
-0.21279999999999966,0.10270000000000046,-0.44589999999999996,0.4712999999999994,0.4145000000000003,0.19639999999999969,0.2881999999999998,-0.35130000000000017,-0.3354999999999997,-0.6763000000000003,0.0389999999999624,-0.825000000000049,-0.8100000000000307,-0.15900000000000247,0.1649999999999885,-0.09599999999998943,-0.39299999999999,-1.454999999999993,0.12599999999999945,-0.20399999999997753,
0.07519999999999882,-0.2115000000000009,0.4659999999999993,-0.472900000000001,0.41999999999999993,0.2751000000000001,0.19320000000000004,-0.3312999999999997,-0.39979999999999993,-0.6830999999999996,1.200000000000081,0.44700000000002404,1.0620000000000296,-0.341999999999949,1.083000000000034,0.6660000000000199,0.8370000000000211,0.6360000000000099,-0.8639999999999848,0.6150000000000055,
-0.1966000000000001,0.11520000000000152,0.5014000000000003,-0.4842999999999993,0.45610000000000106,0.22110000000000074,0.2973000000000008,-0.3100999999999994,-0.4285999999999994,-0.6625999999999994,0.05700000000002703,0.014999999999965041,-0.0840000000000174,-0.06000000000002004,0.11400000000000077,-0.07800000000003138,0.06899999999997242,0.4169999999999874,-1.0020000000000095,0.2159999999999762,
-0.1946999999999992,0.11570000000000036,0.4985999999999997,-0.48629999999999995,0.4599000000000011,0.2184999999999997,0.29959999999999987,-0.2961999999999998,-0.46199999999999974,-0.6554000000000002,0.2849999999999753,-0.06900000000005235,0.01800000000001134,-0.8160000000000167,0.6749999999999723,-0.11400000000000077,0.4139999999999944,0.6329999999999902,-0.3449999999999953,0.804000000000018,
-0.18520000000000003,0.11339999999999861,0.4992000000000001,-0.5135000000000005,0.48240000000000016,0.21469999999999967,0.3133999999999997,-0.2751000000000001,-0.4734999999999996,-0.6285999999999996,-0.32400000000004425,0.36899999999999267,-0.024000000000050647,-0.40500000000001535,0.6869999999999443,1.0650000000000226,0.012000000000025324,0.30000000000002025,-0.8220000000000027,0.708000000000002,
-0.1960000000000015,0.12569999999999837,0.4983999999999984,-0.527000000000001,0.5052999999999983,0.2502000000000004,0.3138000000000005,-0.26509999999999945,-0.5008999999999997,-0.6049999999999995,0.18900000000009243,0.32700000000009055,0.2640000000000775,-0.1259999999999728,0.08700000000006369,-0.1290000000000191,-0.2160000000000295,-0.16200000000002213,-0.1770000000000138,-0.6480000000000086,
-0.18969999999999843,0.1366000000000014,0.507200000000001,0.4742000000000015,0.5082000000000004,0.24589999999999979,0.30659999999999954,-0.2705000000000002,0.6425999999999998,-0.6265999999999998,-0.24900000000005917,-0.4200000000000337,-0.5130000000000301,0.3749999999999254,-0.015000000000018332,0.09000000000000341,-0.351000000000008,-0.06000000000002004,-0.11100000000000776,0.5219999999999825,
-0.1980000000000004,0.12260000000000026,0.4901,0.5076999999999998,0.486699999999999,0.2488999999999999,0.2948999999999993,-0.27250000000000085,-0.6092000000000004,0.6388999999999996,-1.4729999999999777,0.2970000000000006,-0.14999999999997016,1.1010000000000453,1.1310000000000286,1.2119999999999997,0.5