7.5223,6.1778,-0.02700000000001701,0.20099999999998452
7.5214,6.1845,-0.09000000000000341,-0.47099999999999476
7.5184,6.1688,0.06600000000000605,-0.1529999999999898
7.5206,6.1637,0.1529999999999898,0.11699999999999378
7.5257,6.1676,-0.1499999999999968,-0.006000000000012662
7.5207,6.1674,0.26100000000000456,0.07500000000001172
7.5294,6.1699,0.13799999999999812,0.09899999999998244
7.534,6.1732,-0.18000000000000682,0.06000000000002004
7.528,6.1752,0.5190000000000161,-0.045000000000001705
7.5453,6.1737,0.0,-0.19800000000001816
7.5453,6.1671,0.2579999999999849,0.05100000000001437
7.5539,6.1688,0.44700000000002404,0.09900000000000908
7.5688,6.1721,0.32399999999999096,0.07799999999997809
7.5796,6.1747,0.27899999999998926,0.1740000000000208
7.5889,6.1805,0.49800000000001177,-0.006000000000012662
7.6055,6.1803,-0.36899999999999267,-0.21899999999999586
7.5932,6.173,0.8009999999999984,0.3990000000000027
7.6199,6.1863,1.131000000000002,-0.06600000000000605
7.6576,6.1841,0.5009999999999781,0.31800000000000495
7.6743,6.1947,0.6090000000000195,0.05099999999998772
7.6946,6.1964,0.6089999999999929,0.24900000000000588
7.7149,6.2047,-0.02100000000000435,-0.19799999999999152
7.7142,6.1981,0.9179999999999922,0.08099999999999774
7.7448,6.2008,1.4910000000000156,0.46800000000000175
7.7945,6.2164,1.3590000000000035,0.22199999999998887
7.8398,6.2238,1.2149999999999928,0.1890000000000125
7.8803,6.2301,1.2420000000000098,-0.03900000000001569
7.9217,6.2288,-0.0840000000000174,-0.09299999999999642
7.9189,6.2257,1.4429999999999943,0.03000000000001002
7.967,6.2267,3.1530000000000324,-0.46800000000000175
8.0721,6.2111,2.1899999999999586,-0.356999999999994
8.1451,6.1992,1.9500000000000384,-0.5729999999999968
8.2101,6.1801,1.7729999999999713,-0.10500000000002174
8.2692,6.1766,0.32099999999999795,-0.43199999999997907
8.2799,6.1622,1.9650000000000034,-0.06000000000002004
8.3454,6.1602,3.552000000000035,0.3720000000000123
8.4638,6.1726,1.5869999999999784,-0.12300000000000644
8.5167,6.1685,1.2750000000000128,0.8129999999999971
8.5592,6.1956,1.172999999999984,0.5820000000000025
8.5983,6.215,0.18599999999999284,-0.20099999999998452
8.6045,6.2083,1.2780000000000058,0.47099999999999476
8.6471,6.224,1.6620000000000168,0.5999999999999872
8.7025,6.244,0.9959999999999702,0.2879999999999949
8.7357,6.2536,1.1880000000000024,-0.11099999999998111
8.7753,6.2499,1.3049999999999962,0.5339999999999812
8.8188,6.2677,-0.11999999999998678,-0.047999999999994714
8.8148,6.2661,1.2720000000000198,0.21899999999999586
8.8572,6.2734,3.8579999999999615,-0.4979999999999851
8.9858,6.2568,1.8120000000000402,-1.0079999999999956
9.0462,6.2232,1.889999999999965,0.2400000000000002
9.1092,6.2312,2.247000000000039,0.06599999999997941
9.1841,6.2334,-0.01800000000001134,-0.38099999999999135
9.1835,6.2207,2.087999999999983,-0.08099999999999774
9.2531,6.218,3.9030000000000165,-0.9330000000000105
9.3832,6.1869,2.0489999999999675,-0.4649999999999821
9.4515,6.1714,2.4900000000000055,-0.11699999999999378
9.5345,6.1675,1.9229999999999947,-0.21300000000000985
9.5986,6.1604,-0.02100000000000435,-0.05100000000001437
9.5979,6.1587,1.866000000000021,0.2340000000000142
9.6601,6.1665,3.882000000000012,-0.3119999999999923
9.7895,6.1561,1.7820000000000036,0.03899999999998904
9.8489,6.1574,1.9679999999999964,0.23399999999998755
9.9145,6.1652,1.5720000000000134,0.3360000000000163
9.9669,6.1764,0.026999999999990365,-0.006000000000012662
9.9678,6.1762,1.9289999999999807,0.4410000000000114
10.0321,6.1909,4.2960000000000065,1.23899999999999
10.1753,6.2322,2.126999999999999,0.5700000000000038
10.2462,6.2512,1.6350000000000264,0.8579999999999988
10.3007,6.2798,2.8259999999999685,0.9810000000000052
10.3949,6.3125,-0.047999999999994714,-0.01800000000001134
10.3933,6.3119,2.6849999999999774,0.6120000000000125
10.4828,6.3323,4.086000000000016,1.6800000000000015
10.619,6.3883,2.766000000000002,1.454999999999993
10.7112,6.4368,2.469000000000001,0.7860000000000067
10.7935,6.463,2.1600000000000286,0.5700000000000038
10.8655,6.482,0.2069999999999972,-0.03900000000001569
10.8724,6.4807,2.2379999999999534,0.6299999999999972
10.947,6.5017,5.004000000000008,2.220000000000022
11.1138,6.5757,2.32800000000001,-0.5489999999999995
11.1914,6.5574,2.126999999999999,0.6059999999999999
11.2623,6.5776,2.6759999999999984,0.5940000000000012
11.3515,6.5974,0.12300000000003308,-0.03300000000000303
11.3556,6.5963,1.949999999999985,0.12899999999999245
11.4206,6.6006,3.996000000000013,0.42300000000000004
11.5538,6.6147,2.0999999999999552,0.5489999999999995
11.6238,6.633,2.6910000000000167,0.7349999999999923
11.7135,6.6575,2.3760000000000048,0.49500000000001876
11.7927,6.674,-0.045000000000001705,0.008999999999979025
11.7912,6.6743,2.1749999999999936,0.741000000000005
11.8637,6.699,3.0720000000000347,0.09600000000001607
11.9661,6.7022,2.060999999999993,0.5399999999999938
12.0348,6.7202,2.093999999999969,0.1679999999999815
12.1046,6.7258,1.7310000000000159,0.46200000000001573
12.1623,6.7412,-0.41100000000000136,0.17399999999999416
12.1486,6.747,2.1569999999999823,0.384000000000011
12.2205,6.7598,3.7170000000000236,-0.2790000000000159
12.3444,6.7505,1.5240000000000187,-0.0029999999999930083
12.3952,6.7504,1.6379999999999661,-0.5489999999999995
12.4498,6.7321,1.161000000000012,-0.7650000000000023
12.4885,6.7066,-0.09899999999998244,-0.41100000000000136
12.4852,6.6929,1.043999999999965,-0.3719999999999857
12.52,6.6805,2.829000000000015,-1.9200000000000017
12.6143,6.6165,1.1430000000000007,-0.705000000000009
12.6524,6.593,1.1219999999999963,-0.8760000000000101
12.6898,6.5638,1.7280000000000229,-0.8579999999999988
12.7474,6.5352,0.3479999999999883,-0.13499999999997847
12.759,6.5307,1.0079999999999956,-0.6240000000000112
12.7926,6.5099,2.069999999999972,-1.413000000000011
12.8616,6.4628,1.3740000000000485,-1.2539999999999818
12.9074,6.421,1.4489999999999803,-0.6330000000000169
12.9557,6.3999,0.5940000000000012,-0.1949999999999985
12.9755,6.3934,-0.4139999999999944,0.06000000000002004
12.9617,6.3954,1.958999999999964,-1.0050000000000026
13.027,6.3619,1.9710000000000427,-2.0310000000000095
13.0927,6.2942,1.1190000000000033,-1.0380000000000056
