-0.5918999999999999,-0.19010000000000016,0.28799999999999937,0.9669999999999996,1.4829999999999997,-0.0488000000000004,-0.8895000000000004,-1.0424000000000002,-0.7935000000000003,-0.16010000000000035,0.0629999999999864,0.06899999999999906,-0.13799999999997148,0.2640000000000242,0.27000000000001023,-0.15599999999999614,0.2819999999999956,-0.2249999999999952,-0.3299999999999903,0.2819999999999956,
-0.5898000000000003,-0.1878000000000002,0.2834000000000003,0.9758000000000004,1.492,-0.05400000000000027,-0.8801000000000005,-1.0499,-0.8045,-0.1507000000000005,0.24300000000001987,0.16500000000001513,0.1890000000000125,0.351000000000008,0.3390000000000093,0.045000000000001705,-0.17999999999998018,-0.30600000000000627,-0.03900000000001569,0.17100000000000115,
-0.5816999999999997,-0.18229999999999968,0.28970000000000073,0.9875000000000007,1.5033000000000003,-0.05250000000000021,-0.8860999999999999,-1.0601000000000003,-0.8058000000000005,-0.14500000000000046,0.18599999999999284,0.11099999999998111,-0.20700000000002383,0.21299999999995656,0.23699999999998056,-0.05999999999999339,0.47099999999999476,0.09600000000001607,-0.09599999999998943,0.3720000000000123,
-0.5754999999999999,-0.17860000000000031,0.28279999999999994,0.9945999999999993,1.5111999999999997,-0.05449999999999999,-0.8704000000000001,-1.0568999999999997,-0.8090000000000002,-0.13260000000000005,0.14099999999999113,0.1290000000000191,-0.11100000000000776,0.8790000000000298,0.807000000000011,0.4169999999999874,-0.0420000000000087,-0.32099999999999795,-0.16199999999999548,0.5519999999999925,
-0.5708000000000002,-0.17429999999999968,0.2790999999999997,1.0239000000000003,1.5381,-0.040600000000000414,-0.8718000000000004,-1.0675999999999997,-0.8144,-0.1142000000000003,-0.2099999999999902,-0.06900000000002571,-0.40800000000000836,-0.30300000000001326,0.09599999999998943,-0.05699999999997374,0.4290000000000127,0.08399999999999075,0.11100000000000776,0.3390000000000093,
-0.5777999999999999,-0.17660000000000053,0.2654999999999994,1.0137999999999998,-0.15890000000000004,-0.04249999999999954,-0.8574999999999999,-1.0648,-0.8106999999999998,-1.5257999999999994,0.0029999999999930083,-0.15900000000000247,-0.5189999999999895,0.22800000000000153,-0.6900000000000173,0.40199999999996905,0.42899999999998606,0.27599999999999625,0.0629999999999864,0.49199999999997246,
-0.5777000000000001,-0.18190000000000062,0.24819999999999975,1.0213999999999999,-0.18190000000000062,-0.02910000000000057,-0.8432000000000004,-1.0556,-0.8086000000000002,-1.5094000000000003,-0.30000000000002025,-0.13799999999999812,-0.0870000000000104,0.11699999999999378,-0.749999999999984,0.4380000000000184,0.7679999999999954,0.7889999999999997,0.45300000000001006,0.782999999999987,
-0.5877000000000008,-0.18650000000000055,0.2452999999999994,1.0252999999999997,-0.20690000000000008,-0.014499999999999957,-0.8176000000000005,-1.0293,-0.7934999999999999,-1.4833000000000007,-0.2519999999999989,-0.0629999999999864,-0.387000000000004,-0.045000000000001705,-0.7590000000000163,0.26399999999999757,0.47099999999999476,0.22499999999998188,0.5549999999999855,0.6210000000000182,
-0.5961000000000007,-0.1886000000000001,0.23239999999999927,1.0237999999999996,-0.23220000000000063,-0.005700000000000038,-0.8019000000000007,-1.0218000000000007,-0.7750000000000004,-1.4626000000000001,-1.073999999999975,-0.36899999999999267,-0.6719999999999793,-0.06899999999999906,-1.5149999999999864,0.4740000000000144,0.9990000000000432,1.3740000000000219,0.5670000000000108,1.6740000000000155,
-0.6318999999999999,-0.20089999999999986,0.20999999999999996,1.0214999999999996,-0.2827000000000002,0.010100000000000442,-0.7685999999999993,-0.976,-0.7561,-1.4067999999999996,-0.2400000000000002,-0.4469999999999974,-0.41100000000000136,-0.08099999999999774,-0.8279999999999887,0.4049999999999887,0.6029999999999802,0.45000000000001705,0.5670000000000108,0.680999999999985,
-0.6398999999999999,-0.21579999999999977,0.19629999999999992,1.0187999999999997,-0.3102999999999998,0.023600000000000065,-0.7484999999999999,-0.9609999999999994,-0.7371999999999996,-1.3841,-0.4710000000000214,-0.27599999999999625,-0.3719999999999857,-0.09899999999998244,-0.7830000000000137,0.3390000000000093,0.9000000000000075,0.8939999999999948,0.4049999999999887,0.8130000000000237,
-0.6556000000000006,-0.22499999999999964,0.1839000000000004,1.0155000000000003,-0.33640000000000025,0.034900000000000375,-0.7184999999999997,-0.9311999999999996,-0.7237,-1.3569999999999993,-0.6629999999999736,-0.5160000000000231,-0.2940000000000076,-0.11700000000002042,-0.6150000000000055,0.2579999999999849,0.2999999999999936,0.32099999999999795,0.5340000000000078,0.5369999999999742,
-0.6776999999999997,-0.24220000000000041,0.17410000000000014,1.0115999999999996,-0.35690000000000044,0.04349999999999987,-0.7084999999999999,-0.9204999999999997,-0.7058999999999997,-1.3391000000000002,-0.8279999999999887,-0.10499999999996845,-0.4499999999999904,-0.25199999999997225,-0.6989999999999696,0.017999999999984695,0.33299999999999663,0.31199999999996564,0.18299999999997318,0.4049999999999887,
-0.7052999999999994,-0.24569999999999936,0.15910000000000046,1.0032000000000005,-0.3801999999999994,0.04409999999999936,-0.6974,-0.9101000000000008,-0.6998000000000006,-1.3256000000000006,-1.3949999999999996,-0.9990000000000165,-0.15600000000000946,0.06899999999997242,-1.1970000000000347,0.46800000000000175,1.200000000000001,0.5160000000000231,1.1460000000000203,0.9000000000000075,
-0.2789999999999999,-0.7517999999999994,0.15390000000000015,1.0054999999999996,-0.4201000000000006,-0.6574,0.05969999999999942,-0.8929,-0.6616,-1.2956000000000003,-0.1499999999999968,-0.6510000000000016,-0.14400000000001079,-0.029999999999983373,-0.6179999999999986,0.5370000000000008,-0.1529999999999898,0.3119999999999923,0.39299999999999,0.27300000000000324,
-0.2839999999999998,-0.7734999999999994,0.1490999999999998,1.0045000000000002,-0.44070000000000054,-0.6395,0.05459999999999976,-0.8825000000000003,-0.6485000000000003,-1.2865000000000002,-0.21300000000000985,-0.7229999999999936,-0.3029999999999866,-0.37500000000000533,-0.6719999999999793,0.3720000000000123,0.30300000000001326,-0.15599999999998282,0.4740000000000144,0.04800000000002136,
-0.29110000000000014,-0.7975999999999992,0.13900000000000023,0.992,-0.46309999999999985,-0.6270999999999995,0.0647000000000002,-0.8876999999999997,-0.6326999999999998,-1.2848999999999995,-0.5279999999999951,-0.6330000000000435,-0.12000000000001343,0.08099999999999774,-0.4320000000000057,0.03299999999997638,-0.24600000000001288,-0.0870000000000104,0.12300000000000644,-0.02100000000000435,
-0.3087,-0.8187000000000006,0.1349999999999998,0.9946999999999999,-0.47750000000000004,-0.6260000000000003,0.05649999999999977,-0.8906000000000001,-0.6285999999999996,-1.2855999999999996,-0.36300000000000665,-0.5549999999999855,-0.2129999999999832,-0.17100000000000115,-0.777000000000001,-0.12299999999997979,-0.6899999999999906,-0.6659999999999933,-0.42300000000000004,-0.4890000000000061,
-0.3208000000000002,-0.8372000000000002,0.12790000000000035,0.9889999999999999,-0.5034000000000001,-0.6300999999999997,0.033500000000000085,-0.9127999999999998,-0.6426999999999996,-1.3018999999999998,-0.20399999999997753,-0.6360000000000099,0.07499999999998508,0.2850000000000019,-0.9419999999999895,0.06899999999999906,-0.10200000000000209,-0.6570000000000142,0.4589999999999961,-0.31800000000000495,
-0.32759999999999945,-0.8584000000000005,0.13039999999999985,0.9984999999999999,-0.5347999999999997,-0.6277999999999997,0.030100000000000016,-0.9347000000000003,-0.6273999999999997,-1.3125,-0.2610000000000312,-0.14400000000001079,-0.23399999999998755,0.42300000000000004,-0.356999999999994,-0.4019999999999957,-0.5279999999999951,-0.8399999999999874,-0.3449999999999953,-0.7229999999999936,
-0.3363000000000005,-0.8632000000000009,0.12260000000000026,1.0126,-0.5466999999999995,-0.6411999999999995,0.012500000000000178,-0.9626999999999999,-0.6388999999999996,-1.3365999999999998,-0.4890000000000061,-0.06899999999997242,0.06899999999997242,0.023999999999997357,-0.4500000000000437,-0.16500000000001513,-0.810000000000004,-0.5700000000000038,-0.12300000000000644,-0.6869999999999976,
-0.3526000000000007,-0.8654999999999999,0.12489999999999934,1.0133999999999999,-0.561700000000001,-0.6467,-0.014499999999999957,-0.9817,-0.6429999999999998,-1.3594999999999997,0.2610000000000312,-0.36899999999999267,0.3480000000000416,0.15600000000000946,-0.2099999999999369,-0.6360000000000099,-0.14100000000001778,-0.6630000000000003,-0.5310000000000148,-0.5850000000000222,
-0.34389999999999965,-0.8777999999999997,0.13650000000000073,1.0186000000000002,-0.5686999999999989,-0.6679000000000004,-0.01920000000000055,-1.0038,-0.6607000000000003,-1.3790000000000004,0.2099999999999902,-0.03000000000001002,0.17699999999998717,0.24599999999998623,-0.29700000000002724,-0.1890000000000125,-0.8279999999999887,-1.3230000000000075,-0.3240000000000176,-0.6840000000000046,
-0.3369,-0.8788,0.1424000000000003,1.0267999999999997,-0.5785999999999998,-0.6742000000000008,-0.046800000000000175,-1.0479000000000003,-0.6715000000000009,-1.4018000000000006,-0.09900000000000908,-0.1499999999999968,0.13799999999999812,0.6000000000000139,-0.6390000000000295,-1.6739999999999888,-1.2210000000000054,-1.7639999999999922,-1.0859999999999737,-1.7909999999999826,
-0.3402000000000003,-0.8837999999999999,0.14700000000000024,1.0468000000000002,-0.5999000000000008,-0.7300000000000004,-0.08750000000000036,-1.1067,-0.7077,-1.4615,-0.4769999999999808,-0.17100000000000115,0.29099999999998793,0.06899999999999906,-0.4109999999999747,-0.7949999999999857,-0.6209999999999649,-0.8189999999999831,-0.47399999999998776,-0.8309999999999818,
-0.35609999999999964,-0.8895,0.15669999999999984,1.0491000000000001,-0.6135999999999999,-0.7565,-0.10819999999999919,-1.1339999999999995,-0.7234999999999996,-1.4891999999999994,0.4679999999999751,-0.2099999999999902,-0.22199999999998887,0.44099999999998474,-0.18899999999998585,-0.8640000000000114,-1.047000000000038,-0.8130000000000237,-0.6990000000000229,-1.0380000000000322,
-0.34050000000000047,-0.8964999999999996,0.1493000000000002,1.0637999999999996,-0.6198999999999995,-0.7853000000000003,-0.14310000000000045,-1.1611000000000002,-0.7468000000000004,-1.5238000000000005,-0.48599999999998644,0.05399999999998073,0.24299999999999322,0.13500000000003176,-0.2910000000000146,-0.5430000000000135,-0.8519999999999861,-0.705000000000009,-0.5220000000000091,-1.136999999999988,
-0.3567,-0.8947000000000003,0.15739999999999998,1.0683000000000007,-0.6295999999999999,-0.8034000000000008,-0.17149999999999999,-1.1846000000000005,-0.7642000000000007,-1.5617,0.10200000000002873,-0.14099999999999113,-0.03899999999998904,0.026999999999990365,-0.3719999999999857,-0.4679999999999751,-0.46200000000001573,-0.6899999999999906,-0.4559999999999764,-0.5790000000000095,
-0.35329999999999906,-0.8994,0.15610000000000035,1.0692000000000004,-0.6419999999999995,-0.819,-0.1869000000000005,-1.2076000000000002,-0.7793999999999999,-1.5810000000000004,-0.3420000000000556,-0.4649999999999821,0.05699999999997374,0.38399999999998435,-0.7319999999999993,-1.48200000000001,-1.3709999999999756,-0.5099999999999838,-0.702000000000016,-1.031999999999993,
-0.3647000000000009,-0.9148999999999994,0.15799999999999947,1.0819999999999999,-0.6663999999999994,-0.8684000000000003,-0.2325999999999997,-1.2245999999999997,-0.8028000000000004,-1.6154000000000002,-0.6929999999999836,-0.3449999999999953,-0.0839999999999641,0.11700000000002042,-0.32099999999999795,0.06899999999999906,-0.8280000000000154,-0.01800000000001134,-0.36899999999999267,-0.29099999999998793,
-0.38780000000000037,-0.9263999999999992,0.15520000000000067,1.0859000000000005,-0.6770999999999994,-0.8661000000000003,-0.2602000000000002,-1.2252,-0.8151000000000002,-1.6250999999999998,-0.2579999999999849,-0.35700000000002063,-0.6120000000000392,-0.44400000000003104,-0.49200000000002575,-0.39299999999999,-0.06599999999997941,0.09000000000000341,-0.3719999999999857,-0.07500000000001172,
-0.39639999999999986,-0.9382999999999999,0.13479999999999936,1.0710999999999995,-0.6935000000000002,-0.8792,-0.2623999999999995,-1.2222,-0.8274999999999997,-1.6276000000000002,-0.21899999999999586,-0.25199999999997225,0.07800000000003138,-0.05699999999997374,-0.3270000000000106,-0.6869999999999976,-0.6659999999999933,-0.17399999999999416,-0.1949999999999985,0.02700000000001701,
-0.4036999999999997,-0.946699999999999,0.1374000000000004,1.0692000000000004,-0.7044000000000006,-0.9020999999999999,-0.2845999999999993,-1.2279999999999998,-0.8339999999999996,-1.6266999999999996,-0.4589999999999961,-0.19200000000003214,-0.6540000000000212,0.06899999999997242,-0.36599999999999966,-0.045000000000001705,-0.4290000000000127,0.7889999999999997,0.014999999999991687,0.09599999999998943,
-0.4189999999999996,-0.9531000000000001,0.1155999999999997,1.0714999999999995,-0.7166000000000006,-0.9036,-0.2988999999999997,-1.2016999999999998,-0.8334999999999999,-1.6235,-0.7230000000000203,-0.5250000000000021,-0.4019999999999957,-0.5219999999999825,-1.1339999999999684,-0.2400000000000002,-0.31500000000001194,0.5669999999999842,-0.5580000000000052,0.27000000000001023,
-0.44310000000000027,-0.9706000000000001,0.10219999999999985,1.0541,-0.7543999999999995,-0.9116,-0.3094000000000001,-1.1828000000000003,-0.8521000000000001,-1.6144999999999996,-0.6660000000000199,-0.5639999999999912,-0.8580000000000254,-0.2820000000000089,-0.6870000000000243,0.011999999999998678,0.2820000000000089,0.6270000000000042,0.05999999999999339,0.2519999999999989,
-0.46530000000000094,-0.9893999999999998,0.073599999999999,1.0446999999999997,-0.7773000000000003,-0.9112,-0.2999999999999998,-1.1619000000000002,-0.8501000000000003,-1.6060999999999996,-0.18599999999993955,0.07500000000003837,-0.31499999999995865,-0.03599999999996939,-0.4679999999999751,-0.17699999999998717,-0.2069999999999972,0.31800000000000495,-0.06899999999997242,0.18000000000000682,
-0.4714999999999989,-0.9868999999999986,0.06310000000000038,1.0435000000000008,-0.7928999999999995,-0.9170999999999996,-0.30689999999999973,-1.1513,-0.8523999999999994,-1.6000999999999994,-0.24000000000002686,-0.5100000000000371,-0.32399999999999096,-0.10500000000002174,-0.45000000000001705,-0.05100000000001437,0.5940000000000012,0.2370000000000072,-0.04800000000002136,0.38399999999998435,
-0.4794999999999998,-1.0038999999999998,0.05230000000000068,1.04,-0.8079000000000001,-0.9188000000000001,-0.2870999999999997,-1.1433999999999997,-0.8540000000000001,-1.5873,-0.5700000000000038,-0.5100000000000371,-0.27600000000004954,-0.21000000000001684,-0.8939999999999948,0.15900000000000247,-0.03900000000001569,0.2940000000000076,-0.11400000000000077,0.3390000000000093,
-0.49849999999999994,-1.020900000000001,0.04309999999999903,1.0329999999999995,-0.8376999999999999,-0.9135,-0.2884000000000002,-1.1335999999999995,-0.8578000000000001,-1.5759999999999996,-0.9419999999999895,-0.9449999999999292,-0.13499999999995183,0.27600000000004954,-1.2179999999999858,0.8790000000000031,0.8699999999999974,0.752999999999977,1.0110000000000152,1.1760000000000037,
-0.5298999999999996,-1.0523999999999987,0.038600000000000634,1.0422000000000011,-0.8782999999999994,-0.8841999999999999,-0.2594000000000003,-1.1085000000000003,-0.8240999999999996,-1.5367999999999995,-0.5910000000000082,-0.22500000000006182,-0.3090000000000259,-0.08100000000002439,-0.7230000000000203,0.42300000000000004,0.9450000000000092,0.5489999999999995,0.4800000000000004,0.4979999999999851,
-0.5495999999999999,-1.0599000000000007,0.02829999999999977,1.0395000000000003,-0.17779999999999951,-0.8700999999999999,-0.2279,-1.0902000000000003,-0.8080999999999996,-1.7518000000000002,0.0059999999999860165,-0.2129999999999832,0.09299999999999642,0.21299999999995656,-0.11400000000005406,0.16800000000000814,0.354000000000001,0.22800000000002818,0.45300000000001006,0.30000000000002025,
-0.5494000000000003,0.03139999999999965,-1.0670000000000002,1.0465999999999989,-0.18160000000000132,-0.8644999999999996,-1.0825999999999993,-0.21609999999999996,-0.7929999999999993,-1.7417999999999996,-0.8699999999999974,-0.2489999999999526,-0.49199999999997246,-0.09899999999995579,-0.4739999999999611,0.4469999999999974,0.2099999999999902,0.33599999999998964,0.5009999999999781,0.4499999999999904,
-0.5784000000000002,0.02310000000000123,-1.0833999999999993,1.0433000000000003,-0.19740000000000002,-0.8495999999999997,-1.0755999999999997,-0.2049000000000003,-0.7763,-1.7268,-0.18899999999998585,0.2549999999999386,-0.13500000000000512,0.1649999999999885,-0.36899999999999267,0.5669999999999842,0.48599999999998644,1.136999999999988,0.8159999999999901,0.4049999999999887,
-0.5846999999999998,0.031599999999999184,-1.0878999999999994,1.0488,-0.20969999999999978,-0.8307000000000002,-1.0594000000000001,-0.1670000000000007,-0.7491000000000003,-1.7133000000000003,-0.9629999999999939,-0.2519999999999456,-1.0799999999999876,-0.3089999999999993,-1.106999999999978,1.100999999999992,0.6119999999999859,1.1070000000000046,0.9120000000000061,0.6030000000000069,
-0.6167999999999996,0.023200000000000998,-1.123899999999999,1.0385,-0.24659999999999904,-0.7940000000000005,-1.0390000000000006,-0.13010000000000055,-0.7187000000000001,-1.6932,-0.28800000000002157,0.19799999999996487,-0.5850000000000222,0.0870000000000104,-0.19200000000003214,0.5100000000000104,-0.08999999999997677,0.5370000000000275,0.3420000000000023,0.00900000000000567,
-0.6264000000000003,0.029799999999999827,-1.1433999999999997,1.0414000000000003,-0.2530000000000001,-0.7770000000000001,-1.0419999999999998,-0.11219999999999963,-0.7073,-1.6928999999999998,-0.2099999999999902,-0.07199999999999207,0.23699999999998056,0.14399999999998414,-0.10800000000001475,-0.020999999999977703,-0.3719999999999857,0.4469999999999974,0.3360000000000163,0.18000000000000682,
-0.6334,0.02740000000000009,-1.1355000000000004,1.0461999999999998,-0.2566000000000006,-0.7776999999999994,-1.0543999999999993,-0.09729999999999972,-0.6960999999999995,-1.6868999999999996,-0.4589999999999961,-0.1289999999999658,-0.8459999999999468,-0.20399999999997753,-0.48599999999993315,0.03299999999997638,-0.3270000000000106,0.48299999999999343,0.47099999999999476,-0.0870000000000104,
-0.6486999999999998,0.02310000000000123,-1.1636999999999986,1.0394000000000005,-0.2727999999999984,-0.7766000000000002,-1.0652999999999997,-0.08119999999999994,-0.6803999999999997,-1.6898,-0.7950000000000124,0.09299999999994313,-0.5310000000000414,0.017999999999984695,-0.3960000000000363,0.48000000000002707,-0.1649999999999885,0.48299999999999343,0.354000000000001,0.10200000000000209,
-0.6752000000000002,0.026199999999999335,-1.1814,1.04,1.0964,-0.7605999999999993,-1.0707999999999993,-0.06510000000000016,-0.6685999999999996,-1.3038999999999996,-0.36599999999999966,-0.11999999999998678,-0.32699999999998397,-0.24600000000001288,-0.12899999999999245,-0.8760000000000101,-1.3770000000000149,-0.13199999999998546,0.13799999999999812,-0.27300000000000324,
-0.6874000000000002,0.022199999999999775,-1.1922999999999995,1.0317999999999996,1.0921000000000003,-0.7897999999999996,-1.1166999999999998,-0.06949999999999967,-0.6639999999999997,-1.3129999999999997,-0.6479999999999819,-0.5729999999999968,-0.389999999999997,-0.3149999999999853,-0.37799999999999834,-0.14099999999999113,-0.36899999999999267,0.3029999999999866,0.5220000000000091,0.2400000000000002,
-0.7089999999999996,0.0030999999999998806,-1.2052999999999994,1.0213,1.0795000000000003,-0.7944999999999993,-1.1289999999999996,-0.05940000000000012,-0.6465999999999994,-1.3049999999999997,-0.17399999999996751,0.4800000000000537,0.14399999999998414,0.02700000000001701,0.13800000000002477,-0.15000000000002345,-0.2400000000000002,0.05100000000001437,0.27300000000000324,0.02100000000000435,
-0.7147999999999985,0.01910000000000167,-1.2005,1.0222000000000007,1.0841000000000012,-0.7995000000000001,-1.1369999999999996,-0.05769999999999964,-0.6374999999999993,-1.3042999999999996,-0.40800000000006165,-0.048000000000048004,-0.045000000000001705,0.2579999999999849,0.07199999999996542,-0.3449999999999953,-0.12300000000000644,-0.2069999999999972,0.2849999999999753,0.020999999999977703,
-0.7284000000000006,0.01750000000000007,-1.202,1.0308000000000002,1.0865,-0.8109999999999999,-1.1410999999999998,-0.06459999999999955,-0.6280000000000001,-1.3036000000000003,-0.2999999999999403,-0.3809999999999647,-0.28199999999998226,-0.29399999999998094,-0.2879999999999683,-0.8819999999999961,-0.8849999999999891,-0.8129999999999971,-0.11400000000000077,-0.6899999999999906,
-0.7383999999999986,0.004800000000001248,1.0210000000000008,-1.2113999999999994,1.076900000000001,-0.8403999999999998,-1.1705999999999994,-0.6318000000000001,-0.09169999999999945,-1.3266,-0.10200000000002873,0.3809999999999647,0.4379999999999651,0.4169999999999874,0.31199999999996564,-0.5940000000000012,-0.09600000000001607,0.45600000000000307,-0.3090000000000259,0.008999999999979025,
-0.7417999999999996,0.01750000000000007,-1.1974999999999998,1.0355999999999996,1.0873,-0.8601999999999999,-1.1738,-0.10200000000000031,-0.6166,-1.3263000000000007,-0.11100000000006105,0.24599999999995958,0.14099999999999113,0.2879999999999949,0.3749999999999787,0.09899999999998244,0.44099999999998474,-0.31800000000000495,0.39899999999997604,0.15900000000000247,
-0.7455000000000016,0.025699999999998724,-1.1928,1.0451999999999995,1.0997999999999992,-0.8569000000000004,-1.1591000000000005,-0.11260000000000048,-0.6033000000000008,-1.3210000000000006,-0.06299999999995975,0.33300000000007657,0.07199999999999207,0.22200000000004216,-0.1919999999999522,-0.6089999999999929,-0.29099999999998793,-0.48899999999997945,-0.24899999999997924,-0.389999999999997,
-0.7476000000000003,0.036800000000001276,-1.1904000000000003,1.0526000000000009,1.0934000000000008,-0.8772000000000002,-1.1688,-0.1288999999999998,-0.6116000000000001,-1.3340000000000005,0.2519999999999989,0.18599999999993955,0.8519999999999861,0.40199999999996905,0.4679999999999751,-0.6629999999999736,-0.017999999999984695,-0.5729999999999968,-0.17399999999999416,-0.15599999999998282,
-0.7392000000000003,0.04299999999999926,-1.1620000000000008,1.0659999999999998,1.109,-0.8992999999999993,-1.1693999999999996,-0.1479999999999997,-0.6174,-1.3392,-0.24599999999995958,-0.041999999999955406,-0.18599999999993955,0.15000000000002345,-0.07199999999996542,-0.762000000000036,-0.0030000000000196536,-0.8790000000000298,-0.2850000000000019,-0.41100000000000136,
0.04160000000000075,-1.1681999999999988,-0.747399999999999,1.0710000000000006,1.1066000000000011,-1.1695000000000002,-0.17730000000000068,-0.9247000000000005,-0.6269,-1.3529,0.6630000000000003,0.5639999999999645,0.5969999999999942,0.6749999999999723,0.4829999999999668,0.07200000000001872,-1.6139999999999688,-0.8099999999999774,0.054000000000007375,-0.32399999999999096,
0.06370000000000076,-1.1494,-0.7274999999999991,1.0934999999999997,1.1227,-1.1670999999999996,-0.23109999999999964,-0.9516999999999998,-0.6250999999999998,-1.3636999999999997,-0.5369999999999742,0.24900000000000588,-0.5279999999999951,0.027000000000043656,0.021000000000030994,0.5039999999999978,-0.1320000000000121,-0.18600000000001948,0.0,0.20399999999997753,
0.04580000000000162,-1.1410999999999998,-0.745099999999999,1.0944000000000011,1.123400000000001,-1.1502999999999997,-0.23550000000000004,-0.9579000000000004,-0.6250999999999998,-1.3569000000000004,-0.04200000000006199,-0.06899999999999906,-0.19500000000002515,0.07799999999995144,0.06299999999995975,0.18899999999998585,-0.6690000000000129,-0.6569999999999876,0.11099999999998111,-0.057000000000000384,
0.04439999999999955,-1.1433999999999997,-0.7515999999999998,1.0969999999999995,1.1254999999999997,-1.1440000000000001,-0.2578000000000005,-0.9798,-0.6214000000000004,-1.3588000000000005,-0.329999999999977,0.27300000000000324,0.13500000000000512,0.21000000000001684,0.06600000000000605,0.49200000000002575,-0.6089999999999662,-0.48899999999997945,-0.02399999999997071,0.18600000000001948,
0.03340000000000032,-1.1342999999999996,-0.7470999999999997,1.104,1.1277,-1.1275999999999993,-0.27809999999999935,-0.9960999999999993,-0.6221999999999994,-1.3525999999999998,-0.22800000000000153,-0.3029999999999866,-0.389999999999997,-0.26399999999999757,-0.33899999999998265,-0.012000000000025324,-0.7500000000000373,-0.2910000000000146,0.25499999999996525,0.047999999999994714,
0.025800000000000267,-1.1443999999999992,1.0952000000000002,-0.7600999999999996,1.1164000000000005,-1.1280000000000001,-0.3031000000000006,-0.6137000000000006,-1.0057999999999998,-1.351,-0.45600000000000307,0.07799999999997809,-0.43799999999999173,-0.7500000000000107,-0.31500000000001194,0.5580000000000052,-0.7049999999999823,0.7140000000000413,0.27599999999999625,0.9780000000000122,
0.010600000000000165,-1.1418,1.0806000000000004,-0.7850999999999999,1.1059,-1.1094,-0.3266,-0.5898999999999992,-0.9965999999999999,-1.3183999999999996,-0.4770000000000074,-0.48599999999998644,-0.09299999999999642,-0.7499999999999574,-0.4139999999999944,0.7739999999999814,0.23699999999998056,0.5549999999999589,0.12899999999999245,0.4559999999999764,
-0.005300000000000082,-1.1579999999999995,1.0775000000000006,-0.8100999999999985,1.0921000000000003,-1.0836000000000006,-0.31870000000000065,-0.5714000000000006,-0.9923000000000002,-1.3032000000000004,-0.012000000000025324,-0.07500000000003837,-0.19200000000003214,-0.16500000000009507,0.041999999999955406,-0.06899999999999906,-0.41100000000000136,-0.11099999999998111,-0.22200000000001552,0.26399999999999757,
-0.0057000000000009265,-1.1605000000000008,1.0710999999999995,-0.8156000000000017,1.0934999999999988,-1.0859000000000005,-0.3324000000000007,-0.5751,-0.9997000000000007,-1.2944000000000004,-0.1229999999999265,0.1290000000000724,-0.36599999999994637,-0.10799999999990817,-0.19499999999991857,0.5130000000000035,0.07200000000001872,0.3420000000000023,0.3270000000000106,0.6210000000000182,
-0.009799999999998477,1.0589000000000013,-1.1561999999999983,-0.8191999999999986,1.0870000000000015,-1.0688000000000004,-0.5636999999999999,-0.33000000000000007,-0.9888000000000003,-1.2736999999999998,-0.2130000000000365,0.19199999999997885,-0.1350000000000584,-0.3930000000000433,-0.006000000000039307,0.1890000000000125,0.5700000000000038,0.3119999999999923,0.5940000000000012,0.9959999999999969,
-0.016899999999999693,1.0653000000000006,-1.1607000000000003,-0.8323,1.0868000000000002,-1.0625,-0.5446999999999997,-0.31960000000000033,-0.9690000000000003,-1.2405,0.23399999999998755,-0.5190000000000161,-0.05399999999998073,-0.9449999999999825,-0.6510000000000282,1.0050000000000026,0.8340000000000014,0.3660000000000263,0.7740000000000347,1.5360000000000174,
-0.009100000000000108,1.048,-1.1624999999999996,-0.8637999999999995,1.0650999999999993,-1.029,-0.5168999999999997,-0.30739999999999945,-0.9431999999999992,-1.1892999999999994,-0.7709999999999617,-0.2999999999999936,-0.24900000000000588,-0.4589999999999961,-0.8129999999999704,-0.14400000000001079,0.15899999999997583,0.7619999999999827,0.4319999999999524,0.6659999999999666,
-0.03479999999999883,1.0380000000000003,-1.1707999999999998,-0.8790999999999993,1.0380000000000003,-1.0338000000000003,-0.5116000000000005,-0.28200000000000003,-0.9288000000000007,-1.1671000000000005,-0.18299999999999983,-0.19799999999996487,-0.4649999999999821,-0.6090000000000195,-0.31499999999995865,0.36899999999999267,0.5310000000000148,-0.10800000000001475,0.40500000000001535,0.5700000000000038,
-0.040899999999998826,1.0314000000000014,-1.1862999999999992,-0.8994,1.0275000000000016,-1.0215000000000005,-0.4939,-0.2856000000000005,-0.9153000000000002,-1.1481000000000003,0.08699999999995711,0.19499999999997186,0.10499999999996845,0.03299999999997638,-0.1350000000000584,0.0030000000000196536,0.807000000000011,0.9360000000000035,0.5430000000000135,1.0710000000000086,
-0.038000000000000256,1.0379000000000005,-1.1828000000000003,-0.8983000000000008,1.0229999999999997,-1.0213999999999999,-0.46699999999999964,-0.2544000000000004,-0.8971999999999998,-1.1124,-0.31500000000001194,-0.6209999999999916,-0.18000000000000682,-0.8309999999999818,-0.4619999999999891,-0.12599999999999945,0.6089999999999929,0.05100000000001437,0.43199999999997907,0.5189999999999895,
-0.048500000000000654,1.0172000000000008,-1.1888000000000005,-0.9260000000000002,1.0076,-1.0255999999999998,-0.4466999999999999,-0.2526999999999999,-0.8828000000000005,-1.0951000000000004,0.03299999999997638,-0.04200000000006199,-0.6090000000000195,-0.6030000000000335,-0.48900000000003274,0.6690000000000129,1.230000000000011,0.9810000000000052,1.3260000000000272,1.6350000000000264,
-0.04740000000000144,1.0157999999999987,-1.2091000000000012,-0.9461000000000013,0.991299999999999,-1.0032999999999994,-0.4056999999999995,-0.21999999999999975,-0.8385999999999996,-1.0405999999999995,-0.09899999999992914,-0.15599999999995617,-0.008999999999925734,-0.48899999999992616,-0.21899999999996922,-0.5250000000000288,0.6029999999999802,0.3719999999999857,0.05699999999997374,0.722999999999967,
-0.05069999999999908,1.0106000000000002,-1.2093999999999987,-0.9623999999999988,0.984,-1.0208000000000004,-0.38560000000000016,-0.20760000000000023,-0.8367000000000004,-1.0165000000000006,-0.5130000000000301,-0.44100000000003803,-0.7320000000000526,-0.5160000000000764,-0.4320000000000057,0.16200000000002213,0.7229999999999936,0.31500000000001194,0.24300000000001987,0.5550000000000122,
-0.06780000000000008,0.9958999999999989,-1.2338000000000005,-0.9796000000000014,0.9695999999999998,-1.0153999999999996,-0.3615000000000004,-0.19709999999999983,-0.8285999999999998,-0.9980000000000002,-0.07799999999997809,0.06600000000005934,-0.029999999999983373,-0.3899999999999437,-0.01799999999995805,0.27899999999998926,0.3479999999999883,0.5849999999999955,0.4559999999999764,0.5099999999999838,
-0.07039999999999935,0.9981000000000009,-1.2348,-0.9925999999999995,0.9690000000000012,-1.0061,-0.34990000000000077,-0.17759999999999998,-0.8134000000000006,-0.9810000000000008,-0.07800000000003138,-0.2190000000000225,-0.18599999999999284,-0.14400000000003743,-0.2970000000000539,0.2099999999999902,0.6390000000000029,0.24599999999998623,0.1470000000000038,0.5550000000000122,
-0.0730000000000004,0.9908000000000001,-1.2409999999999997,-0.9974000000000007,0.9590999999999994,-0.9991000000000003,-0.32860000000000067,-0.16940000000000044,-0.8085000000000004,-0.9625000000000004,-0.1649999999999885,-0.6330000000000169,-0.8009999999999984,-0.6150000000000055,-0.3779999999999717,0.1290000000000191,0.8280000000000154,0.8790000000000031,-0.2549999999999919,0.354000000000001,
-0.07850000000000001,0.9696999999999996,-1.2676999999999996,-1.017900000000001,0.9465000000000003,-0.9947999999999997,-0.30100000000000016,-0.14010000000000034,-0.8170000000000002,-0.9507000000000003,-0.33299999999997,0.11700000000004707,-0.3509999999999813,-0.05999999999996675,0.0870000000000104,-0.06899999999999906,0.6240000000000112,-0.11400000000000077,0.12599999999999945,0.6120000000000125,
-0.08959999999999901,0.9736000000000011,-1.279399999999999,-1.0198999999999998,0.9494000000000007,-0.9970999999999997,-0.2801999999999998,-0.14390000000000036,-0.8128000000000002,-0.9302999999999999,-0.27599999999999625,-0.36000000000001364,-0.2970000000000006,-0.20400000000000418,-0.4260000000000197,0.5339999999999812,0.39599999999998303,0.17399999999999416,0.014999999999991687,0.21899999999999586,
-0.09879999999999889,0.9616000000000007,-1.289299999999999,-1.0267,0.9352,-0.9793000000000003,-0.26700000000000035,-0.13810000000000056,-0.8123000000000005,-0.923,-0.24300000000001987,-0.2099999999999902,-0.06899999999999906,-0.13199999999995882,0.047999999999994714,0.20100000000001117,0.2400000000000002,-0.23399999999998755,-0.2879999999999949,-0.16800000000000814,
-0.10689999999999955,0.954600000000001,-1.291599999999999,-1.0310999999999986,0.9367999999999999,-0.9725999999999999,-0.25900000000000034,-0.14590000000000014,-0.8219000000000003,-0.9286000000000003,0.026999999999990365,-0.5850000000000222,-0.05700000000002703,-0.048000000000048004,-0.5340000000000344,-0.19799999999999152,0.24000000000002686,0.10500000000002174,-0.13199999999998546,0.06600000000000605,
0.9351000000000003,-0.10599999999999987,-1.2934999999999999,0.9189999999999987,-1.0327000000000002,-0.25099999999999945,-0.9791999999999996,-0.14239999999999942,-0.9264000000000001,-0.8262999999999998,-0.15600000000000946,-0.27899999999998926,0.1320000000000121,-0.1229999999999265,0.06900000000005235,0.25199999999997225,0.22199999999998887,-0.7500000000000107,0.06600000000000605,-0.8610000000000184,
0.9299,-0.11529999999999951,-1.2890999999999995,0.9149000000000012,-1.0303999999999984,-0.24260000000000037,-0.9718,-0.16739999999999977,-0.9241999999999999,-0.8550000000000004,-0.3749999999999787,-0.6000000000000405,-0.06600000000000605,-0.27900000000004255,-0.12300000000003308,0.5430000000000135,0.045000000000001705,-0.1320000000000121,0.08699999999998376,-0.14399999999998414,
0.9174000000000007,-0.13530000000000086,0.9055999999999997,-1.2912999999999997,-1.0344999999999995,-0.22449999999999992,-0.9702999999999999,-0.9213000000000005,-0.17180000000000017,-0.8597999999999999,-0.012000000000025324,-0.18899999999998585,0.2069999999999972,0.43799999999999173,0.22500000000000853,0.2099999999999902,0.43799999999999173,-0.08399999999999075,-0.32099999999999795,-0.5730000000000235,
0.9169999999999998,-0.1416000000000004,-1.2767,0.9124999999999996,-1.0269999999999992,-0.21750000000000025,-0.9557000000000002,-0.1825000000000001,-0.9241000000000001,-0.8789000000000007,-0.0809999999999711,0.24600000000001288,0.13500000000000512,-0.09299999999999642,0.335999999999963,-0.05100000000001437,0.11100000000000776,-0.7260000000000133,-0.1920000000000055,0.00900000000000567,
0.9143000000000008,-0.13339999999999996,-1.2721999999999998,0.9093999999999998,-1.0158000000000005,-0.21920000000000073,-0.952,-0.20670000000000055,-0.9305000000000003,-0.8786000000000005,0.23399999999993426,-0.6360000000000099,0.19799999999996487,0.4199999999999804,0.15900000000000247,0.2700000000000369,0.36300000000000665,-0.38399999999998435,0.1320000000000121,-0.5369999999999742,
0.9220999999999986,-0.1546000000000003,-1.265600000000001,0.9233999999999991,-1.0105000000000004,-0.2101999999999995,-0.9398999999999997,-0.21950000000000003,-0.9260999999999999,-0.8964999999999996,0.24000000000002686,0.19799999999996487,1.0589999999999833,0.1260000000000261,0.9239999999999782,0.3119999999999923,0.5370000000000008,-0.5579999999999785,0.1890000000000125,-0.9120000000000061,
-0.14800000000000146,0.9300999999999995,-1.2303000000000015,0.9276,-0.9797000000000011,-0.9219999999999997,-0.19979999999999976,-0.2380999999999993,-0.9197999999999995,-0.9268999999999998,-0.023999999999944066,-0.10199999999997544,0.5040000000000511,0.1680000000000348,0.4650000000000354,-0.09600000000001607,-0.035999999999996035,-0.381000000000018,-0.03300000000000303,-0.08399999999999075,
-0.1487999999999996,0.9267000000000003,-1.2134999999999998,0.9332000000000011,-0.9642,-0.9252000000000002,-0.20099999999999962,-0.2507999999999999,-0.9208999999999996,-0.9296999999999995,-0.05700000000002703,-0.024000000000050647,0.32099999999999795,0.03599999999996939,0.3749999999999787,0.24300000000001987,0.22500000000000853,-0.17999999999998018,0.5130000000000035,-0.36899999999999267,
-0.1507000000000005,0.9258999999999986,-1.2027999999999999,0.9344000000000001,-0.9517000000000007,-0.9170999999999996,-0.19349999999999934,-0.25679999999999925,-0.9037999999999995,-0.9419999999999993,0.28500000000002856,0.5460000000000598,0.6390000000000029,0.20400000000000418,0.19500000000002515,0.2279999999999749,0.25799999999995826,-0.44400000000003104,0.10199999999997544,-0.1680000000000348,
-0.14119999999999955,0.9441000000000006,-1.1814999999999998,0.9412000000000003,-0.9451999999999998,-0.9095000000000004,-0.18490000000000073,-0.2716000000000003,-0.9004000000000003,-0.9476000000000004,-0.2130000000000365,-0.5070000000000441,0.2129999999999832,-0.15900000000000247,0.35699999999996734,-0.14400000000001079,-0.20399999999997753,-0.6390000000000029,0.09000000000000341,-0.4890000000000061,
-0.14830000000000076,0.9271999999999991,-1.1744000000000003,0.9359000000000002,-0.9333000000000009,-0.9143000000000008,-0.19169999999999998,-0.2929000000000004,-0.8974000000000002,-0.9639000000000006,0.2670000000000172,-0.11400000000000077,0.5430000000000135,-0.047999999999994714,0.4589999999999961,0.08100000000002439,0.351000000000008,-0.5999999999999872,0.7140000000000146,0.10800000000001475,
-0.1394000000000002,0.9233999999999991,-1.1562999999999999,0.9343000000000004,-0.918000000000001,-0.9116,-0.17999999999999972,-0.31289999999999996,-0.8735999999999997,-0.9603000000000002,0.0029999999999930083,-0.09000000000000341,0.32699999999998397,-0.15000000000002345,-0.029999999999983373,0.46800000000000175,0.2849999999999753,-0.16800000000000814,0.5609999999999715,0.2400000000000002,
-0.13930000000000042,0.920399999999999,-1.1454000000000004,0.9292999999999996,-0.9190000000000005,-0.8959999999999999,-0.17050000000000054,-0.3185000000000002,-0.8549000000000007,-0.9523000000000001,0.06600000000000605,0.18600000000004613,0.11400000000000077,0.23099999999999454,-0.14099999999999113,-0.09299999999999642,0.20700000000002383,-0.37799999999999834,0.2730000000000299,0.03600000000002268,
-0.13710000000000022,0.9266000000000005,-1.1416000000000004,0.9369999999999994,-0.9237000000000002,-0.8990999999999998,-0.16359999999999975,-0.33110000000000017,-0.8457999999999997,-0.9510999999999994,-0.2609999999999779,-0.40500000000001535,-0.044999999999948415,-0.6419999999999426,-0.4229999999999734,0.11400000000000077,0.08099999999999774,-0.3300000000000036,0.5879999999999885,-0.22200000000001552,
-0.14579999999999949,0.9131,-1.1430999999999987,0.9156000000000013,-0.9377999999999993,-0.8952999999999998,-0.16089999999999982,-0.3421000000000003,-0.8262,-0.9584999999999999,-0.05400000000003402,-0.026999999999990365,0.05999999999996675,-0.3540000000000276,0.1289999999999658,0.359999999999987,0.26399999999999757,0.0420000000000087,0.735000000000019,0.33599999999998964,
-0.14760000000000062,0.9122000000000003,-1.1410999999999998,0.9038000000000004,-0.9335000000000004,-0.8833000000000002,-0.1520999999999999,-0.3407,-0.8016999999999994,-0.9473000000000003,0.05100000000004101,-0.78599999999998,0.16199999999999548,-0.9869999999999912,0.045000000000001705,-0.054000000000007375,-0.25500000000001855,-0.2970000000000006,0.6539999999999679,0.07199999999999207,
-0.14589999999999925,0.886000000000001,0.8709000000000007,-1.1357,-0.9320000000000004,-0.8851000000000004,-0.16060000000000052,-0.7799000000000005,-0.3506,-0.9449000000000005,-0.40800000000000836,-0.0840000000000174,-0.28199999999998226,0.24900000000000588,-0.19799999999996487,-0.11699999999999378,0.054000000000007375,0.42300000000000004,0.22800000000000153,0.1499999999999968,
0.8832000000000004,-0.15949999999999953,0.8615000000000013,-1.1273999999999997,-0.9385999999999992,-0.15880000000000027,-0.8890000000000002,-0.7658000000000005,-0.34299999999999997,-0.9399000000000006,-0.18599999999999284,0.026999999999990365,-0.28200000000003556,0.20400000000000418,-0.02100000000000435,0.1770000000000138,0.026999999999990365,0.7889999999999997,0.2699999999999836,0.4890000000000061,
0.8770000000000007,-0.15859999999999985,0.8521000000000001,-1.1205999999999996,-0.9392999999999994,-0.1528999999999998,-0.8881000000000006,-0.7395000000000005,-0.3340000000000005,-0.9236000000000004,-0.36000000000001364,0.2999999999999936,-0.14099999999999113,0.1649999999999885,-0.01800000000001134,-0.16800000000000814,-0.25499999999996525,0.20700000000002383,0.04200000000003534,0.12300000000003308,
0.8650000000000002,-0.14860000000000007,0.8474000000000004,-1.1151,-0.9398999999999997,-0.15850000000000009,-0.8965999999999994,-0.7325999999999997,-0.33259999999999934,-0.9194999999999993,-0.31500000000001194,-0.08100000000002439,-0.6060000000000265,0.18599999999999284,-0.030000000000036664,0.07199999999999207,0.19199999999997885,0.8699999999999708,0.17699999999996052,0.3809999999999647,
0.8544999999999998,-0.15130000000000088,0.8271999999999995,-1.1089000000000002,-0.940900000000001,-0.15610000000000035,-0.8902000000000001,-0.7036000000000007,-0.32670000000000066,-0.9068000000000005,-0.27000000000001023,0.11400000000000077,-0.4259999999999664,0.11100000000000776,-0.08999999999995012,0.8190000000000097,0.7739999999999814,1.0380000000000056,0.6299999999999972,1.1099999999999977,
0.8454999999999995,-0.14750000000000085,0.8130000000000006,-1.1052,-0.9438999999999993,-0.12880000000000003,-0.8644000000000007,-0.6690000000000005,-0.30570000000000075,-0.8698000000000006,-0.40799999999995507,-0.2159999999999762,-0.5609999999999715,0.14700000000003044,-0.1260000000000261,0.4019999999999957,0.5610000000000248,0.4860000000000131,0.5070000000000174,0.384000000000011,
0.831900000000001,-0.15470000000000006,0.7943000000000016,-1.100299999999999,-0.9481000000000002,-0.11540000000000017,-0.8456999999999999,-0.6528,-0.28880000000000017,-0.8570000000000002,-0.003000000000046299,0.40499999999996206,-0.06600000000005934,0.1679999999999282,0.6029999999999802,0.6570000000000142,0.49800000000001177,0.6690000000000129,0.5130000000000301,0.5400000000000205,
0.8317999999999994,-0.14120000000000132,0.7920999999999996,-1.0947000000000013,-0.9280000000000008,-0.0934999999999997,-0.8290999999999995,-0.6304999999999996,-0.27169999999999916,-0.8389999999999995,0.3090000000000259,0.15000000000002345,0.06600000000000605,0.3840000000000643,0.20100000000001117,0.37500000000000533,0.23099999999999454,0.37500000000000533,0.2609999999999779,0.18599999999999284,
-0.13620000000000054,0.8421000000000003,0.7942999999999998,-1.0818999999999992,-0.9213000000000005,-0.8213999999999997,-0.08099999999999952,-0.6179999999999994,-0.2629999999999999,-0.8327999999999998,0.15300000000001646,-0.35700000000002063,-0.18899999999998585,0.2549999999999919,0.5309999999999881,0.8819999999999961,0.47099999999999476,0.2999999999999936,0.5069999999999908,0.4019999999999957,
-0.1311,0.8301999999999996,0.7880000000000003,-1.0733999999999995,-0.9036000000000008,-0.7919999999999998,-0.06529999999999969,-0.6079999999999997,-0.2461000000000002,-0.8193999999999999,0.05399999999998073,-0.19199999999997885,-0.3510000000000346,0.4769999999999541,0.6540000000000212,0.5820000000000025,0.9149999999999991,0.6539999999999946,0.6690000000000129,0.3300000000000036,
-0.12930000000000064,0.8238000000000003,0.7762999999999991,-1.057500000000001,-0.8818000000000001,-0.7725999999999997,-0.03479999999999972,-0.5861999999999998,-0.22379999999999978,-0.8083999999999998,-0.4680000000000284,-0.32100000000005124,-0.384000000000011,-0.36300000000000665,-0.39900000000002933,0.11400000000000077,-0.05999999999999339,-0.0059999999999860165,0.12000000000001343,-0.1949999999999985,
-0.14490000000000158,0.8130999999999986,0.7634999999999987,-1.0696000000000012,-0.8951000000000011,-0.7687999999999997,-0.0367999999999995,-0.5863999999999994,-0.21979999999999933,-0.8148999999999997,-0.13499999999995183,-0.2549999999999386,-0.01799999999995805,0.01800000000001134,0.5400000000000205,0.7019999999999893,0.3990000000000027,0.27599999999999625,0.42899999999998606,0.0029999999999930083,
-0.14939999999999998,0.8046000000000006,0.7629000000000001,-1.0690000000000008,-0.11260000000000048,-0.7454000000000001,-0.02349999999999941,-0.5771999999999995,-0.2054999999999998,-1.1875,0.6899999999999906,0.7049999999999557,0.4349999999999987,0.381000000000018,0.36300000000000665,0.2400000000000002,0.2639999999999709,0.2069999999999972,0.23099999999999454,0.5849999999999955,
-0.1264000000000003,0.8280999999999992,0.7774000000000001,-1.0563000000000002,-0.10050000000000026,-0.7374,-0.01470000000000038,-0.5702999999999996,-0.19779999999999998,-1.1680000000000001,-0.4769999999999541,-0.5519999999999392,-0.12299999999997979,-0.020999999999951058,-0.05699999999997374,0.5010000000000048,0.16200000000002213,-0.057000000000000384,0.13500000000000512,0.24900000000000588,
-0.14229999999999876,0.8097000000000012,0.7733000000000008,-1.0569999999999986,-0.10239999999999938,-0.7206999999999999,-0.009299999999999642,-0.5721999999999996,-0.1932999999999998,-1.1597,0.6239999999999846,0.36299999999995336,0.329999999999977,0.8399999999999608,0.3029999999999866,0.9839999999999982,0.9329999999999838,0.2609999999999779,0.6030000000000069,0.7650000000000023,
-0.12149999999999928,0.8217999999999996,0.7843,-1.029,-0.09229999999999983,-0.6879,0.02179999999999982,-0.5635000000000003,-0.17319999999999958,-1.1341999999999999,-0.1260000000000261,-0.5999999999999872,-0.2609999999999779,0.11699999999999378,-0.2970000000000006,-0.07200000000001872,-0.3420000000000023,-0.5609999999999982,-0.5370000000000275,-0.4710000000000214,
-0.12570000000000014,0.8018000000000001,0.7756000000000007,-1.0251000000000001,-0.10219999999999985,-0.6903000000000006,0.010399999999999743,-0.5822000000000003,-0.1911000000000005,-1.1499000000000006,-0.18000000000000682,0.2489999999999526,0.1259999999999728,0.24599999999995958,0.3809999999999647,0.39900000000002933,0.5100000000000104,0.0,0.5340000000000078,0.024000000000024002,
-0.13170000000000037,0.8100999999999985,0.7797999999999998,-1.0169000000000015,-0.7719000000000005,-0.6769999999999996,0.02740000000000009,-0.5822000000000003,-0.17330000000000023,-0.8404999999999996,-0.045000000000001705,-0.6209999999999383,-0.23999999999997357,0.1290000000000191,0.40500000000001535,-0.19800000000001816,-0.6570000000000142,-0.4949999999999921,-0.774000000000008,-0.8430000000000337,
-0.13320000000000043,0.7894000000000005,0.7718000000000007,-1.0126000000000008,-0.7584,-0.6836000000000002,0.005499999999999616,-0.5987,-0.1991000000000005,-0.8686000000000007,0.381000000000018,0.5249999999999488,0.2549999999999386,0.6150000000000055,0.8999999999999808,0.2879999999999949,0.389999999999997,0.1079999999999881,0.2940000000000076,-0.4019999999999957,
-0.12049999999999983,0.8068999999999988,0.7802999999999987,-0.9921000000000006,-0.7284000000000006,-0.6740000000000004,0.018499999999999517,-0.5951000000000004,-0.18930000000000025,-0.8820000000000006,0.4709999999999681,-0.39599999999998303,-0.0029999999999397176,0.8100000000000307,0.5460000000000065,-0.4410000000000114,-0.32699999999998397,-0.4469999999999974,-0.6659999999999933,-0.9240000000000048,
-0.10480000000000089,0.7936999999999994,-0.9650999999999996,0.7802000000000007,-0.7102000000000004,-0.6887000000000008,0.007600000000000051,-0.21150000000000002,-0.6100000000000003,-0.9128000000000007,1.164000000000005,0.8220000000000027,1.3349999999999795,0.7979999999999521,1.5419999999999767,0.36300000000000665,0.39899999999997604,-0.00900000000000567,0.1920000000000055,-0.21899999999999586,
-0.06600000000000072,0.8210999999999995,-0.9206000000000003,0.8067999999999991,-0.6588000000000012,-0.6766000000000005,0.020899999999999253,-0.2118000000000002,-0.6036000000000001,-0.9201000000000006,0.36899999999999267,0.012000000000025324,0.5819999999999759,0.06899999999999906,0.3960000000000363,-0.5519999999999659,-0.6359999999999566,-0.5699999999999772,-0.4349999999999721,-0.9269999999999712,
-0.05370000000000097,0.8215000000000003,-0.9012000000000011,0.809099999999999,-0.6456,-0.6949999999999994,-2.999999999993008E-4,-0.23079999999999945,-0.6180999999999992,-0.9509999999999996,0.7140000000000413,0.5519999999999925,0.9540000000000148,0.4800000000000004,0.9239999999999782,-0.2190000000000225,-0.08100000000002439,-0.381000000000018,-0.012000000000025324,-0.0840000000000174,
-0.029899999999999594,0.8399000000000001,-0.8694000000000006,0.8250999999999991,-0.6148000000000007,-0.7023000000000001,-0.0030000000000001137,-0.24350000000000005,-0.6185,-0.9538000000000002,0.4680000000000284,0.003000000000046299,0.432000000000059,-0.0779999999999248,0.05100000000004101,-0.23399999999998755,-0.359999999999987,-0.43799999999999173,-0.39599999999998303,-0.5729999999999702,
-0.014299999999998647,0.8400000000000016,-0.8549999999999986,0.8225000000000016,-0.6130999999999993,-0.7100999999999997,-0.01499999999999968,-0.2580999999999998,-0.6316999999999995,-0.9728999999999992,1.3409999999999123,0.5399999999999139,2.075999999999958,0.4259999999999131,1.3289999999999402,-0.14100000000001778,-0.10800000000001475,-0.8880000000000088,0.08699999999998376,-0.8790000000000298,
0.03039999999999843,-0.7858,0.8579999999999988,0.8366999999999987,-0.5688000000000013,-0.7148000000000003,-0.28770000000000007,-0.018600000000000172,-0.6288,-1.0022000000000002,0.7080000000000553,0.8939999999999948,0.40500000000001535,0.18900000000003914,0.7860000000000333,-0.5549999999999855,-0.12599999999999945,-0.16199999999999548,-0.14099999999999113,-0.359999999999987,
0.05400000000000027,-0.7560000000000002,0.8714999999999993,0.843,-0.5426000000000002,-0.7332999999999998,-0.29190000000000005,-0.02400000000000002,-0.6334999999999997,-1.0141999999999998,0.9330000000000105,1.0650000000000226,0.2190000000000225,0.10800000000001475,0.19500000000002515,0.4800000000000004,0.2850000000000019,0.7919999999999927,0.8369999999999944,0.6779999999999919,
0.08510000000000062,-0.7204999999999995,0.8788,0.8466000000000005,-0.5360999999999994,-0.7172999999999998,-0.2824,0.0023999999999997357,-0.6055999999999999,-0.9916,0.78599999999998,1.155000000000026,0.3480000000000416,0.05400000000003402,0.6780000000000186,-0.2850000000000019,-0.8910000000000018,-0.47399999999998776,-0.37500000000000533,-0.4770000000000074,
0.11129999999999995,-0.6819999999999986,0.8904000000000014,0.8484000000000016,-0.5134999999999987,-0.7267999999999999,-0.31210000000000004,-0.013399999999999856,-0.6181000000000001,-1.0075000000000003,0.6899999999999906,0.5309999999999881,0.1259999999999728,-0.1290000000000191,-0.378000000000025,0.02700000000001701,0.15600000000000946,0.6720000000000059,0.4410000000000114,0.1260000000000261,
-0.664299999999999,0.13429999999999964,0.8946000000000005,0.844100000000001,-0.5260999999999996,-0.30689999999999973,-0.7258999999999993,0.009000000000000341,-0.6033999999999997,-1.0032999999999994,1.6769999999999285,0.8640000000000114,-0.4680000000000284,-0.7260000000000666,-0.23100000000004783,-0.6480000000000086,0.43199999999997907,-0.15000000000002345,0.4529999999999834,0.02399999999997071,
-0.6084000000000014,0.16310000000000002,0.8789999999999996,0.8198999999999987,-0.5338000000000012,-0.3285,-0.7115,0.0039999999999995595,-0.5883000000000003,-1.0025000000000004,0.7500000000000107,0.9029999999999738,0.4169999999999874,0.23100000000004783,0.5160000000000231,-0.1649999999999885,-0.3479999999999883,0.07800000000000473,0.21300000000000985,0.2820000000000089,
-0.583400000000001,0.19319999999999915,0.8928999999999991,0.8276000000000003,-0.5166000000000004,-0.33399999999999963,-0.7230999999999996,0.006599999999999717,-0.5811999999999999,-0.9931000000000001,0.831000000000035,0.45000000000001705,0.01800000000001134,-0.41100000000000136,-0.07799999999997809,0.45600000000000307,0.31800000000000495,0.5220000000000091,0.5609999999999982,0.45000000000001705,
-0.5556999999999999,0.20819999999999972,0.8934999999999995,0.8139000000000003,-0.5191999999999997,-0.31879999999999953,-0.7124999999999995,0.02400000000000002,-0.5625,-0.9780999999999995,0.3449999999999953,0.3330000000000233,-0.0809999999999711,-0.0870000000000104,-0.06300000000001305,-0.4830000000000201,-0.05400000000003402,-0.2790000000000159,-0.12599999999999945,-0.2670000000000172,
-0.5442,0.2193000000000005,0.8908000000000005,0.8109999999999999,-0.5213000000000001,-0.3349000000000002,-0.7143000000000006,0.014699999999999491,-0.5667,-0.9870000000000001,0.5190000000000161,0.24600000000001288,-0.3719999999999857,-0.4619999999999891,-0.5009999999999515,-0.5069999999999908,-0.24899999999997924,-0.045000000000001705,0.1049999999999951,0.11999999999998678,
-0.5268999999999995,0.22750000000000092,0.878400000000001,0.7956000000000003,-0.5379999999999985,-0.3517999999999999,-0.7225999999999999,0.013199999999999434,-0.5632000000000001,-0.9830000000000005,0.728999999999953,0.15299999999996317,-0.13800000000005141,-0.5670000000000108,-0.27900000000004255,0.6359999999999832,0.42899999999998606,0.49200000000002575,0.6240000000000112,0.5340000000000078,
-0.502600000000001,0.2325999999999997,0.8737999999999992,0.7767,-0.5472999999999999,-0.33060000000000045,-0.7083000000000004,0.029600000000000293,-0.5423999999999998,-0.9652000000000003,0.5940000000000545,0.1260000000000261,-0.19799999999996487,-0.18299999999999983,-0.19499999999997186,-0.0629999999999864,0.381000000000018,0.41100000000000136,0.36300000000000665,0.414000000000021,
-0.48279999999999923,0.23680000000000057,0.8672000000000004,0.7706,-0.553799999999999,-0.3327,-0.6955999999999998,0.04330000000000034,-0.5302999999999995,-0.9513999999999996,-0.16500000000004178,-0.09299999999999642,-0.32099999999999795,-0.8400000000000141,-0.378000000000025,0.3360000000000163,-0.0420000000000087,-0.08099999999999774,0.011999999999998678,0.023999999999997357,
-0.4883000000000006,0.23370000000000068,0.8565000000000005,0.7425999999999995,-0.5663999999999998,-0.32149999999999945,-0.6970000000000001,0.040600000000000414,-0.5298999999999996,-0.9505999999999997,0.2550000000000452,-0.39599999999998303,-0.21899999999996922,-0.13499999999995183,-0.2939999999999543,0.17999999999998018,0.41100000000000136,0.7200000000000006,1.103999999999985,0.7290000000000063,
-0.4797999999999991,0.22050000000000125,0.8492000000000015,0.7381000000000011,-0.5761999999999983,-0.3155000000000001,-0.6833,0.06460000000000043,-0.4931000000000001,-0.9262999999999995,-0.15300000000001646,-0.4620000000000424,-0.5430000000000668,-0.9300000000000175,-0.41700000000004067,0.25500000000001855,-0.011999999999998678,-0.17100000000000115,-0.1920000000000055,-0.015000000000018332,
-0.48489999999999966,0.20509999999999984,0.8310999999999993,0.7071000000000005,-0.5900999999999996,-0.3069999999999995,-0.6837,0.058900000000000396,-0.4995000000000003,-0.9268000000000001,0.27899999999998926,-0.07500000000003837,0.008999999999979025,-0.027000000000043656,0.014999999999965041,0.3089999999999993,0.746999999999991,0.6149999999999789,0.6480000000000086,0.6179999999999986,
-0.4756,0.20259999999999856,0.8313999999999986,0.706199999999999,-0.5896000000000008,-0.2966999999999995,-0.6588000000000003,0.07939999999999969,-0.4779,-0.9062000000000001,0.1770000000000138,-0.023999999999944066,-0.43499999999994543,0.027000000000043656,5.3290705182007514E-14,-0.5460000000000065,-0.1679999999999815,-0.4229999999999734,-0.22199999999998887,-0.3749999999999787,
-0.46969999999999956,0.20180000000000042,0.8169000000000004,0.7071000000000005,-0.589599999999999,-0.31489999999999974,-0.6643999999999997,0.06530000000000058,-0.4852999999999996,-0.9186999999999994,0.23999999999997357,-0.5490000000000528,-0.35700000000002063,-0.32700000000003726,-0.2190000000000758,0.2099999999999902,0.20099999999998452,0.38399999999998435,0.06899999999999906,0.18299999999999983,
-0.46170000000000044,0.18349999999999866,0.8049999999999997,0.6961999999999993,-0.5969000000000015,-0.30790000000000006,-0.6577000000000002,0.07810000000000006,-0.48299999999999965,-0.9125999999999994,0.05399999999998073,0.03300000000002967,-0.27899999999998926,-0.0389999999999624,-0.11099999999995447,0.25800000000001155,0.5700000000000038,0.5759999999999899,0.5069999999999908,0.4529999999999834,
-0.4599000000000011,0.18459999999999965,0.7957000000000001,0.6949000000000005,-0.6006,-0.2992999999999997,-0.6387,0.09729999999999972,-0.46609999999999996,-0.8975,-0.4199999999999804,-0.9239999999999782,-0.36599999999999966,-0.1679999999999815,-0.18899999999998585,-0.24000000000002686,-0.2519999999999989,-0.18000000000000682,-0.18600000000001948,-0.25500000000001855,
-0.47390000000000043,0.15380000000000038,0.7835000000000001,0.6893000000000011,-0.6068999999999996,-0.3073000000000006,-0.6471,0.09129999999999949,-0.4723000000000006,-0.9060000000000006,0.1710000000000278,-0.2190000000000225,-0.31500000000001194,-0.048000000000048004,0.02100000000000435,0.702000000000016,0.7049999999999823,0.9480000000000022,0.7559999999999967,0.41100000000000136,
-0.4681999999999995,0.14649999999999963,0.7729999999999997,0.6876999999999995,-0.6061999999999994,-0.28390000000000004,-0.6236000000000006,0.12289999999999957,-0.4471000000000007,-0.8923000000000005,0.06899999999999906,-0.23699999999998056,-0.2099999999999902,0.2670000000000172,0.09899999999998244,0.6570000000000142,0.9960000000000235,1.0800000000000143,0.9570000000000345,0.5040000000000244,
-0.46589999999999954,0.13860000000000028,0.766,0.6966000000000001,-0.15220000000000056,-0.26199999999999957,-0.5903999999999998,0.15890000000000004,-0.41519999999999957,-1.0419,0.27000000000001023,0.22200000000001552,0.48299999999999343,0.7589999999999897,0.49200000000002575,-0.46200000000001573,-0.9090000000000131,-0.4290000000000127,-0.5400000000000205,-0.5069999999999908,
-0.4568999999999992,0.1460000000000008,0.7820999999999998,0.7218999999999998,-0.1357999999999997,-0.2774000000000001,-0.6207000000000003,0.14459999999999962,-0.43320000000000025,-1.0587999999999997,0.01799999999995805,-0.3360000000000696,-0.2580000000000382,-0.20400000000000418,0.11999999999998678,0.2699999999999836,0.5279999999999951,0.6630000000000003,0.3390000000000093,0.4109999999999747,
-0.4563000000000006,0.13479999999999848,0.7734999999999985,0.7150999999999996,-0.13180000000000014,-0.26840000000000064,-0.6031000000000004,0.16669999999999963,-0.42189999999999994,-1.0451000000000006,0.13500000000000512,0.2160000000000295,-0.21599999999992292,-0.10799999999996146,-0.23999999999997357,-0.8069999999999844,-0.48599999999998644,-0.15900000000000247,-0.7200000000000006,-0.3149999999999853,
-0.4518000000000004,0.14199999999999946,0.7663000000000011,0.7115000000000009,-0.13979999999999926,-0.2953000000000001,-0.6193,0.16139999999999954,-0.44589999999999996,-1.0556,-0.11099999999995447,5.3290705182007514E-14,-0.05400000000003402,0.1679999999999815,0.05099999999998772,0.11400000000000077,-0.09899999999998244,0.5760000000000165,0.5039999999999978,0.4740000000000144,
-0.4554999999999989,0.14200000000000124,0.7645,0.7171000000000003,-0.13809999999999967,-0.2915000000000001,-0.6225999999999994,0.1806000000000001,-0.42910000000000004,-1.0397999999999996,-0.08100000000007768,0.10499999999991516,-0.31500000000001194,-0.11400000000005406,0.2609999999999779,-0.4890000000000061,-0.6720000000000326,-0.006000000000012662,-0.46200000000001573,0.017999999999984695,
-0.4582000000000015,0.1454999999999984,0.7539999999999996,0.7132999999999985,-0.1294000000000004,-0.3078000000000003,-0.6450000000000005,0.18039999999999967,-0.44450000000000056,-1.0392000000000001,0.2610000000000845,0.01800000000006463,0.2670000000000172,0.14700000000008373,-0.044999999999948415,0.25200000000002554,0.10800000000001475,0.45300000000001006,-0.03899999999998904,0.13500000000000512,
-0.4494999999999987,0.14610000000000056,0.7629000000000001,0.7182000000000013,-0.13089999999999868,-0.29939999999999944,-0.6414,0.1955,-0.4458000000000002,-1.0347,0.43799999999993844,0.7439999999999714,-0.15600000000000946,0.07199999999993878,0.10499999999996845,-0.6660000000000199,-0.4139999999999944,0.06300000000001305,0.09300000000002306,-0.00900000000000567,
-0.43490000000000073,0.1708999999999996,0.7576999999999998,0.7205999999999992,-0.12739999999999974,-0.3216000000000001,-0.6551999999999998,0.19760000000000044,-0.4426999999999994,-1.0350000000000001,0.24900000000005917,0.40200000000002234,-0.029999999999983373,-0.2549999999999386,-0.0839999999999641,0.5940000000000012,0.1259999999999728,0.6989999999999696,0.2309999999999679,0.7200000000000006,
-0.42659999999999876,0.18430000000000035,0.7567000000000004,0.7121000000000013,-0.13019999999999854,-0.30180000000000007,-0.6510000000000007,0.22089999999999943,-0.4350000000000005,-1.0110000000000001,0.9389999999999432,1.037999999999979,1.029,0.6329999999999636,0.23999999999992028,-1.062000000000003,-1.0740000000000016,0.4440000000000044,-0.6569999999999876,0.18599999999999284,
-0.39530000000000065,0.21889999999999965,0.7910000000000004,0.7332000000000001,-0.1222000000000012,-0.33720000000000017,-0.6868000000000007,0.23569999999999958,-0.4569000000000001,-1.0048000000000004,0.39900000000002933,0.8039999999999914,0.03599999999996939,-0.15000000000002345,0.045000000000001705,-0.4079999999999817,-0.5609999999999715,-0.0059999999999860165,0.03000000000001002,2.6645352591003757E-14,
-0.3819999999999997,0.24569999999999936,0.7921999999999993,0.7281999999999993,-0.12070000000000114,-0.35079999999999956,-0.7054999999999998,0.23550000000000004,-0.45589999999999975,-1.0047999999999995,0.48599999999998644,0.5940000000000545,0.3030000000000399,0.44100000000003803,0.05100000000004101,-0.24900000000000588,-0.4860000000000131,0.4860000000000131,0.1949999999999985,0.5099999999999838,
-0.3658000000000001,0.2655000000000012,0.8023000000000007,0.7429000000000006,-0.11899999999999977,-0.35909999999999975,-0.7217000000000002,0.2517000000000005,-0.4493999999999998,-0.9878,0.6090000000000195,0.9029999999999738,0.11999999999998678,0.047999999999994714,-0.09899999999998244,-0.5670000000000108,-0.746999999999991,-0.22800000000002818,-0.49500000000001876,-0.1320000000000121,
-0.3454999999999995,0.2956000000000003,0.8063000000000002,0.7445000000000004,-0.12229999999999919,-0.3780000000000001,-0.7465999999999999,0.24409999999999954,-0.4659000000000004,-0.9922000000000004,0.7589999999999897,0.5369999999999742,0.41100000000000136,0.18299999999999983,0.13199999999995882,-0.2069999999999972,-0.3360000000000163,0.12300000000000644,0.25500000000001855,-0.057000000000000384,
-0.3201999999999998,0.31349999999999945,0.8200000000000003,0.7506000000000004,-0.11790000000000056,-0.3849,-0.7578000000000005,0.24819999999999975,-0.4573999999999998,-0.9941000000000004,1.6500000000000448,1.7040000000000255,1.0020000000000095,0.8790000000000298,0.09600000000004272,-0.9899999999999842,-0.9599999999999742,-0.05399999999998073,0.06899999999999906,-0.2669999999999906,
-0.2651999999999983,0.3703000000000003,0.8534000000000006,0.7799000000000014,-0.11469999999999914,-0.4178999999999995,-0.7897999999999996,0.2464000000000004,-0.45509999999999984,-1.0030000000000001,0.6209999999999916,0.16500000000004178,-0.17399999999996751,0.11400000000000077,-0.5430000000000135,-0.40500000000001535,-1.0740000000000283,-0.34500000000002196,-0.1920000000000055,0.14399999999998414,
-0.2444999999999986,0.8476000000000017,0.3758000000000017,0.7837000000000014,-0.13279999999999959,-0.4314,0.23489999999999966,-0.8256000000000006,-0.4615,-0.9982000000000006,0.8639999999999581,0.9569999999999546,0.6749999999999723,0.5039999999999445,0.3390000000000093,-0.8489999999999931,-0.5609999999999982,-0.2669999999999906,-0.3270000000000106,-0.7979999999999787,
-0.2157,0.8795000000000002,0.39830000000000076,0.8004999999999995,-0.12149999999999928,-0.4596999999999998,0.21619999999999973,-0.8345000000000002,-0.4724000000000004,-1.0248,0.705000000000009,-0.27599999999999625,0.3509999999999813,-0.11100000000000776,-0.37200000000003897,0.3179999999999783,0.738000000000012,0.3479999999999883,0.5159999999999965,0.7559999999999967,
-0.1921999999999997,0.8703000000000003,0.7967999999999993,0.41000000000000014,-0.13390000000000057,-0.4491000000000005,0.24080000000000013,-0.4552000000000005,-0.8229000000000006,-0.9996,0.44699999999997075,0.18599999999999284,0.09000000000000341,0.11999999999998678,-0.4169999999999874,-0.6899999999999906,-0.46500000000000874,-0.14399999999998414,-0.9299999999999908,-0.19799999999999152,
-0.17730000000000068,0.8765000000000001,0.7997999999999994,0.4139999999999997,-0.14780000000000015,-0.4721000000000002,0.22529999999999983,-0.45999999999999996,-0.8539000000000003,-1.0061999999999998,1.037999999999979,0.08699999999995711,0.24600000000001288,0.10499999999996845,-1.1190000000000033,-0.21300000000000985,0.13500000000000512,0.2999999999999936,0.774000000000008,-0.1320000000000121,
-0.14270000000000138,0.8793999999999986,0.8079999999999998,0.41749999999999865,-0.18510000000000026,-0.4792000000000005,0.2298,-0.4500000000000002,-0.8281000000000001,-1.0106000000000002,0.3360000000000163,0.03300000000002967,-0.09900000000003573,-0.12299999999997979,-0.8850000000000158,0.16200000000002213,0.354000000000001,0.807000000000011,0.5460000000000065,0.9900000000000109,
-0.13150000000000084,0.8046999999999986,0.4133999999999993,0.8804999999999996,-0.2146000000000008,-0.4737999999999998,-0.4230999999999998,-0.8098999999999998,0.24160000000000004,-0.9775999999999998,0.10500000000002174,-0.45300000000001006,-0.07199999999999207,-0.18599999999999284,-1.0109999999999886,0.0029999999999930083,0.2670000000000172,0.3390000000000093,0.1949999999999985,0.19800000000001816,
-0.1280000000000001,0.7895999999999983,0.4109999999999996,0.8742999999999999,-0.2483000000000004,-0.4737,-0.41419999999999924,-0.7985999999999995,0.2481,-0.9709999999999992,0.389999999999997,0.0900000000000567,-0.09299999999999642,-0.05099999999998772,-0.6509999999999749,-0.43799999999999173,-0.34800000000001496,0.24599999999998623,-0.05999999999999339,-0.5130000000000035,
-0.11500000000000021,0.4078999999999997,0.7926000000000002,0.8726000000000003,-0.2699999999999996,-0.48829999999999973,-0.7904,-0.42579999999999973,0.2461000000000002,-0.9880999999999993,0.18599999999999284,-0.6809999999999583,-0.35399999999997434,-0.4320000000000057,-0.8130000000000237,0.07500000000001172,0.8880000000000088,0.7500000000000107,0.27599999999999625,1.031999999999993,
-0.10880000000000045,0.3852000000000011,0.780800000000001,0.8582000000000001,-0.29710000000000036,-0.48579999999999934,-0.7607999999999997,-0.4007999999999994,0.2553000000000001,-0.9536999999999995,0.3510000000000346,-0.09300000000004971,-0.0420000000000087,-0.03299999999997638,-1.8510000000000026,-0.03600000000002268,1.1880000000000024,0.12599999999999945,-0.2549999999999919,0.5399999999999938,
-0.0970999999999993,0.38209999999999944,0.7794000000000008,0.8571000000000009,-0.35880000000000045,-0.4870000000000001,-0.7211999999999996,-0.3965999999999994,0.24680000000000035,-0.9356999999999998,0.11399999999994748,-0.3029999999999866,-0.2130000000000365,-0.22800000000005483,-0.9659999999999869,0.14400000000001079,0.48299999999999343,0.08399999999999075,0.11400000000000077,0.6539999999999946,
-0.09330000000000105,0.3719999999999999,0.7722999999999995,0.849499999999999,-0.391,-0.48219999999999974,-0.7050999999999998,-0.3937999999999997,0.2506000000000004,-0.9138999999999999,0.01800000000006463,-0.6299999999999706,-0.01799999999995805,0.05100000000004101,-1.2059999999999604,-0.017999999999984695,0.7140000000000146,0.5580000000000052,-0.03000000000001002,0.3420000000000023,
-0.0926999999999989,0.35100000000000087,0.7717000000000009,0.8512000000000004,-0.4311999999999987,-0.48279999999999923,-0.6812999999999994,-0.37519999999999953,0.24960000000000004,-0.9024999999999999,-0.009000000000032315,-0.2550000000000452,-0.32700000000003726,-0.3390000000000093,-0.7320000000000526,-0.04800000000002136,0.6449999999999889,-0.03600000000002268,-0.0870000000000104,0.6869999999999976,
-0.09299999999999997,0.34249999999999936,0.7607999999999997,0.8399000000000001,-0.45560000000000045,-0.48439999999999994,-0.6597999999999997,-0.3764000000000003,0.2466999999999997,-0.8795999999999999,-0.45000000000001705,-0.6269999999999776,-0.27599999999999625,-0.40500000000001535,-1.1939999999999884,0.27300000000000324,0.5010000000000048,0.36300000000000665,0.2910000000000146,0.37500000000000533,
-0.10800000000000054,0.3216000000000001,0.7515999999999998,0.8263999999999996,-0.49540000000000006,-0.47529999999999983,-0.6430999999999996,-0.36430000000000007,0.2564000000000002,-0.8670999999999998,-0.5910000000000082,-0.8400000000000141,-0.6209999999999916,-0.4619999999999891,-2.259000000000011,0.7979999999999787,1.1879999999999757,0.7349999999999923,0.0629999999999864,1.6619999999999902,
-0.1277000000000008,0.29359999999999964,0.7309000000000001,0.8109999999999999,-0.5707000000000004,-0.44870000000000054,-0.6035000000000004,-0.3398000000000003,0.25849999999999973,-0.8117000000000001,-0.5849999999999689,-0.6209999999999916,-0.3449999999999953,-0.8099999999999774,-0.9509999999999685,0.4860000000000131,0.5039999999999978,-0.0029999999999930083,0.20099999999998452,1.23899999999999,
-0.14719999999999978,0.2728999999999999,0.7194000000000003,0.7840000000000007,-0.6023999999999994,-0.4325000000000001,-0.5867000000000004,-0.3399000000000001,0.2651999999999992,-0.7704000000000004,-0.4199999999999804,-0.44399999999997775,-0.13500000000000512,0.029999999999983373,-1.0050000000000026,0.47399999999998776,0.5190000000000161,0.6539999999999946,0.4380000000000184,1.0440000000000182,
-0.16119999999999912,0.25810000000000066,0.7149000000000001,0.7850000000000001,-0.6358999999999995,-0.4167000000000005,-0.5693999999999999,-0.31810000000000027,0.2797999999999998,-0.7355999999999998,-0.6750000000000256,-0.432000000000059,-0.11700000000004707,-0.5730000000000501,-1.0380000000000322,0.18600000000001948,0.389999999999997,0.11400000000002741,-0.22499999999998188,1.164000000000005,
-0.18369999999999997,0.2436999999999987,0.7109999999999985,0.7658999999999985,-0.6705000000000005,-0.41049999999999986,-0.5564,-0.31429999999999936,0.27230000000000043,-0.6967999999999996,-0.41100000000000136,-0.5909999999999549,-0.2639999999999709,-0.39599999999998303,-1.2780000000000058,0.4619999999999891,0.810000000000004,0.5879999999999885,0.45899999999996943,1.6349999999999731,
-0.19740000000000002,0.2240000000000002,0.7021999999999995,0.752699999999999,-0.7131000000000007,-0.39510000000000023,-0.5293999999999999,-0.29469999999999974,0.2875999999999994,-0.6423000000000005,-1.2690000000000268,-0.3420000000000023,-0.18299999999999983,-0.656999999999961,-1.946999999999992,0.5220000000000091,0.36299999999998,0.2729999999999766,0.3240000000000176,2.1810000000000063,
-0.2397000000000009,0.21260000000000012,0.6960999999999995,0.7308000000000003,-0.7780000000000005,-0.3776999999999999,-0.5173000000000005,-0.2856000000000005,0.2984,-0.5696000000000003,-0.6779999999999653,-1.0500000000000043,-0.16199999999999548,-0.5130000000000301,-1.0799999999999876,0.3390000000000093,0.414000000000021,0.31200000000001893,0.45300000000001006,1.3470000000000315,
-0.26229999999999976,0.17759999999999998,0.6906999999999996,0.7136999999999993,-0.8140000000000001,-0.3663999999999996,-0.5034999999999998,-0.2751999999999999,0.31350000000000033,-0.5246999999999993,-0.5700000000000038,-0.3029999999999866,-0.1289999999999658,-0.1259999999999728,-0.9360000000000035,0.33299999999997,-0.07500000000001172,0.32399999999999096,0.29399999999998094,0.7949999999999591,
-0.2812999999999999,0.16750000000000043,0.6864000000000008,0.7095000000000002,-0.8452000000000002,-0.3553000000000006,-0.5060000000000002,-0.2644000000000002,0.3232999999999997,-0.49820000000000064,-0.32699999999998397,-0.22800000000000153,0.18299999999999983,-0.11999999999998678,-0.710999999999995,-0.13499999999997847,-0.12599999999999945,-0.14399999999998414,-0.22800000000000153,0.27000000000001023,
-0.29219999999999935,0.15990000000000038,0.6925000000000008,0.7055000000000007,-0.8689,-0.3597999999999999,-0.5102000000000002,-0.26919999999999966,0.31569999999999965,-0.4892000000000003,-0.30899999999997263,-0.10199999999997544,-0.09599999999998943,0.02100000000000435,-0.5699999999999505,0.6690000000000129,0.07500000000001172,0.1470000000000038,0.6240000000000112,1.1160000000000103,
-0.30249999999999844,0.1565000000000012,0.6893000000000011,0.7062000000000008,-0.8878999999999984,-0.33749999999999947,-0.5076999999999998,-0.26429999999999954,0.3365,-0.45199999999999996,-0.7860000000000333,-0.13800000000005141,0.27599999999994296,-0.4680000000000284,-1.4010000000000389,-0.13500000000000512,-0.2400000000000002,-0.0029999999999930083,-0.17699999999998717,1.1010000000000186,
-0.32869999999999955,0.15189999999999948,0.6984999999999992,0.6905999999999999,-0.9345999999999997,-0.34199999999999964,-0.5156999999999998,-0.2643999999999993,0.33060000000000045,-0.41529999999999934,-0.713999999999988,-0.656999999999961,-0.39599999999998303,-0.06599999999995276,-1.0020000000000095,-0.15000000000002345,-0.6450000000000156,-0.18600000000004613,-0.02700000000001701,0.36299999999998,
-0.35249999999999915,0.13000000000000078,0.6852999999999998,0.6884000000000015,0.2591999999999999,-0.3470000000000004,-0.5372000000000003,-0.27060000000000084,0.3296999999999999,-1.0107000000000008,-0.05100000000004101,0.2999999999999936,0.3749999999999787,0.020999999999951058,0.011999999999972033,0.06899999999999906,-0.3479999999999883,0.2910000000000146,0.5879999999999885,0.5760000000000165,
-0.3542000000000005,0.14000000000000057,0.6977999999999991,0.6890999999999998,0.25959999999999894,-0.34470000000000045,-0.5488,-0.26090000000000035,0.3492999999999995,-0.9915000000000003,-0.5339999999999812,-0.5670000000000108,-0.5159999999999698,-0.5819999999999759,-0.09299999999994313,0.32099999999999795,0.4589999999999961,0.3990000000000027,-0.0029999999999930083,0.4499999999999904,
-0.3719999999999999,0.12110000000000021,0.6806000000000001,0.6697000000000006,0.25650000000000084,-0.3340000000000005,-0.5335000000000001,-0.24760000000000026,0.34919999999999973,-0.9765000000000006,-0.14400000000003743,-0.07500000000003837,0.17699999999996052,0.041999999999955406,0.36299999999995336,-0.37500000000000533,-0.7319999999999993,-0.2970000000000006,0.1470000000000038,0.5220000000000091,
-0.37680000000000113,0.11859999999999893,0.6864999999999988,0.6710999999999991,0.2685999999999993,-0.3465000000000007,-0.5579000000000001,-0.2575000000000003,0.35409999999999986,-0.9591000000000003,-0.09899999999998244,0.027000000000043656,0.3060000000000329,0.01800000000001134,0.31800000000000495,-0.38999999999997037,-0.5339999999999812,0.4320000000000057,0.5370000000000008,0.8400000000000141,
-0.38010000000000055,0.11950000000000038,0.6966999999999999,0.6716999999999995,0.27919999999999945,-0.3594999999999997,-0.5756999999999994,-0.2431000000000001,0.3719999999999999,-0.9310999999999998,-0.22500000000000853,-0.09299999999999642,0.39599999999998303,0.0870000000000104,0.4589999999999961,-0.09900000000000908,-0.10200000000000209,-0.014999999999991687,0.06600000000000605,0.2669999999999906,
-0.38760000000000083,0.1164000000000005,0.7098999999999993,0.6745999999999999,0.2944999999999993,-0.3628,-0.5790999999999995,-0.24359999999999982,0.3742000000000001,-0.9222000000000001,-0.2069999999999972,-0.36000000000001364,0.2519999999999989,0.14999999999997016,0.2549999999999919,-0.015000000000018332,-0.44400000000003104,0.08099999999999774,0.1049999999999951,0.2669999999999906,
-0.39450000000000074,0.10440000000000005,0.7182999999999993,0.6795999999999989,0.30299999999999905,-0.3633000000000006,-0.5939000000000005,-0.2408999999999999,0.3776999999999999,-0.9133000000000004,0.07800000000003138,0.2849999999999753,-0.026999999999990365,-0.05399999999998073,0.6780000000000186,2.6645352591003757E-14,-0.19499999999997186,-0.07199999999999207,0.054000000000007375,0.39900000000002933,
-0.3918999999999997,0.11389999999999922,0.7173999999999996,0.6777999999999995,0.32559999999999967,-0.36329999999999973,-0.6003999999999996,-0.24329999999999963,0.37950000000000017,-0.8999999999999995,-0.2910000000000146,0.015000000000018332,0.13500000000000512,0.0,0.10200000000002873,-0.09600000000001607,-0.08100000000002439,-0.11700000000002042,-0.03300000000000303,-0.07200000000001872,
-0.4016000000000002,0.11439999999999984,0.7218999999999998,0.6777999999999995,0.3290000000000006,-0.36650000000000027,-0.6031000000000004,-0.2472000000000003,0.37840000000000007,-0.9024000000000001,0.13799999999999812,0.01800000000001134,0.6690000000000396,0.3000000000000469,0.716999999999981,-0.779999999999994,-0.4800000000000004,-0.14400000000001079,-0.09900000000000908,-0.07500000000001172,
-0.39700000000000024,0.11500000000000021,0.6878000000000011,0.7442000000000011,0.3529,-0.39250000000000007,-0.6191000000000004,0.37509999999999977,-0.25200000000000067,-0.9049000000000005,-0.27000000000001023,-0.5340000000000344,0.11399999999994748,-0.19800000000001816,-0.03600000000002268,-0.06000000000002004,0.18000000000000682,0.17100000000000115,0.5010000000000048,0.5250000000000021,
-0.4060000000000006,0.09719999999999906,0.7376000000000005,0.6915999999999993,0.35169999999999924,-0.39450000000000074,-0.6131000000000002,-0.2353000000000005,0.3807999999999998,-0.8874000000000004,-0.03900000000001569,0.1770000000000138,0.4589999999999428,0.1770000000000138,0.2579999999999849,-0.6479999999999819,-0.2970000000000006,-0.6869999999999976,-0.22800000000000153,-0.5669999999999842,
-0.4073000000000011,0.10309999999999953,0.6974999999999998,0.7528999999999986,0.36029999999999873,-0.41610000000000014,-0.6230000000000002,0.37319999999999975,-0.25820000000000043,-0.9062999999999999,-0.2489999999999526,0.20700000000005048,0.1710000000000278,0.27600000000004954,0.13800000000005141,-0.6390000000000029,-0.33299999999999663,-0.23099999999999454,-0.5340000000000078,-0.6360000000000099,
-0.4155999999999995,0.11000000000000121,0.7032000000000007,0.7621000000000002,0.36490000000000045,-0.43740000000000023,-0.6341000000000001,0.36549999999999994,-0.2760000000000007,-0.9275000000000002,-1.2570000000000014,-1.146000000000047,-1.1010000000000453,-0.705000000000009,-0.8610000000000184,1.2690000000000268,1.3770000000000149,1.7039999999999988,1.5630000000000344,1.3860000000000205,
0.07179999999999964,-0.4574999999999996,0.7385999999999999,0.6664999999999992,0.33619999999999983,-0.5881999999999996,-0.39509999999999934,-0.22389999999999954,0.4222999999999999,-0.8812999999999995,-0.3059999999999796,-0.5129999999999768,0.387000000000004,0.2610000000000312,0.05400000000003402,0.3990000000000027,-0.6780000000000186,-0.4890000000000061,-1.0170000000000012,-0.37500000000000533,
0.06160000000000032,-0.4745999999999988,0.6752000000000002,0.7515000000000001,0.33800000000000097,-0.5748999999999995,-0.41769999999999996,0.38839999999999986,-0.24019999999999975,-0.8937999999999997,-0.27900000000004255,-0.5640000000000711,-0.32099999999999795,-0.19200000000003214,-0.20400000000005747,-0.12000000000004007,-0.4740000000000144,-0.09600000000001607,-0.3090000000000259,-0.2730000000000299,
0.0522999999999989,-0.49340000000000117,0.6645000000000003,0.745099999999999,0.33119999999999905,-0.5789000000000009,-0.43350000000000044,0.3851999999999993,-0.2505000000000006,-0.9029000000000007,-0.8549999999999791,-0.7589999999999897,-0.27000000000001023,-0.2970000000000006,-0.4349999999999987,0.8430000000000337,0.5040000000000244,0.2700000000000369,0.24900000000003253,0.006000000000039307,
0.0237999999999996,-0.5187000000000008,0.6555,0.735199999999999,0.3166999999999991,-0.5507999999999997,-0.4166999999999996,0.39420000000000055,-0.24219999999999953,-0.9026999999999994,-0.8850000000000158,-1.0050000000000026,-0.20400000000000418,-0.4619999999999891,-0.8939999999999948,0.5219999999999825,0.2609999999999779,0.4049999999999887,0.2879999999999949,0.29999999999996696,
-0.0057000000000009265,-0.5522000000000009,0.7197999999999993,0.6486999999999998,0.28689999999999927,-0.5334000000000003,-0.40800000000000036,-0.2325999999999997,0.4077000000000002,-0.8927000000000005,-0.2519999999999456,-0.6359999999999566,-0.06899999999994577,-0.31199999999996564,-0.44999999999996376,0.21600000000000286,0.735000000000019,-0.045000000000001705,-0.354000000000001,-0.3719999999999857,
-0.014099999999999113,-0.5733999999999995,0.638300000000001,0.7175000000000011,0.2719000000000005,-0.5262000000000002,-0.38349999999999973,0.39590000000000014,-0.23409999999999975,-0.9051,-1.5510000000000623,-1.4160000000000572,-0.2940000000000609,-0.3570000000000739,-1.3890000000000136,-0.014999999999991687,0.41100000000000136,-0.054000000000007375,-0.09000000000000341,-0.4049999999999887,
-0.06580000000000119,-0.6206000000000014,0.628499999999999,0.7055999999999987,0.22560000000000002,-0.5267,-0.3697999999999997,0.3940999999999999,-0.23709999999999987,-0.9185999999999996,-0.19199999999997885,-0.4259999999999664,0.11400000000000077,0.11100000000000776,-0.003000000000046299,-0.18000000000000682,0.7319999999999727,-0.40200000000002234,-0.4560000000000297,-0.12300000000003308,
-0.07220000000000049,-0.6348000000000003,0.632299999999999,0.7092999999999989,0.22549999999999848,-0.5327000000000002,-0.3454000000000006,0.38069999999999915,-0.25230000000000086,-0.9227000000000007,-1.2269999999999648,-1.034999999999986,-0.7439999999999714,-1.037999999999979,-1.316999999999915,1.410000000000018,1.2780000000000324,0.8520000000000394,1.1250000000000426,1.0560000000000436,
-0.11309999999999931,0.6746999999999996,0.6074999999999999,-0.6692999999999998,0.18160000000000132,-0.4856999999999996,-0.21479999999999944,0.40910000000000046,-0.3027999999999995,-0.8874999999999993,-0.8970000000000411,-0.09000000000000341,0.03299999999997638,-0.5340000000000344,-0.8550000000000324,0.05699999999997374,-0.10500000000002174,-0.24000000000002686,0.7019999999999627,0.0809999999999711,
-0.14300000000000068,0.6716999999999995,0.6085999999999991,-0.6871000000000009,0.15310000000000024,-0.48380000000000045,-0.21830000000000016,0.40109999999999957,-0.27940000000000076,-0.8848000000000003,-1.023000000000014,-0.39299999999999,-0.18299999999999983,-0.4290000000000127,-0.6750000000000256,0.6210000000000182,0.49800000000001177,0.7530000000000037,1.3950000000000262,0.6360000000000099,
-0.17710000000000115,0.6585999999999999,0.6024999999999991,-0.7014000000000014,0.13059999999999938,-0.46309999999999985,-0.20169999999999977,0.4261999999999997,-0.23289999999999988,-0.8635999999999999,-1.4819999999999567,-0.0809999999999711,0.27300000000005653,-1.5569999999999418,-1.2779999999999525,1.587000000000005,1.800000000000015,1.0440000000000182,2.7060000000000084,1.7399999999999949,
-0.2264999999999997,0.6559000000000008,0.611600000000001,-0.7532999999999994,0.08800000000000097,-0.4101999999999997,-0.14169999999999927,0.4610000000000003,-0.1426999999999996,-0.8056000000000001,-1.0440000000000182,-0.9060000000000201,-0.33000000000003027,-0.6179999999999986,-0.702000000000016,0.04799999999996807,0.011999999999972033,0.2729999999999766,0.722999999999967,0.48299999999999343,
-0.2613000000000003,0.6257000000000001,0.6006,-0.7738999999999994,0.06460000000000043,-0.40860000000000074,-0.1413000000000002,0.4700999999999995,-0.1186000000000007,-0.7895000000000003,-0.7200000000000273,0.44099999999998474,0.6089999999999662,-0.3360000000000163,-0.41400000000004766,0.11700000000002042,0.26399999999999757,0.387000000000004,1.5690000000000204,0.5370000000000008,
-0.2853000000000012,0.6403999999999996,0.050799999999998846,0.6208999999999989,-0.7850999999999999,-0.40470000000000006,-0.13250000000000028,-0.7716000000000003,0.48299999999999965,-0.06630000000000003,-0.9749999999999659,-0.7739999999999547,-0.48599999999993315,-0.5579999999999785,-0.9990000000000165,0.7830000000000137,0.18000000000000682,1.2090000000000067,0.2190000000000225,0.31500000000001194,
-0.3178000000000001,0.6146000000000011,0.034600000000001074,0.6022999999999996,-0.8184000000000005,-0.3785999999999996,-0.12650000000000006,-0.7313000000000001,0.4903000000000004,-0.05579999999999963,-1.2509999999999621,-0.31800000000000495,-0.779999999999994,-0.05699999999997374,-0.7769999999999477,0.5189999999999895,0.2669999999999906,0.4469999999999974,-0.09900000000000908,0.779999999999994,
-0.3594999999999988,0.604000000000001,0.008600000000001273,0.6004000000000005,-0.8442999999999987,-0.36129999999999995,-0.11760000000000037,-0.7164000000000001,0.4870000000000001,-0.029799999999999827,-1.6200000000000614,-0.384000000000011,-0.5550000000000388,0.5369999999999742,-0.9840000000000515,0.22800000000000153,0.16500000000001513,1.0050000000000026,-0.1049999999999951,1.6079999999999828,
-0.41350000000000087,0.5912000000000006,-0.00990000000000002,0.6182999999999996,-0.8771000000000004,-0.3536999999999999,-0.11209999999999987,-0.6829000000000001,0.48350000000000026,0.0237999999999996,-0.9209999999999852,-0.10500000000002174,-0.8670000000000044,-0.10200000000002873,-0.5460000000000065,0.37799999999999834,-0.4139999999999944,0.21600000000000286,-0.40800000000000836,0.20100000000001117,
-0.4442000000000004,0.5876999999999999,-0.03880000000000017,0.6148999999999987,-0.8953000000000007,-0.34109999999999996,-0.12589999999999968,-0.6757,0.4699,0.03049999999999997,-0.8400000000000141,-0.381000000000018,-0.5670000000000108,0.48900000000003274,-0.9479999999999755,-0.05999999999999339,-0.414000000000021,-0.3089999999999993,-0.7860000000000067,0.5880000000000152,
-0.47220000000000084,0.5749999999999993,-0.05770000000000053,0.6311999999999998,-0.9268999999999998,-0.34309999999999974,-0.13970000000000038,-0.6859999999999999,0.44369999999999976,0.05010000000000048,-0.7019999999999627,-0.19199999999997885,-0.5189999999999628,-0.18599999999999284,-0.6030000000000335,0.6179999999999986,-0.15899999999997583,0.12599999999999945,-0.1529999999999898,0.5879999999999885,
0.5686,-0.4955999999999996,-0.07499999999999929,0.625,0.10829999999999984,-0.14499999999999957,-0.3224999999999998,-0.6818,0.4386000000000001,-0.9603000000000002,-0.23099999999999454,-0.8490000000000464,-0.9870000000000445,-0.10200000000002873,-0.40200000000002234,0.2970000000000006,0.6209999999999916,-0.2669999999999906,0.16500000000001513,1.2180000000000124,
0.5609000000000002,-0.5239000000000011,-0.10790000000000077,0.621599999999999,0.0948999999999991,-0.13509999999999955,-0.30180000000000007,-0.6906999999999996,0.4441000000000006,-0.9196999999999997,0.16199999999999548,-0.5399999999999672,-0.7589999999999897,1.0020000000000095,0.36000000000001364,-0.6090000000000195,0.5219999999999825,0.017999999999984695,-0.7380000000000386,0.20099999999998452,
0.5663,-0.5419,-0.13320000000000043,0.6549999999999994,0.10689999999999955,-0.1554000000000002,-0.28440000000000065,-0.6901000000000002,0.4194999999999993,-0.9130000000000003,-0.09899999999998244,-0.40199999999996905,-0.06299999999995975,0.1320000000000121,0.14400000000003743,-0.33299999999997,0.45000000000001705,-0.1079999999999881,-0.6269999999999776,0.10200000000002873,
0.5630000000000006,-0.555299999999999,-0.1352999999999991,0.6593999999999998,0.1117000000000008,-0.1664999999999992,-0.2694000000000001,-0.6936999999999998,0.39860000000000007,-0.9095999999999993,-0.4680000000000284,-0.012000000000025324,-0.48900000000003274,0.6300000000000239,0.2489999999999526,-0.6360000000000365,0.23399999999998755,-0.5460000000000065,-1.056000000000017,0.05999999999996675,
0.5473999999999997,-0.5556999999999999,-0.15160000000000018,0.6804000000000006,0.11999999999999922,-0.18770000000000042,-0.2616000000000005,-0.7119,0.3633999999999995,-0.9076000000000004,0.3330000000000233,-0.6029999999999802,-0.05099999999998772,0.2519999999999989,0.22200000000001552,0.49200000000002575,0.8280000000000154,0.4860000000000131,0.1740000000000208,0.49200000000002575,
0.5585000000000004,-0.5757999999999992,-0.15329999999999977,0.6888000000000005,0.12739999999999974,-0.17129999999999956,-0.23399999999999999,-0.6956999999999995,0.3692000000000002,-0.8911999999999995,-0.45600000000000307,-0.10800000000001475,-0.7410000000000316,0.4229999999999734,0.06300000000001305,0.0059999999999860165,0.705000000000009,-0.24900000000000588,0.09000000000000341,0.1679999999999815,
0.5433000000000003,-0.5793999999999997,-0.17800000000000082,0.7028999999999996,0.12950000000000017,-0.17110000000000003,-0.2104999999999997,-0.7039999999999997,0.3722000000000003,-0.8856000000000002,-0.17399999999996751,-0.9029999999999738,-0.7949999999999591,0.6000000000000405,0.08100000000002439,-0.5130000000000035,1.3379999999999725,-0.8940000000000214,-0.9960000000000235,-0.2340000000000142,
0.5375000000000014,-0.6094999999999988,-0.20449999999999946,0.722900000000001,0.13220000000000098,-0.18820000000000014,-0.1659000000000006,-0.7338000000000005,0.3389999999999995,-0.8934000000000006,-0.41400000000004766,-0.3480000000000416,-0.4740000000000144,0.041999999999955406,0.19499999999997186,0.06300000000001305,0.6330000000000169,-0.5189999999999895,-0.44399999999997775,0.25200000000002554,
0.5236999999999998,-0.6211000000000002,-0.22029999999999994,0.7242999999999995,0.13870000000000005,-0.1860999999999997,-0.14480000000000004,-0.7511000000000001,0.32420000000000027,-0.8849999999999998,-0.2670000000000172,-0.8249999999999957,-0.6090000000000195,0.2069999999999972,-0.2940000000000076,-0.6480000000000086,0.8699999999999974,-0.7170000000000076,-0.5220000000000091,-0.25800000000001155,
0.5147999999999993,-0.6486000000000001,0.7311999999999994,-0.2406000000000006,0.1288999999999998,-0.2077,-0.11580000000000013,0.30679999999999996,-0.7750000000000004,-0.8936000000000002,0.24600000000006617,-0.15900000000000247,0.0870000000000104,-0.13799999999994483,0.12000000000004007,0.21300000000000985,0.6419999999999959,-0.40800000000000836,-0.42300000000000004,-0.2579999999999849,
0.5230000000000015,-0.6539000000000001,0.7340999999999998,-0.24519999999999875,0.13290000000000113,-0.20059999999999967,-0.09440000000000026,0.2931999999999997,-0.7891000000000004,-0.9021999999999997,-0.05700000000002703,-0.8069999999999844,0.4199999999999804,-0.27900000000004255,-0.27600000000004954,-0.31800000000000495,0.3300000000000036,-0.24599999999998623,-0.7019999999999893,-0.4890000000000061,
0.5211000000000006,-0.6807999999999996,0.7480999999999991,-0.25450000000000017,0.12369999999999948,-0.21119999999999983,-0.08340000000000014,0.28500000000000014,-0.8125,-0.9184999999999999,-0.1260000000000261,-0.765000000000029,0.4290000000000127,-0.6330000000000169,0.15900000000000247,-1.0529999999999973,-0.11400000000000077,-1.2660000000000071,-1.5060000000000073,-0.9810000000000052,
0.5168999999999997,-0.7063000000000006,0.7623999999999995,-0.27560000000000073,0.12899999999999956,-0.24629999999999974,-0.08720000000000017,0.2427999999999999,-0.8627000000000002,-0.9512,0.40200000000002234,-0.4709999999999681,0.3870000000000573,0.20100000000006446,-0.05099999999998772,-1.194000000000015,-0.42599999999999305,-1.3619999999999965,-1.1490000000000133,-0.8610000000000184,
0.5303000000000004,0.7753000000000014,-0.2688999999999986,0.12729999999999997,0.8483,-0.28610000000000024,0.19740000000000002,-0.9010000000000007,-0.9799000000000007,-0.7017000000000007,0.2910000000000146,0.2969999999999473,-0.06000000000002004,0.4199999999999804,0.4199999999999804,-0.32399999999999096,-0.354000000000001,-0.3449999999999953,-0.08699999999998376,0.17100000000000115,
0.5400000000000009,0.7851999999999997,-0.27089999999999925,0.14129999999999932,0.8622999999999994,-0.29689999999999994,0.1856,-0.9125000000000005,-0.9828000000000001,-0.6960000000000006,-0.05099999999998772,0.32700000000003726,-0.2670000000000172,0.20700000000005048,0.009000000000032315,-0.3029999999999866,-0.4440000000000044,-0.24299999999999322,-0.5069999999999908,-0.19199999999997885,
0.5383000000000013,0.7961000000000009,-0.2797999999999998,0.148200000000001,0.8626000000000005,-0.3069999999999995,0.17079999999999984,-0.9206000000000003,-0.9996999999999998,-0.7023999999999999,0.44399999999997775,0.5399999999999672,0.1710000000000278,0.17399999999996751,0.6539999999999679,-0.6960000000000033,-0.5609999999999982,-0.33299999999999663,-0.4919999999999991,-0.14099999999999113,
0.5531000000000006,0.8140999999999998,-0.2740999999999989,0.15399999999999991,0.8843999999999994,-0.3301999999999996,0.1520999999999999,-0.9317000000000002,-1.0160999999999998,-0.7070999999999996,0.0870000000000104,0.23399999999998755,-0.2160000000000295,0.22800000000000153,0.49200000000002575,-0.414000000000021,-0.4499999999999904,-0.09599999999998943,-0.19800000000001816,0.18599999999999284,
0.5560000000000009,0.8218999999999994,-0.2812999999999999,0.16159999999999997,0.9008000000000003,-0.3440000000000003,0.13710000000000022,-0.9348999999999998,-1.0227000000000004,-0.7008999999999999,-0.03600000000002268,0.16199999999999548,-0.4139999999999944,0.2579999999999849,0.4800000000000004,-0.2879999999999949,-0.15900000000000247,-0.3420000000000023,0.5040000000000244,0.0,
0.5548000000000002,0.8272999999999993,-0.2950999999999997,0.17019999999999946,0.9168000000000003,-0.35360000000000014,0.13180000000000014,-0.9462999999999999,-1.0058999999999996,-0.7008999999999999,-0.2549999999999919,-0.008999999999979025,-0.19500000000002515,-0.047999999999994714,0.1679999999999815,-0.11699999999999378,-0.1679999999999815,0.9660000000000135,-0.3390000000000093,0.21600000000000286,
0.5463000000000005,0.827,-0.30160000000000053,0.16859999999999964,0.9223999999999997,-0.35749999999999993,0.12620000000000076,-0.9140999999999995,-1.0171999999999999,-0.6936999999999998,0.15299999999996317,0.1649999999999885,-0.18000000000000682,0.18299999999999983,0.2640000000000242,-0.22800000000000153,-0.22200000000001552,-0.24600000000001288,0.18599999999999284,-0.12599999999999945,
0.5513999999999992,0.8324999999999996,-0.30760000000000076,0.17469999999999963,0.9312000000000005,-0.3651,0.11880000000000024,-0.9222999999999999,-1.0110000000000001,-0.6978999999999997,0.3360000000000163,0.36899999999999267,-0.49499999999996547,0.40200000000002234,0.5879999999999619,-0.6209999999999916,-0.7200000000000006,0.0,-0.4800000000000004,-0.6540000000000212,
0.5625999999999998,0.8447999999999993,-0.3240999999999996,0.18810000000000038,0.9507999999999992,-0.3857999999999997,0.09480000000000022,-0.9222999999999999,-1.0270000000000001,-0.7197000000000005,-0.5699999999999505,0.23100000000004783,-0.5399999999999672,0.3330000000000233,0.31800000000005824,-0.6720000000000059,-0.6930000000000103,0.2849999999999753,-0.12899999999999245,-0.05999999999999339,
0.5436000000000014,0.8525000000000009,-0.3420999999999985,0.19920000000000115,0.9614000000000011,-0.4081999999999999,0.07169999999999987,-0.9128000000000007,-1.0312999999999999,-0.7217000000000002,0.4979999999999585,0.30899999999997263,-0.5700000000000571,0.4709999999999681,0.341999999999949,0.1529999999999898,0.27000000000001023,0.5340000000000344,0.4049999999999887,0.0840000000000174,
0.5602,0.8628,-0.3611000000000004,0.2149000000000001,0.9727999999999994,-0.40310000000000024,0.08070000000000022,-0.8949999999999996,-1.0178000000000003,-0.7188999999999997,0.09599999999998943,0.2639999999999709,-0.3330000000000233,0.3839999999999577,0.3390000000000093,-0.16199999999999548,-0.2879999999999949,0.4529999999999834,0.27000000000001023,0.11400000000000077,
0.5633999999999997,0.871599999999999,-0.3722000000000012,0.22769999999999868,0.9840999999999998,-0.4085000000000001,0.07110000000000039,-0.8799000000000001,-1.0088,-0.7150999999999996,-0.7109999999999417,-0.4259999999999664,-0.9989999999999633,-0.2969999999999473,-0.2579999999999849,-0.710999999999995,-0.708000000000002,-0.07499999999998508,-0.27899999999998926,-0.738000000000012,
0.5397000000000016,0.8574000000000002,-0.40549999999999997,0.21780000000000044,0.9755000000000003,-0.4321999999999999,0.04750000000000032,-0.8823999999999996,-1.0180999999999996,-0.7397,0.5429999999999602,0.705000000000009,0.3449999999999953,1.0410000000000252,0.9659999999999869,0.7140000000000146,0.6840000000000046,1.1549999999999994,0.9539999999999882,0.7290000000000063,
0.5578000000000003,0.8809000000000005,-0.39400000000000013,0.2525000000000013,1.0076999999999998,-0.40839999999999943,0.07030000000000047,-0.8438999999999997,-0.9863,-0.7153999999999998,0.32099999999999795,0.9449999999999825,-0.18299999999999983,-0.030000000000036664,0.6209999999999916,-0.417000000000014,-0.735000000000019,1.0139999999999816,0.2579999999999849,-0.20400000000000418,
0.5685000000000002,-0.4001000000000001,0.9123999999999999,0.25150000000000006,1.0283999999999995,-0.4222999999999999,-0.8101000000000003,0.04579999999999984,-0.9777000000000005,-0.7222,0.1290000000000191,-0.6479999999999819,0.7200000000000273,1.020000000000021,0.6270000000000309,0.356999999999994,0.15600000000000946,0.054000000000007375,0.6570000000000142,0.2699999999999836,
0.5728000000000009,0.9364000000000008,0.28550000000000075,1.0493000000000006,1.3300999999999998,-0.4104000000000001,0.04760000000000009,-0.9558,-0.7132000000000005,-0.21910000000000007,-0.15000000000002345,0.11699999999994048,0.2939999999999543,0.6839999999999513,0.3809999999999647,0.4440000000000044,-0.2340000000000142,0.13199999999998546,0.4410000000000114,0.06600000000000605,
0.5678000000000001,0.9402999999999988,0.29529999999999923,1.072099999999999,1.3427999999999987,-0.39559999999999995,0.03979999999999961,-0.9514000000000005,-0.6985000000000001,-0.21689999999999987,0.702000000000016,0.8580000000000787,0.40500000000006864,0.5520000000000458,0.8670000000000577,0.0629999999999864,-0.029999999999983373,-0.08099999999999774,-0.24600000000001288,0.12299999999997979,
0.5912000000000006,0.9689000000000014,0.3088000000000015,1.0905000000000005,1.3717000000000006,-0.3935000000000004,0.03880000000000017,-0.9541000000000004,-0.7067000000000005,-0.21280000000000054,0.23099999999999454,0.5909999999999549,0.3869999999999507,0.381000000000018,1.095000000000006,0.2850000000000019,-0.36000000000001364,0.5550000000000122,0.45000000000001705,-0.18299999999997318,
0.5989000000000004,0.9885999999999999,0.3216999999999999,1.103200000000001,1.4082000000000008,-0.38400000000000034,0.026799999999999713,-0.9356,-0.6917,-0.21889999999999965,0.12300000000003308,1.227000000000018,0.4800000000000537,0.9959999999999702,1.2060000000000137,0.2879999999999949,-0.387000000000004,0.19799999999999152,-0.035999999999996035,-0.5580000000000052,
0.6030000000000015,0.33770000000000167,1.0295000000000005,1.1364,1.4484000000000012,-0.3744000000000005,-0.9290000000000003,0.01389999999999958,-0.6928999999999998,-0.23749999999999982,-0.15900000000000247,0.22800000000000153,0.36300000000000665,0.36599999999999966,0.6089999999999662,0.09000000000003006,-0.24299999999999322,-0.6119999999999859,-0.18299999999999983,-0.7620000000000093,
0.5977000000000015,0.3453000000000017,1.0416000000000007,1.1486,1.4687000000000001,-0.3713999999999995,-0.9371,-0.00649999999999995,-0.6989999999999998,-0.26290000000000013,-0.02100000000005764,0.17399999999991422,0.6359999999999566,0.40499999999996206,0.7559999999999967,-0.3270000000000106,-0.00900000000000567,-0.4529999999999834,-0.09599999999998943,-0.48599999999998644,
0.5969999999999995,0.35109999999999886,1.0627999999999993,1.1620999999999988,1.4939,-0.38229999999999986,-0.9374000000000002,-0.021599999999999397,-0.7021999999999995,-0.2790999999999997,0.15600000000000946,0.5490000000000528,0.44700000000002404,0.6840000000000579,0.7890000000000263,0.06899999999999906,-0.32699999999998397,-0.6749999999999989,-0.11699999999999378,-0.0629999999999864,
0.6021999999999998,0.3694000000000006,1.0777,1.1849000000000007,1.5202000000000009,-0.37999999999999