0.3235000000000001,-0.21110000000000007,-0.3429000000000002,-0.1427000000000005,-0.5670000000000002,-0.2856999999999994,-0.46259999999999923,0.42960000000000065,0.9063000000000008,-0.8157999999999994,-0.6600000000000072,-0.008999999999979025,-0.16199999999999548,0.3540000000000276,-1.9049999999999834,-0.25800000000001155,0.2759999999999696,-0.1110000000000344,0.14699999999997715,0.08399999999999075,
0.3014999999999999,-0.21139999999999937,-0.34830000000000005,-0.13089999999999957,-0.12369999999999948,-0.2942999999999998,-0.45340000000000025,0.4258999999999995,0.9112,-1.0060000000000002,-0.5100000000000104,-0.33600000000004293,-0.2400000000000002,-0.1710000000000278,-0.19200000000003214,-0.22800000000000153,-0.3479999999999883,-0.18599999999999284,0.054000000000007375,0.18299999999999983,
0.28449999999999953,-0.2226000000000008,-0.35630000000000006,-0.1366000000000005,-0.13010000000000055,-0.30189999999999984,-0.46499999999999986,0.41969999999999974,0.9130000000000003,-0.9999000000000002,0.5070000000000174,0.03600000000002268,0.3149999999999853,0.16500000000001513,0.36300000000000665,0.1320000000000121,0.36300000000000665,0.13500000000003176,-0.017999999999984695,0.4380000000000184,
0.3014000000000001,-0.22140000000000004,-0.34580000000000055,-0.1311,-0.11800000000000033,-0.29749999999999943,-0.45289999999999964,0.4242000000000008,0.9124000000000008,-0.9852999999999996,-0.6899999999999906,-0.39599999999998303,-0.30899999999997263,-0.17999999999998018,-0.710999999999995,-0.7559999999999967,-0.18000000000000682,-0.2310000000000212,-0.28800000000002157,0.05999999999999339,
0.2784000000000004,-0.23459999999999948,-0.35609999999999964,-0.13709999999999933,-0.14170000000000016,-0.3226999999999993,-0.45889999999999986,0.4165000000000001,0.9028,-0.9832999999999998,-0.6030000000000069,-0.1890000000000125,-0.3720000000000123,0.33899999999998265,0.0870000000000104,-0.19500000000002515,0.03899999999998904,0.5010000000000048,0.3300000000000036,0.7589999999999897,
0.2583000000000002,-0.2408999999999999,-0.36850000000000005,-0.1257999999999999,-0.1387999999999998,-0.32920000000000016,-0.45760000000000023,0.43320000000000025,0.9138000000000002,-0.9580000000000002,-0.22800000000000153,-0.3360000000000163,-0.026999999999990365,-0.14099999999999113,-0.19800000000001816,-0.27300000000000324,-0.13199999999998546,-0.21000000000001684,-0.2069999999999972,0.4589999999999961,
0.25070000000000014,-0.25210000000000043,-0.36939999999999973,-0.13049999999999962,-0.14540000000000042,-0.33830000000000027,-0.46199999999999974,0.4261999999999997,0.9069000000000003,-0.9427000000000003,-1.092000000000013,-0.5399999999999938,0.011999999999972033,0.28199999999998226,-1.0740000000000016,-0.6000000000000139,0.5729999999999702,-0.026999999999990365,0.12899999999999245,1.2269999999999914,
0.2142999999999997,-0.27010000000000023,-0.36900000000000066,-0.12110000000000021,-0.18120000000000047,-0.35830000000000073,-0.44290000000000074,0.4253,0.9112,-0.9018000000000006,-1.0949999999999793,-1.0799999999999876,-0.2339999999999609,-0.48299999999999343,-0.8249999999999691,-0.14399999999998414,0.3270000000000106,-0.15600000000000946,0.26399999999999757,0.14100000000001778,
0.1778000000000004,-0.3060999999999998,-0.37679999999999936,-0.20869999999999944,-0.1372,-0.3631000000000002,-0.4320000000000004,0.4200999999999997,-0.8971,0.9199999999999999,0.3749999999999787,0.32399999999999096,0.32699999999998397,0.21899999999996922,0.12300000000000644,0.1949999999999985,-0.3509999999999813,-0.24299999999999322,-0.21300000000000985,-0.5159999999999965,
0.1902999999999997,-0.2953000000000001,-0.3658999999999999,-0.13309999999999977,-0.20140000000000047,-0.35660000000000025,-0.44369999999999976,0.4119999999999999,0.9028,-0.9042000000000003,-0.8159999999999901,-0.5010000000000048,-0.10800000000001475,0.365999999999973,-0.4619999999999891,-0.3749999999999787,0.37799999999999834,-0.0059999999999860165,0.2519999999999989,-0.15599999999998282,
0.16310000000000002,-0.3120000000000003,-0.3695000000000004,-0.12090000000000067,-0.2168000000000001,-0.36909999999999954,-0.4310999999999998,0.4118000000000004,0.9112,-0.9093999999999998,-0.3449999999999953,-0.7889999999999997,0.4860000000000131,0.25200000000002554,-0.7319999999999993,-0.20700000000002383,0.9839999999999982,-0.36000000000001364,0.026999999999990365,0.2069999999999972,
0.15160000000000018,-0.33830000000000027,-0.35329999999999995,-0.11249999999999982,-0.24120000000000008,-0.37600000000000033,-0.3982999999999999,0.39979999999999993,0.9120999999999997,-0.9024999999999999,-0.6119999999999859,-0.9029999999999738,-0.16199999999999548,-0.4979999999999851,-1.029,0.18600000000001948,0.15900000000000247,-0.008999999999979025,0.01800000000001134,-0.1529999999999898,
0.13120000000000065,-0.3586999999999998,-0.3683999999999994,-0.12909999999999933,-0.2755000000000001,-0.3697999999999997,0.39950000000000063,-0.3929999999999998,0.9127000000000001,-0.9075999999999995,-0.8700000000000241,0.8309999999999818,-1.3050000000000228,0.1709999999999745,-1.9530000000000047,-1.2030000000000207,-0.5310000000000414,1.0229999999999873,-0.21300000000000985,-0.732000000000026,
0.10219999999999985,-0.3310000000000004,-0.41190000000000015,-0.12340000000000018,-0.7742000000000004,-0.4099000000000004,0.38179999999999925,-0.3589000000000002,0.9055999999999997,0.5965999999999996,-0.27300000000000324,0.1470000000000038,-1.2479999999999958,0.2519999999999989,-0.23999999999997357,-0.2400000000000002,-0.3449999999999953,1.166999999999998,0.5010000000000048,0.16500000000001513,
0.09309999999999974,-0.3261000000000003,-0.4535,-0.11500000000000021,-0.7821999999999996,-0.4179000000000004,0.3702999999999994,-0.3200000000000003,0.9222999999999999,0.6021000000000001,-0.4169999999999874,-0.09599999999998943,-0.2850000000000019,-0.2879999999999949,0.023999999999997357,-0.1470000000000038,-0.06899999999999906,-0.05100000000001437,0.047999999999994714,-0.2670000000000172,
0.07920000000000016,-0.3292999999999999,-0.4630000000000001,-0.12460000000000004,-0.7813999999999997,-0.4228000000000005,0.36799999999999944,-0.32170000000000076,0.9238999999999997,0.5931999999999995,-0.5609999999999982,-0.09900000000000908,-0.7860000000000067,-0.18899999999998585,-0.13799999999999812,-0.18299999999999983,-0.3300000000000036,0.8550000000000058,0.23099999999999454,-0.3300000000000036,
0.06050000000000022,-0.33260000000000023,-0.4892000000000003,-0.13089999999999957,-0.7859999999999996,-0.4289000000000005,0.3569999999999993,-0.29320000000000057,0.9315999999999995,0.5821999999999994,-1.08900000000002,-0.06600000000000605,-1.8179999999999996,-0.6690000000000129,-0.8159999999999901,-0.6389999999999763,-0.689999999999964,0.33900000000003594,0.8880000000000088,-0.48899999999997945,
0.024199999999999555,-0.33480000000000043,-0.5498000000000003,-0.1532,-0.8131999999999993,-0.4501999999999997,0.3340000000000005,-0.2818999999999994,0.9611999999999998,0.5659000000000001,-0.14400000000001079,0.5550000000000122,-0.7889999999999997,-0.011999999999998678,0.029999999999983373,-0.8820000000000228,0.08699999999998376,0.30899999999997263,-0.07499999999998508,-0.4499999999999904,
-0.3163,0.019399999999999196,-0.5761000000000003,-0.15359999999999996,-0.8121999999999998,0.3369,-0.47960000000000047,-0.2716000000000003,0.9587000000000003,0.5509000000000004,0.5489999999999995,-1.859999999999955,-2.879999999999976,-1.0919999999999863,-0.8729999999999905,-0.05999999999999339,-0.5219999999999825,0.2099999999999902,1.1129999999999907,-0.5040000000000244,
-0.29800000000000004,-0.042599999999999305,-0.6720999999999995,-0.8412999999999995,-0.1899999999999995,0.3349000000000002,-0.4969999999999999,-0.2646000000000006,0.5340999999999996,0.9958,0.5010000000000048,-1.1370000000000147,-1.2360000000000237,0.18299999999997318,0.1259999999999728,-0.8160000000000167,-0.10200000000000209,-0.42599999999999305,-0.9149999999999991,0.743999999999998,
-0.2812999999999999,-0.0804999999999998,-0.7133000000000003,-0.8352000000000004,-0.5690999999999997,0.30769999999999964,-0.5004,-0.2788000000000004,0.5035999999999996,-0.8414999999999999,-0.11400000000000077,0.20400000000000418,0.20400000000003082,-0.29399999999998094,-0.18600000000001948,0.46500000000000874,0.2699999999999836,0.37500000000000533,0.3240000000000176,-0.1320000000000121,
-0.2850999999999999,-0.07369999999999965,-0.7064999999999992,-0.8449999999999998,-0.5753000000000004,0.32319999999999993,-0.4914000000000005,-0.2663000000000002,0.5144000000000002,-0.8459000000000003,0.31800000000000495,-0.779999999999994,-1.6650000000000098,-0.48299999999999343,-0.9179999999999922,-0.4349999999999987,0.4019999999999957,-0.4019999999999957,-0.5670000000000108,0.6810000000000116,
-0.27449999999999974,-0.09969999999999946,-0.7619999999999996,-0.8610999999999995,-0.6059000000000001,0.3087,-0.47800000000000065,-0.27970000000000006,0.49549999999999983,-0.8231999999999999,0.035999999999996035,-1.3860000000000205,-2.0340000000000025,-0.7410000000000316,-0.9390000000000231,0.18899999999998585,0.1290000000000191,0.7709999999999884,-0.6059999999999999,0.8729999999999905,
-0.2732999999999999,-0.14590000000000014,-0.8297999999999996,-0.8858000000000006,-0.6372000000000009,0.3149999999999995,-0.4737,-0.25400000000000045,0.47529999999999983,-0.7941000000000003,0.46200000000001573,-1.133999999999995,-1.0320000000000196,-0.6719999999999526,-1.1279999999999557,-0.12299999999997979,0.5430000000000135,-0.12899999999999245,-0.38099999999999135,0.9720000000000262,
-0.25789999999999935,-0.18369999999999997,-0.8642000000000003,-0.6747999999999994,-0.908199999999999,0.3109000000000002,-0.45559999999999956,-0.2583000000000002,-0.7616999999999994,0.4626000000000001,0.3059999999999796,-1.9589999999999907,-2.17799999999996,-2.0580000000000265,-0.8220000000000294,0.5159999999999965,1.070999999999982,0.9719999999999995,1.808999999999994,0.0420000000000087,
-0.24770000000000003,-0.24899999999999967,-0.936799999999999,-0.7434000000000003,-0.9356,0.32810000000000006,-0.41990000000000016,-0.2259000000000002,-0.7013999999999996,0.4640000000000004,0.12000000000001343,-1.4940000000000087,-1.7190000000000438,-1.233000000000004,-0.7679999999999687,-0.0029999999999930083,0.4800000000000004,0.389999999999997,0.4559999999999764,-0.3690000000000193,
-0.24369999999999958,-0.29879999999999995,-0.9941000000000004,-0.7845000000000004,-0.9611999999999989,0.3280000000000003,-0.40390000000000015,-0.2129000000000003,-0.6862000000000004,0.45169999999999977,0.30899999999997263,-0.20700000000002383,0.08099999999999774,0.16200000000002213,-0.11700000000002042,0.6419999999999959,-0.22199999999998887,-0.24299999999996658,0.0660000000000327,0.1260000000000261,
-0.2334000000000005,-0.30570000000000075,-0.9914000000000005,-0.7790999999999997,-0.9650999999999996,0.34940000000000015,-0.4112999999999998,-0.2209999999999992,-0.6839999999999993,0.45590000000000064,-0.24299999999996658,-0.9569999999999812,-1.3559999999999572,-1.8029999999999813,-0.8760000000000101,-0.21899999999999586,0.023999999999997357,0.5519999999999659,0.49199999999997246,0.020999999999977703,
-0.24149999999999938,-0.3376000000000001,-1.036599999999999,-0.8391999999999991,-0.9943,0.3421000000000003,-0.41049999999999986,-0.20260000000000034,-0.6676000000000002,0.4565999999999999,0.5130000000000035,-1.040999999999972,-1.0980000000000256,-0.6720000000000059,-0.4079999999999817,0.24600000000001288,-0.4049999999999887,0.6240000000000112,-0.008999999999979025,0.13500000000000512,
-0.22439999999999927,-0.3722999999999992,-1.0732,-0.8615999999999993,-1.0078999999999994,0.3503000000000007,-0.4239999999999995,-0.18179999999999996,-0.6678999999999995,0.46110000000000007,0.1649999999999885,-1.6950000000000198,-1.5720000000000134,-1.7520000000000202,-0.39900000000002933,0.2879999999999949,0.42599999999999305,0.4380000000000184,0.5130000000000035,-0.27300000000000324,
-0.21889999999999965,-0.42879999999999985,-1.0212000000000003,-0.9199999999999999,-1.1256000000000004,0.35990000000000055,-0.4097999999999997,0.45199999999999996,-0.6507999999999994,-0.16719999999999935,0.6059999999999999,-2.807999999999984,-1.3109999999999822,-2.657999999999987,-3.044999999999991,0.5309999999999881,0.7229999999999936,0.3690000000000193,0.741000000000005,0.716999999999981,
-0.19869999999999965,-0.5223999999999993,-1.0648999999999997,-1.0085999999999995,-1.2271,0.37760000000000016,-0.38569999999999993,0.4643000000000006,-0.6260999999999992,-0.14329999999999998,0.22199999999998887,-1.5570000000000217,-0.8609999999999918,-2.051999999999987,-2.05499999999998,0.9810000000000052,0.6720000000000059,0.5639999999999912,0.9419999999999895,1.230000000000011,
-0.19130000000000003,-0.5743,-1.0935999999999995,-1.076999999999999,-0.4595999999999991,0.41030000000000033,-0.36329999999999973,0.4831000000000003,-0.5946999999999996,-1.2057000000000002,-0.27899999999998926,-0.08399999999999075,-0.25800000000001155,-0.18000000000003347,-0.1110000000000344,-0.2400000000000002,-0.30600000000000627,-0.2850000000000019,-0.1320000000000121,0.2970000000000006,
-0.20059999999999967,-0.5770999999999997,-1.1021999999999998,-1.0830000000000002,-0.46330000000000027,0.4023000000000003,-0.37349999999999994,0.47360000000000024,-0.5991,-1.1958000000000002,0.33299999999997,-1.3710000000000289,-0.2820000000000089,-1.053000000000024,-0.738000000000012,0.017999999999984695,0.389999999999997,-0.1770000000000138,0.27300000000000324,0.5820000000000025,
-0.18950000000000067,-0.6228000000000007,-1.1116000000000001,-1.118100000000001,-0.48790000000000067,0.4028999999999998,-0.36050000000000004,0.4676999999999998,-0.5899999999999999,-1.1764000000000001,0.1710000000000278,-1.6169999999999618,-0.14099999999999113,-1.574999999999953,-1.3439999999999586,0.27899999999998926,0.9719999999999995,0.5759999999999899,0.5429999999999868,1.4309999999999956,
-0.18379999999999974,-0.6766999999999994,-1.1162999999999998,-0.5326999999999993,-1.1705999999999994,0.41219999999999946,-0.32810000000000006,0.48689999999999944,-1.1287000000000003,-0.5719000000000003,0.36899999999999267,-1.6860000000000142,-1.1340000000000217,-1.485000000000003,-1.620000000000008,0.06300000000001305,0.19799999999999152,-0.4770000000000074,0.2970000000000006,0.054000000000007375,
-0.17149999999999999,-0.7328999999999999,-1.1541000000000006,-0.5821999999999994,1.0614,0.4142999999999999,-0.32150000000000034,0.4709999999999992,-1.1188000000000002,0.8075999999999999,0.21000000000001684,-2.796000000000012,-0.9629999999999672,-0.8490000000000197,0.37799999999999834,0.6330000000000169,1.446000000000014,-0.39899999999997604,2.1600000000000286,0.09000000000000341,
-0.16449999999999942,-0.8261000000000003,-0.6105,-1.1861999999999995,1.0739999999999998,0.43540000000000045,-0.2732999999999999,-1.0467999999999993,0.4577,0.8106,0.17999999999998018,-1.4729999999999777,-0.9960000000000235,-0.8850000000000158,-0.1949999999999985,0.777000000000001,0.6510000000000016,1.5809999999999924,0.24300000000001987,0.46500000000000874,
-0.15850000000000009,-0.8751999999999995,-0.6437000000000008,-1.2157,1.0675,0.4613000000000005,-0.2515999999999998,-0.9940999999999995,0.46580000000000066,0.8261000000000003,-0.13500000000000512,-0.23400000000004084,-0.1679999999999815,-0.08100000000002439,-0.16200000000002213,0.3149999999999853,0.24299999999999322,-0.1710000000000278,-0.11700000000002042,0.39599999999998303,
-0.16300000000000026,-0.8830000000000009,-0.6493000000000002,-1.2184000000000008,1.0620999999999992,0.4718,-0.24350000000000005,-0.9998000000000005,0.4619,0.8392999999999997,0.5279999999999951,-1.7669999999999852,-0.9449999999999825,-0.5549999999999855,-0.020999999999977703,0.13799999999999812,-0.29099999999998793,0.804000000000018,-0.6179999999999986,-0.44099999999998474,
-0.14540000000000042,-0.9419000000000004,-0.6807999999999996,-1.2369000000000003,1.0614,0.47639999999999993,-0.25319999999999965,-0.9729999999999999,0.4413,0.8246000000000002,-0.34499999999996867,-1.3140000000000018,-0.8819999999999961,-0.6480000000000086,-0.1499999999999968,0.02100000000000435,-0.6960000000000299,0.5189999999999895,-0.25800000000001155,-0.22800000000000153,
-0.15689999999999937,-0.9857000000000005,-0.7101999999999995,-1.2585000000000006,1.0564,0.4771000000000001,-0.27640000000000065,-0.9557000000000002,0.43269999999999964,0.8170000000000002,0.35699999999996734,-1.0169999999999746,0.36599999999999966,0.030000000000036664,0.387000000000004,0.414000000000021,-0.17699999999996052,1.6770000000000085,-0.43799999999999173,0.351000000000008,
-0.14500000000000046,-1.0195999999999996,-0.6979999999999995,-1.2574999999999994,1.0693000000000001,0.4909000000000008,-0.28229999999999933,-0.8997999999999999,0.4180999999999999,0.8287000000000004,0.4650000000000354,-3.2729999999999926,-1.08900000000002,-0.5790000000000362,0.5609999999999982,0.5249999999999755,-0.48900000000003274,1.3109999999999822,-0.5250000000000021,0.19199999999997885,
-0.12949999999999928,-0.7343000000000002,-1.1286999999999994,-1.2768000000000006,1.088,0.5084,-0.8561000000000005,-0.2986000000000004,0.40059999999999985,0.8350999999999997,0.69599999999995,-0.3630000000000333,-1.4850000000000296,0.07500000000001172,0.014999999999965041,0.6329999999999902,0.8280000000000154,0.8699999999999974,0.18299999999999983,0.017999999999984695,
-0.10630000000000095,-0.7464000000000013,-1.1782000000000004,-1.2743000000000002,1.088499999999999,0.5294999999999996,-0.8285,-0.2696000000000005,0.40669999999999984,0.8356999999999992,-0.4619999999999891,0.1260000000000261,0.3420000000000023,-0.1290000000000191,0.1260000000000261,-0.1320000000000121,-0.2910000000000146,-0.32399999999999096,-0.10800000000001475,0.14100000000001778,
-0.12170000000000059,-0.7422000000000004,-1.1668000000000003,-1.2786000000000008,1.0926999999999998,0.5250999999999992,-0.8382000000000005,-0.2804000000000002,0.40309999999999935,0.8403999999999998,-0.026999999999990365,-0.7649999999999757,-1.7520000000000202,-0.6390000000000029,-0.40800000000000836,0.09600000000001607,0.3210000000000246,0.417000000000014,-0.14699999999997715,-0.4800000000000004,
-0.12260000000000026,-0.7676999999999996,-1.225200000000001,1.0790999999999995,-1.299900000000001,0.5282999999999998,-0.8274999999999997,-0.26649999999999974,0.8243999999999998,0.3982000000000001,0.5010000000000048,-0.2130000000000365,-1.7759999999999643,0.6899999999999906,-0.5250000000000021,0.3960000000000097,0.8790000000000031,0.356999999999994,0.31800000000000495,-0.11999999999998678,
-0.1059000000000001,-0.7748000000000008,-1.2843999999999998,-1.317400000000001,1.1020999999999992,0.5415000000000001,-0.7981999999999996,-0.25459999999999994,0.39420000000000055,0.835,0.07500000000003837,-0.4259999999999664,-1.8569999999999887,-0.6209999999999383,-0.07199999999996542,0.06899999999999906,0.40800000000000836,0.13799999999999812,-0.9750000000000192,-0.2669999999999906,
-0.10339999999999883,-0.7889999999999997,-1.3462999999999994,1.0997000000000003,-1.338099999999999,0.5438000000000001,-0.7845999999999993,-0.25,0.8261000000000003,0.3616999999999999,0.5669999999999575,-0.41100000000005465,-2.9790000000000383,0.5099999999999572,-0.19800000000007145,0.1770000000000138,1.0499999999999776,1.1700000000000177,-0.4320000000000057,-0.23999999999997357,
-0.08450000000000024,-0.8027000000000015,1.116699999999999,-1.3447000000000013,-1.4456000000000007,0.5497000000000005,-0.7496,0.8117000000000001,0.3537000000000008,-0.2109999999999994,0.08100000000002439,0.16800000000008808,0.17400000000004745,-0.18299999999994654,-1.3079999999999359,0.6539999999999679,0.9600000000000009,0.15900000000000247,0.029999999999983373,0.24899999999997924,
-0.08179999999999943,-0.7970999999999986,1.1225000000000005,-1.3507999999999996,-1.4891999999999985,0.5714999999999995,-0.7176,0.8170000000000002,0.35470000000000024,-0.2027000000000001,-0.27899999999998926,-0.2580000000000382,-0.354000000000001,-0.1710000000000278,-0.7110000000000483,-0.34199999999997566,-0.27599999999999625,-0.40800000000000836,-0.43799999999999173,-0.09299999999999642,
-0.09109999999999907,-0.8056999999999999,1.1107000000000005,-1.3565000000000005,-1.5129000000000001,0.5601000000000003,-0.7267999999999999,0.8033999999999999,0.3401000000000005,-0.20579999999999998,0.22800000000000153,0.1740000000000208,0.11699999999999378,-0.2849999999999753,-1.5119999999999933,0.0870000000000104,0.6690000000000129,0.0420000000000087,0.2129999999999832,0.1949999999999985,
-0.08349999999999902,-0.7998999999999992,1.1146000000000003,-1.3659999999999997,-1.5633,0.5630000000000006,-0.7044999999999995,0.8048000000000002,0.34719999999999995,-0.19930000000000003,0.2099999999999369,-0.1740000000000208,0.5009999999999781,-0.2910000000000146,-1.9020000000000437,0.2609999999999779,0.7979999999999787,0.11699999999999378,-0.2820000000000089,-0.19500000000002515,
-0.07650000000000112,-0.8056999999999999,1.1312999999999995,-1.3757000000000001,-1.6267000000000014,0.5716999999999999,-0.6779000000000002,0.8087,0.33779999999999966,-0.20580000000000087,-0.0809999999999711,-0.4139999999999944,0.003000000000046299,-0.6479999999999819,-1.0799999999999343,0.8400000000000141,1.1340000000000217,-0.07199999999999207,0.4890000000000061,0.030000000000036664,
-0.07920000000000016,-0.8194999999999997,1.131400000000001,-1.3972999999999995,-1.6626999999999992,0.5997000000000003,-0.6400999999999994,0.8063000000000002,0.35409999999999986,-0.20479999999999965,0.9330000000000105,0.24900000000000588,0.5309999999999881,-0.6810000000000116,-2.5350000000000072,-0.1320000000000121,1.0589999999999833,-0.387000000000004,-0.42000000000000703,-1.3350000000000062,
-0.04809999999999981,-0.8111999999999995,1.1491000000000007,-1.42,-1.7471999999999994,0.5952999999999999,-0.6048,0.7934000000000001,0.3400999999999996,-0.24929999999999986,-0.27899999999998926,-0.28500000000002856,0.03899999999998904,-0.2999999999999936,-2.9370000000000296,-0.3089999999999993,0.2699999999999836,-0.5310000000000148,-0.15900000000000247,0.2129999999999832,
-0.05739999999999945,-0.8207000000000004,1.1504000000000003,-1.4299999999999997,-1.8451000000000004,0.585,-0.5958000000000006,0.7756999999999996,0.33479999999999954,-0.24220000000000041,-0.20400000000000418,-0.2549999999999919,0.07499999999998508,-0.009000000000032315,0.19199999999997885,0.1679999999999815,0.40800000000000836,0.18000000000000682,-0.029999999999983373,-0.05999999999999339,
-0.06419999999999959,-0.8292000000000002,1.1528999999999998,-1.4303000000000008,-1.8387000000000011,0.5905999999999993,-0.5822000000000003,0.7816999999999998,0.3338000000000001,-0.2442000000000002,0.49800000000001177,0.18299999999999983,-0.023999999999997357,-0.026999999999990365,-1.2869999999999848,-0.14399999999998414,0.45000000000001705,-0.07500000000001172,0.06600000000000605,0.37799999999999834,
-0.0475999999999992,-0.8231000000000002,1.1521,-1.4312000000000005,-1.8816000000000006,0.5857999999999999,-0.5671999999999997,0.7791999999999994,0.3360000000000003,-0.23160000000000025,0.4290000000000127,-0.26999999999995694,0.09900000000000908,-0.15599999999995617,-1.3409999999999656,0.7140000000000146,0.29099999999998793,-0.04199999999998205,0.08399999999999075,0.43500000000002537,
-0.033299999999998775,-0.8320999999999987,1.1554000000000002,-1.436399999999999,-1.8169000000000004,0.6096000000000004,-0.5575000000000001,0.7778,0.3388,0.6107000000000005,-0.06000000000007333,-0.44700000000007734,-0.05100000000004101,-0.6030000000000335,-1.0740000000000016,-0.16500000000001513,-0.2370000000000072,-0.12000000000001343,-0.30000000000002025,-0.7170000000000343,
-0.03530000000000122,-0.8470000000000013,1.1536999999999988,-1.4565000000000001,-1.8527000000000005,0.6040999999999999,-0.5654000000000003,0.7737999999999996,0.3287999999999993,0.5867999999999993,0.9120000000000061,0.027000000000043656,0.6270000000000042,0.9539999999999615,-1.2930000000000241,0.6749999999999989,0.49800000000001177,-0.26100000000000456,-0.4049999999999887,-1.3709999999999756,
-0.004900000000001015,-0.8460999999999999,1.174599999999999,-1.4247000000000014,-1.8958000000000013,0.6265999999999998,-0.5488,0.7650999999999994,0.3152999999999997,0.5411000000000001,-0.011999999999972033,-0.5190000000000161,-0.44099999999998474,-0.30899999999997263,-1.1219999999999963,0.6390000000000029,0.8880000000000088,0.9030000000000271,0.387000000000004,-0.5310000000000148,
-0.005300000000000082,-0.8634000000000004,1.1598999999999995,-1.4350000000000005,-1.9332000000000011,0.6478999999999999,-0.5191999999999997,0.7952000000000004,0.3281999999999998,0.5233999999999996,0.2069999999999972,0.2580000000000382,0.024000000000024002,0.2940000000000076,0.24000000000002686,0.10200000000000209,-0.25500000000001855,-0.1770000000000138,-0.16199999999999548,-0.05999999999999339,
0.0015999999999998238,-0.8547999999999991,1.1607000000000003,-1.4252000000000002,-1.9252000000000002,0.6513,-0.5277000000000003,0.7892999999999999,0.3228,0.5213999999999999,0.11400000000000077,-0.27300000000000324,-0.2879999999999949,-0.06599999999995276,-0.6419999999999959,-0.1949999999999985,0.02100000000000435,-0.3059999999999796,-0.12899999999999245,-1.070999999999982,
0.005399999999999849,-0.8638999999999992,1.1511000000000005,-1.4273999999999987,-1.9466,0.6448,-0.5270000000000001,0.7791000000000006,0.3185000000000002,0.48570000000000046,0.3360000000000163,0.23699999999998056,0.4589999999999961,0.5609999999999715,-0.24300000000001987,0.2879999999999949,0.381000000000018,-0.45600000000000307,-0.4290000000000127,-0.6059999999999999,
0.016600000000000392,-0.8559999999999999,1.1664000000000003,-1.4086999999999996,-1.9547000000000008,0.6543999999999999,-0.5142999999999995,0.7639000000000005,0.3041999999999998,0.46550000000000047,-0.029999999999983373,-0.45600000000000307,-0.1079999999999881,-0.1259999999999728,-0.8729999999999372,0.4710000000000214,0.6810000000000116,0.22199999999998887,-0.20699999999997054,-0.5700000000000038,
0.015600000000000946,-0.8712,1.1628000000000007,-1.4128999999999987,-1.9837999999999987,0.6701000000000006,-0.49159999999999915,0.7713000000000001,0.2973000000000008,0.44650000000000034,0.5250000000000021,-0.7470000000000176,0.47399999999998776,0.9089999999999598,-0.24000000000002686,-0.09900000000000908,-0.07500000000001172,-0.47399999999998776,-0.3360000000000163,-2.754000000000003,
0.03310000000000102,-0.8961000000000006,1.1786000000000003,-1.3826,-1.9917999999999996,0.6668000000000003,-0.49409999999999954,0.7555000000000005,0.28610000000000024,0.35470000000000024,0.20400000000000418,0.9240000000000315,0.7140000000000146,1.14900000000004,0.0870000000000104,0.5700000000000038,0.2879999999999949,-0.15300000000001646,-0.054000000000007375,-0.2069999999999972,
0.03990000000000116,-0.8652999999999995,-1.3442999999999987,1.2024000000000008,-1.9888999999999992,0.6858000000000004,-0.4844999999999997,0.2843,0.7504,0.34780000000000033,0.05999999999996675,-0.19200000000003214,-0.5280000000000484,-0.2700000000000369,-0.03600000000002268,-0.3420000000000023,0.17100000000000115,0.011999999999998678,-0.09599999999998943,-0.06600000000000605,
0.04190000000000005,-0.8717000000000006,-1.3619000000000003,1.1933999999999996,-1.9901,0.6744000000000003,-0.47879999999999967,0.28469999999999995,0.7472000000000003,0.34560000000000013,-0.28200000000003556,-0.4680000000000284,0.5430000000000135,0.09000000000000341,-0.41700000000004067,0.45899999999996943,-0.2910000000000146,-0.15900000000000247,-0.7800000000000207,-1.1070000000000046,
0.03249999999999886,-0.8873000000000015,-1.3437999999999999,1.1963999999999997,-2.0040000000000013,0.6896999999999993,-0.48850000000000016,0.27939999999999987,0.7211999999999996,0.3087,0.44700000000002404,-0.11099999999995447,0.5549999999999855,0.7440000000000246,0.6540000000000745,0.1770000000000138,-0.1770000000000138,-0.6000000000000139,-0.5550000000000122,-0.8670000000000044,
0.047399999999999665,-0.891,-1.3253000000000004,1.2212000000000005,-1.9821999999999989,0.6955999999999998,-0.4944000000000006,0.2593999999999994,0.7026999999999992,0.2797999999999998,0.2159999999999762,0.0839999999999641,0.7589999999999897,0.8279999999999621,-0.05700000000008032,0.4740000000000144,0.11700000000002042,-0.4499999999999904,-0.4199999999999804,-1.487999999999996,
0.05459999999999887,-0.8882000000000012,-1.3000000000000007,1.2487999999999992,-1.9841000000000015,0.7114000000000003,-0.49049999999999994,0.24439999999999973,0.6886999999999999,0.23019999999999996,0.4770000000000607,0.4200000000000337,1.152000000000033,1.0650000000000226,1.1010000000000453,0.356999999999994,-0.41100000000000136,-0.6239999999999846,-1.1789999999999967,-1.839000000000004,
0.0705000000000009,-0.8742000000000001,-1.2615999999999996,1.2843,-1.9474,0.7233,-0.5042,0.22360000000000024,0.6494,0.16889999999999983,-0.06300000000001305,0.4349999999999987,0.7379999999999853,0.5489999999999995,0.1680000000000348,0.22200000000001552,0.8880000000000088,0.3119999999999923,-0.5609999999999982,-0.47099999999999476,
0.06840000000000046,-0.8597000000000001,-1.237,1.3026,-1.9417999999999989,0.7307000000000006,-0.4745999999999997,0.23399999999999999,0.6307,0.1532,-0.18000000000000682,-0.15300000000001646,-0.387000000000004,-0.19500000000002515,-0.2130000000000365,0.1649999999999885,-0.5130000000000035,-0.37799999999999834,-0.08399999999999075,-0.11400000000000077,
0.06240000000000023,-0.8648000000000007,-1.2499000000000002,1.2960999999999991,-1.9489,0.7362000000000002,-0.4916999999999998,0.22140000000000004,0.6279000000000003,0.14939999999999998,0.24600000000001288,0.378000000000025,0.8490000000000464,0.759000000000043,0.24000000000002686,0.5910000000000082,0.15300000000001646,-0.2970000000000006,-0.23399999999998755,-0.8220000000000027,
0.07060000000000066,-0.8521999999999998,-1.2215999999999987,1.3214000000000006,-1.9408999999999992,0.7559000000000005,-0.48659999999999926,0.21150000000000002,0.6201000000000008,0.12199999999999989,-0.710999999999995,-0.3029999999999866,-0.2519999999999989,0.045000000000001705,-0.15000000000002345,-0.3720000000000123,-0.14700000000003044,0.05999999999999339,-0.015000000000044977,-0.9120000000000061,
0.04690000000000083,-0.8622999999999994,-1.2299999999999986,1.3229000000000006,-1.9459,0.7435,-0.49150000000000027,0.2134999999999998,0.6195999999999993,0.09159999999999968,0.6600000000000072,0.6419999999999959,0.9839999999999982,0.8790000000000298,0.5970000000000475,0.3720000000000123,-0.19799999999999152,0.20100000000001117,-0.3239999999999643,-0.329999999999977,
0.06890000000000107,-0.8408999999999995,-1.1971999999999987,1.3522000000000016,-1.9259999999999984,0.7559000000000005,-0.4981,0.22020000000000017,0.6088000000000005,0.08060000000000045,-0.6449999999999889,-0.02100000000000435,0.7439999999999714,0.2099999999999902,0.44099999999998474,-0.023999999999997357,-0.9779999999999855,-0.10200000000000209,-0.5700000000000038,-1.587000000000005,
0.04740000000000144,-0.8415999999999997,-1.1723999999999997,1.3592000000000013,-1.9112999999999989,0.7551000000000005,-0.5306999999999995,0.2168000000000001,0.5898000000000003,0.02770000000000028,0.5099999999999305,0.9149999999999459,0.6119999999999592,0.677999999999912,0.27899999999993597,-0.20400000000000418,-0.42000000000000703,-0.18899999999998585,-0.4619999999999891,-0.8460000000000001,
0.06439999999999912,-0.8111000000000015,-1.152000000000001,1.3817999999999984,-1.902000000000001,0.7483000000000004,-0.5446999999999997,0.21050000000000058,0.5744000000000007,-4.999999999997229E-4,-0.06600000000000605,-0.05999999999996675,-0.03299999999997638,-0.13499999999995183,0.14700000000003044,0.27899999999998926,0.11999999999998678,0.33299999999999663,0.20399999999997753,0.2669999999999906,
0.06219999999999892,-0.8131000000000004,-1.1531000000000002,1.3773,-1.8971,0.7576,-0.5407000000000002,0.22160000000000046,0.5811999999999999,0.008399999999999963,-0.5460000000000065,0.18299999999999983,0.2519999999999989,0.14399999999998414,0.17699999999996052,0.10199999999997544,0.08399999999999075,0.0629999999999864,-0.32099999999999795,-0.6510000000000016,
0.04399999999999871,-0.8070000000000004,-1.1447000000000003,1.3820999999999994,-1.8912000000000013,0.7609999999999992,-0.5379000000000005,0.2237,0.5705,-0.01330000000000009,0.14100000000004442,0.5789999999999829,0.6209999999999916,0.3510000000000346,0.7770000000000543,-0.04499999999997506,-0.5789999999999829,-0.05999999999999339,-0.01800000000001134,-0.5220000000000091,
0.04870000000000019,-0.787700000000001,-1.1240000000000006,1.3938000000000006,-1.8652999999999995,0.7595000000000001,-0.5571999999999999,0.22170000000000023,0.5698999999999996,-0.030700000000000394,-0.49800000000001177,0.7440000000000246,0.3479999999999883,0.3059999999999796,0.8729999999999905,0.11699999999999378,-0.014999999999991687,-0.03899999999998904,-0.23099999999999454,-0.9569999999999812,
0.032099999999999795,-0.7629000000000001,-1.112400000000001,1.404,-1.8361999999999998,0.7633999999999999,-0.5576999999999996,0.2204000000000006,0.5621999999999998,-0.06259999999999977,-0.13500000000000512,0.6419999999999959,0.9180000000000454,-0.08100000000002439,1.6589999999999705,0.359999999999987,-0.14700000000003044,0.5879999999999619,0.24299999999999322,-0.20100000000001117,
0.027599999999999625,-0.7415000000000003,-1.0817999999999994,1.401299999999999,-1.7809000000000008,0.7753999999999994,-0.5626000000000007,0.23999999999999932,0.5702999999999996,-0.06930000000000014,0.11400000000000077,0.6780000000000186,0.9269999999999712,0.44400000000003104,0.40200000000002234,-0.5819999999999759,-1.0559999999999903,-0.16199999999996884,-0.5279999999999951,-1.0589999999999833,
0.03139999999999965,-0.7188999999999997,-1.0509000000000004,1.4161000000000001,-0.4377999999999993,0.7560000000000002,-0.5978000000000003,0.23460000000000036,0.5526999999999997,-1.7135999999999996,-0.35399999999997434,-0.36899999999999267,-0.4559999999999498,0.0420000000000087,-0.5220000000000091,0.19199999999997885,0.45000000000001705,-0.03000000000001002,-0.057000000000000384,-0.16800000000000814,
0.019600000000000506,-0.7311999999999994,-1.0660999999999987,1.4175000000000004,-1.7752999999999997,0.7623999999999995,-0.5827999999999998,0.23360000000000003,0.5507999999999997,-0.09330000000000016,0.2159999999999762,0.5460000000000065,0.8339999999999748,0.2609999999999779,0.9419999999999895,0.08099999999999774,-0.1260000000000261,0.2579999999999849,0.08099999999999774,-0.34800000000001496,
0.026799999999999713,-0.7129999999999992,-1.0382999999999996,1.4261999999999997,-0.4482999999999997,0.7650999999999994,-0.5870000000000006,0.24219999999999953,0.5534999999999997,-1.6635,-0.40200000000002234,-0.003000000000046299,0.4349999999999987,-0.5489999999999995,-0.18900000000003914,-0.020999999999977703,-0.24299999999996658,2.6645352591003757E-14,-0.11999999999998678,0.6179999999999986,
0.013399999999998968,-0.7131000000000007,-1.0237999999999996,1.4078999999999997,-0.454600000000001,0.7644000000000002,-0.5950999999999995,0.24220000000000041,0.5495000000000001,-1.6429,-0.14399999999993085,0.5850000000000222,0.14699999999997715,0.2160000000000295,0.36000000000006693,0.32699999999998397,0.24599999999998623,-0.18600000000001948,-0.13500000000000512,1.3739999999999952,
0.008600000000001273,-0.6936,-1.0189000000000004,1.4151000000000007,-0.44259999999999877,0.7752999999999997,-0.5869,0.23599999999999977,0.5449999999999999,-1.5971000000000002,-0.432000000000059,0.5250000000000021,0.9839999999999982,0.13199999999995882,0.10199999999992215,0.387000000000004,0.33899999999998265,0.39599999999998303,-0.09000000000000341,1.9379999999999864,
-0.0058000000000006935,-0.6760999999999999,-0.9861000000000004,1.4194999999999993,-0.43920000000000137,0.7881999999999998,-0.5756000000000006,0.2491999999999992,0.5419999999999998,-1.5325000000000006,0.1260000000000261,0.0870000000000104,1.0410000000000252,0.5760000000000431,0.2520000000000522,0.17100000000000115,0.14400000000001079,0.024000000000024002,-0.17699999999998717,1.581000000000019,
-0.0015999999999998238,-0.6731999999999996,-0.9513999999999996,1.4387000000000008,-0.4307999999999996,0.7938999999999998,-0.5708000000000002,0.25,0.5361000000000002,-1.4798,-0.22500000000000853,-0.2999999999999936,-0.24300000000001987,-0.5489999999999995,-0.2129999999999832,0.5520000000000191,-0.13199999999998546,0.00900000000000567,-0.09000000000000341,-0.4619999999999891,
-0.009100000000000108,-0.6831999999999994,-0.9595000000000002,1.4204000000000008,-0.43789999999999907,0.8123000000000005,-0.5751999999999997,0.2503000000000002,0.5331000000000001,-1.4951999999999996,-0.0839999999999641,0.713999999999988,0.6630000000000003,0.2940000000000076,0.2999999999999936,-0.14400000000001079,0.4169999999999874,0.18000000000000682,0.20100000000001117,1.2239999999999984,
-0.011899999999998911,-0.6593999999999998,-0.9374000000000002,-0.4278999999999993,1.430200000000001,0.8075000000000001,-0.5613000000000001,0.2563000000000004,-1.4543999999999997,0.5398000000000005,-0.6150000000000588,0.047999999999994714,0.6269999999999776,0.26699999999996393,-0.18600000000004613,0.32399999999999096,0.6360000000000099,-0.14400000000001079,1.0889999999999933,-0.2910000000000146,
-0.03240000000000087,-0.6577999999999999,-0.916500000000001,-0.4190000000000005,1.4239999999999995,0.8182999999999998,-0.5400999999999998,0.25150000000000006,-1.4181,0.5301,0.28200000000003556,-0.0420000000000087,0.6510000000000282,0.006000000000039307,0.03900000000001569,0.03000000000001002,0.22500000000000853,0.0029999999999930083,1.4220000000000166,-0.12899999999999245,
-0.022999999999999687,-0.6592000000000002,-0.8948,-0.4187999999999992,1.4253,0.8193000000000001,-0.5325999999999995,0.2515999999999998,-1.3706999999999994,0.5258000000000003,-0.6120000000000125,-0.32700000000003726,0.8819999999999695,-0.24300000000007316,-0.11100000000000776,0.387000000000004,0.054000000000007375,-0.2099999999999902,1.5689999999999937,-0.3449999999999953,
-0.043400000000000105,-0.6701000000000015,-0.8654000000000011,-0.4269000000000016,-1.4885000000000002,0.8322000000000003,-0.5307999999999993,0.24460000000000015,-1.3183999999999996,-0.12270000000000003,0.06600000000000605,0.6510000000000282,0.6060000000000265,1.074000000000055,1.0740000000000016,0.6690000000000129,0.7259999999999867,0.2970000000000006,1.388999999999987,0.0030000000000196536,
-0.6484000000000005,-0.0411999999999999,-0.8452000000000002,-0.3910999999999998,-1.4527,-0.5065999999999997,0.8545000000000007,0.25450000000000017,-1.2721,-0.12259999999999938,0.09299999999999642,0.23399999999998755,0.1770000000000138,0.045000000000001705,0.15900000000000247,0.33899999999998265,-0.3540000000000276,0.3029999999999866,-0.39000000000002366,-0.009000000000032315,
-0.6453000000000007,-0.03340000000000032,-0.8392999999999997,-0.3895999999999997,-1.4474,-0.4953000000000003,0.8426999999999998,0.2645999999999997,-1.2851000000000008,-0.12290000000000045,-0.06300000000001305,0.09299999999999642,0.389999999999997,0.5879999999999619,1.0109999999999886,-0.14699999999997715,0.1320000000000121,-0.32399999999999096,0.5580000000000318,-0.03299999999997638,
-0.6474000000000011,-0.030300000000000438,-0.8262999999999998,-0.370000000000001,-1.4137000000000004,-0.5001999999999995,0.8471000000000002,0.2538,-1.2664999999999997,-0.12399999999999967,-0.09899999999992914,-0.15299999999996317,0.33000000000003027,0.06000000000007333,0.8670000000000577,0.026999999999990365,0.07800000000000473,-0.13799999999999812,0.7709999999999884,-0.2910000000000146,
-0.6506999999999987,-0.03539999999999921,-0.8152999999999988,-0.36799999999999855,-1.3847999999999985,-0.49929999999999986,0.8497000000000003,0.2492000000000001,-1.2408000000000001,-0.13370000000000015,0.7439999999999714,-0.1290000000000191,0.8579999999999721,0.6179999999999453,0.8159999999999634,0.2850000000000019,-0.09000000000000341,0.22800000000000153,0.7170000000000076,0.06600000000000605,
-0.6258999999999997,-0.7866999999999997,-0.039699999999999847,-0.3474000000000004,-1.3575999999999997,-0.4897999999999998,0.25680000000000014,0.8467000000000002,-1.2168999999999999,-0.13149999999999995,0.6150000000000055,0.6750000000000256,0.2910000000000146,0.9990000000000165,1.808999999999994,0.5910000000000082,0.6899999999999906,0.46800000000000175,2.048999999999994,-0.12599999999999945,
-0.6053999999999995,-0.7641999999999989,-0.02999999999999936,-0.3140999999999998,-1.2973,-0.4700999999999995,0.2797999999999998,0.8623000000000003,-1.1486,-0.13569999999999993,0.5699999999999505,0.4259999999999664,0.1259999999999728,0.6149999999999523,0.49499999999996547,-0.11700000000002042,-0.3300000000000036,-0.5910000000000082,0.27300000000000324,-0.10200000000000209,
-0.5864000000000011,-0.75,-0.025800000000000267,-0.2936000000000014,-1.280800000000001,-0.4740000000000002,0.2687999999999997,0.8426,-1.1395,-0.1391,-0.2909999999999613,-0.2849999999999753,-0.23399999999998755,-0.23699999999998056,-0.4289999999999594,0.7530000000000037,0.7530000000000303,0.36599999999999966,0.35700000000002063,0.4380000000000184,
-0.5960999999999999,-0.7594999999999992,-0.03359999999999985,-0.30150000000000077,-1.2950999999999997,-0.4489000000000001,0.2939000000000007,0.8548,-1.1275999999999993,-0.12449999999999939,0.3779999999999717,0.24299999999996658,0.2069999999999972,0.44700000000002404,0.3839999999999577,-0.705000000000009,-0.4860000000000131,-0.2549999999999919,0.4139999999999677,-0.19500000000002515,
-0.5835000000000008,-0.7514000000000003,-0.026699999999999946,-0.28659999999999997,-1.282300000000001,-0.4724000000000004,0.2777000000000003,0.8463000000000003,-1.1138000000000003,-0.13100000000000023,-0.17999999999995353,0.27300000000000324,-0.07499999999998508,0.48900000000003274,0.7410000000000316,0.375000000000032,0.8399999999999874,-0.1890000000000125,1.4880000000000226,-0.4079999999999817,
-0.5894999999999992,-0.7423000000000002,-0.02919999999999945,-0.2702999999999989,-1.2576,-0.4598999999999993,0.30569999999999986,0.8399999999999999,-1.0641999999999996,-0.14459999999999962,0.4169999999999341,0.5220000000000091,-0.09600000000004272,0.7079999999999487,0.26699999999996393,0.035999999999996035,0.18600000000001948,-0.2729999999999766,0.8519999999999861,0.2069999999999972,
-0.5756000000000014,-0.7248999999999999,-0.03240000000000087,-0.24670000000000059,-1.2487000000000013,-0.45869999999999944,0.3119000000000005,0.8309000000000006,-1.0358,-0.1376999999999997,-0.27299999999994995,0.19200000000003214,0.07200000000004536,0.6690000000000396,0.3540000000000809,-0.03300000000000303,0.8039999999999914,0.2879999999999949,1.7039999999999988,0.6719999999999793,
-0.5846999999999998,-0.7184999999999988,-0.02999999999999936,-0.22439999999999927,-1.2368999999999986,-0.45979999999999954,0.3387000000000002,0.8405000000000005,-0.9790000000000001,-0.1153000000000004,1.0859999999999737,0.5009999999999515,0.2970000000000006,1.2749999999999595,0.2939999999999543,0.34499999999996867,-0.03600000000002268,-0.30000000000002025,0.8969999999999878,-0.1470000000000038,
-0.5485000000000007,-0.7018000000000004,-0.02009999999999934,-0.18190000000000062,-1.2271,-0.4483000000000006,0.33749999999999947,0.8304999999999998,-0.9491000000000005,-0.12020000000000053,-0.5339999999999812,-0.15300000000001646,-0.7920000000000194,-0.8039999999999914,-0.3960000000000363,-0.5129999999999768,-0.29399999999998094,-0.5399999999999938,-0.5849999999999689,-0.38699999999997736,
-0.5663,-0.706900000000001,-0.046499999999999986,-0.20870000000000033,-1.2403000000000013,-0.4653999999999998,0.3277000000000001,0.8125,-0.9685999999999995,-0.13309999999999977,0.40799999999995507,0.4800000000000004,0.44699999999997075,0.2970000000000006,0.5100000000000371,0.035999999999996035,0.27000000000001023,0.0,1.031999999999993,0.12300000000000644,
-0.5527000000000015,-0.690900000000001,-0.03160000000000096,-0.1988000000000003,-1.2233,-0.46419999999999995,0.33670000000000044,0.8125,-0.9341999999999997,-0.12899999999999956,-0.0839999999999641,0.05100000000004101,-0.014999999999965041,0.7830000000000403,-0.011999999999972033,0.02700000000001701,0.0029999999999930083,-0.19799999999999152,1.2060000000000137,-0.18599999999999284,
-0.5555000000000003,-0.6891999999999996,-0.032099999999999795,-0.17269999999999897,-1.2236999999999991,-0.4632999999999994,0.3368000000000002,0.8059000000000003,-0.8939999999999992,-0.13519999999999932,0.11699999999999378,0.2129999999999832,0.14999999999997016,0.5999999999999339,0.15599999999995617,0.5339999999999812,0.22500000000000853,0.03899999999998904,0.680999999999985,0.04499999999997506,
-0.5516000000000005,-0.6821000000000002,-0.02710000000000079,-0.15270000000000117,-1.2185000000000006,-0.4455,0.3443000000000005,0.8071999999999999,-0.8712999999999997,-0.13370000000000015,0.7770000000000543,0.6300000000000239,0.5100000000000371,1.0080000000000489,0.2550000000000452,0.5729999999999968,0.22499999999998188,-0.0029999999999930083,1.836000000000011,0.42300000000000004,
-0.5256999999999987,-0.6610999999999994,-0.010099999999999554,-0.11909999999999954,-1.209999999999999,-0.4264000000000001,0.3517999999999999,0.8071000000000002,-0.8100999999999994,-0.11960000000000015,-0.4260000000000197,0.01800000000001134,-0.5279999999999951,0.45000000000001705,-0.8130000000000237,0.3960000000000097,0.24900000000000588,-0.07800000000000473,0.8460000000000001,-0.23399999999998755,
-0.5398999999999994,-0.660499999999999,-0.10409999999999897,-0.027699999999999392,-1.2370999999999999,-0.4131999999999998,0.3601000000000001,-0.7818999999999994,0.8045,-0.12739999999999974,-0.12000000000004007,-0.01800000000006463,-0.08700000000006369,0.11999999999998678,-0.009000000000032315,-0.27300000000000324,-0.1529999999999898,-0.36300000000000665,-0.33599999999998964,-0.09299999999999642,
-0.5439000000000007,-0.6611000000000011,-0.023699999999999832,-0.1070000000000011,-1.237400000000001,-0.4222999999999999,0.3550000000000004,0.7933000000000003,-0.7939999999999996,-0.13049999999999962,-0.06599999999995276,0.6360000000000632,0.03900000000001569,0.27600000000004954,0.06000000000002004,0.4979999999999851,0.09299999999996977,0.5519999999999925,0.8699999999999708,0.5549999999999855,
-0.5460999999999991,-0.639899999999999,-0.09779999999999944,-0.02239999999999931,-0.6409000000000002,-0.4057000000000004,0.3580999999999994,-0.7650000000000006,0.8117000000000001,-1.0293,0.18299999999994654,0.2849999999999753,0.6299999999999706,-0.07200000000004536,0.5069999999999908,0.22200000000001552,-0.21899999999996922,0.36000000000001364,-0.26399999999999757,0.17100000000000115,
-0.5400000000000009,-0.6303999999999998,-0.07680000000000042,-0.02480000000000082,-0.6240000000000006,-0.3982999999999999,0.35080000000000044,-0.7530000000000001,0.8029000000000002,-1.0236,-0.4289999999999594,0.23099999999999454,0.9780000000000122,-0.13199999999995882,0.6540000000000212,0.8969999999999878,0.09899999999998244,0.7589999999999897,0.38699999999997736,1.3739999999999952,
-0.5542999999999996,-0.6227,-0.04420000000000002,-0.02919999999999945,-0.6021999999999998,-0.3684000000000003,0.35409999999999986,-0.7277000000000005,0.8157999999999994,-0.9778000000000002,-0.027000000000043656,0.6329999999999636,1.095000000000006,0.4739999999999611,1.0769999999999946,0.37500000000000533,-0.07500000000001172,1.023000000000014,0.10800000000001475,1.6379999999999928,
-0.555200000000001,-0.007699999999999818,-0.6016000000000012,-0.013400000000000745,-0.5663,-0.3559000000000001,-0.6936,0.35159999999999947,0.8193999999999999,-0.9232000000000005,-0.2099999999999902,0.45600000000000307,0.14400000000003743,0.16500000000004178,0.13799999999999812,0.5399999999999938,-0.03000000000001002,-0.33299999999999663,-0.17699999999998717,0.3300000000000036,
-0.5622000000000007,-0.5968,0.007500000000000284,-0.007899999999999352,-0.5617000000000001,-0.3379000000000003,0.3404999999999996,-0.6946000000000003,0.8135000000000003,-0.9122000000000003,-0.09599999999998943,0.32699999999998397,0.1649999999999885,0.008999999999979025,0.05399999999998073,0.08099999999999774,0.11699999999999378,0.5429999999999868,0.17999999999998018,0.24599999999998623,
-0.5654000000000003,0.0129999999999999,-0.5859000000000005,-0.007600000000000051,-0.5599000000000007,-0.3352000000000004,-0.6765000000000008,0.3443999999999994,0.8194999999999997,-0.9040000000000008,-0.0839999999999641,0.19500000000002515,0.2519999999999989,-0.10800000000001475,0.06600000000000605,0.17399999999999416,-0.16199999999999548,-0.8819999999999961,-0.21300000000000985,-0.03299999999997638,
-0.5681999999999992,-0.5775000000000006,0.01950000000000074,-0.011200000000000543,-0.5577000000000005,-0.3294000000000006,0.3149999999999995,-0.6819000000000006,0.8123999999999993,-0.9051,-0.14100000000004442,0.13500000000000512,0.777000000000001,0.02100000000000435,0.389999999999997,0.5700000000000038,-0.41100000000000136,0.6330000000000169,0.06300000000001305,0.8460000000000001,
-0.5730000000000004,-0.5729000000000006,0.04540000000000077,-0.010500000000000398,-0.5447000000000006,0.30129999999999946,-0.31040000000000045,-0.6608,0.8144999999999998,-0.8769,0.05700000000002703,-0.5849999999999689,0.6899999999999906,-0.5279999999999951,-0.6209999999999916,0.15000000000002345,-0.035999999999996035,-0.5700000000000038,-0.44099999999998474,-0.5940000000000012,
-0.5710999999999995,-0.5923999999999996,0.06840000000000046,-0.028100000000000236,-0.5654000000000003,0.30630000000000024,-0.3116000000000003,-0.6798000000000002,0.7998000000000003,-0.8967,0.2910000000000146,-0.0840000000000174,1.1370000000000147,0.5039999999999978,0.9149999999999991,-1.4550000000000196,0.14099999999999113,1.0919999999999863,0.2669999999999906,1.1489999999999867,
-0.561399999999999,0.10630000000000095,-0.5952000000000002,-0.01130000000000031,-0.5349000000000004,0.2577999999999996,-0.6434000000000006,-0.3069000000000006,0.8087,-0.8584000000000005,0.8670000000000044,0.9839999999999982,0.23700000000003385,0.4800000000000004,0.2069999999999972,0.2730000000000299,0.6090000000000195,0.14700000000003044,-0.3449999999999953,0.5640000000000178,
-0.5324999999999989,0.1391000000000009,-0.587299999999999,0.004699999999999704,-0.5280000000000005,0.2669000000000006,-0.6231,-0.3019999999999996,0.7972000000000001,-0.8395999999999999,-0.19200000000003214,-0.0870000000000104,-0.3000000000000469,-0.09000000000000341,0.5370000000000275,-0.27300000000000324,-0.387000000000004,-0.21300000000000985,0.24299999999999322,-0.07800000000000473,
-0.5388999999999999,0.13620000000000054,-0.5973000000000006,0.0016999999999995907,-0.5100999999999996,0.2578000000000005,-0.6360000000000001,-0.30909999999999993,0.8052999999999999,-0.8422000000000001,-0.23700000000003385,0.05999999999996675,0.2970000000000006,-0.11400000000000077,-0.45600000000000307,-0.4260000000000197,0.25500000000001855,0.00900000000000567,-0.27599999999999625,0.40500000000001535,
-0.5468000000000011,0.13819999999999943,-0.5874000000000006,-0.002100000000000435,-0.5252999999999997,0.24359999999999982,-0.6274999999999995,-0.30879999999999974,0.7961,-0.8286999999999995,0.48900000000003274,0.14099999999999113,0.2159999999999762,0.1679999999999815,0.2999999999999403,-0.4800000000000004,-0.25500000000001855,-0.387000000000004,-0.25500000000001855,-0.5280000000000218,
-0.5305,0.14289999999999914,-0.5802000000000014,0.0034999999999989484,-0.5153000000000016,0.2275999999999998,-0.6360000000000001,-0.3216999999999999,0.7875999999999994,-0.8463000000000003,0.4319999999999524,1.166999999999998,0.7470000000000176,0.44400000000003104,0.8880000000000088,-0.18000000000000682,0.42599999999999305,0.21600000000000286,-0.07199999999999207,1.1219999999999963,
-0.5161000000000016,-0.5553000000000008,0.18179999999999907,0.018299999999999983,-0.48570000000000135,0.22159999999999958,-0.3144999999999998,-0.6218000000000004,0.7851999999999997,-0.8089000000000004,0.7800000000000473,0.828000000000042,0.6840000000000579,0.12300000000003308,0.8610000000000717,-0.2879999999999949,-0.2340000000000142,0.2820000000000089,-0.07499999999998508,0.6510000000000016,
-0.4901,-0.5276999999999994,0.204600000000001,0.022400000000001086,-0.45699999999999896,0.21199999999999974,-0.32230000000000025,-0.6124,0.7827000000000002,-0.7872000000000003,-0.1320000000000121,0.10499999999996845,0.4559999999999498,-0.10200000000002873,-0.5100000000000371,-0.5100000000000104,-0.3270000000000106,-0.0030000000000196536,-0.42000000000000703,0.047999999999994714,
-0.4945000000000004,-0.5242000000000004,0.21979999999999933,0.019000000000000128,-0.4740000000000002,0.1949999999999994,-0.3332000000000006,-0.6125000000000007,0.7686999999999999,-0.7856000000000005,0.026999999999990365,-0.023999999999997357,-0.23099999999999454,-0.40200000000002234,0.05399999999998073,-0.07499999999995843,0.04200000000003534,-0.19199999999997885,0.05100000000001437,0.09600000000001607,
-0.4936000000000007,-0.5250000000000004,0.2120999999999995,0.005599999999999383,-0.47220000000000084,0.19250000000000078,-0.33179999999999943,-0.6189,0.7704000000000004,-0.7824,0.4650000000000354,0.4290000000000127,0.765000000000029,0.3060000000000329,-0.09299999999994313,-0.1770000000000138,-0.16800000000000814,-0.2999999999999936,-0.381000000000018,-0.3300000000000036,
-0.4780999999999995,-0.5106999999999999,0.23760000000000048,0.01580000000000048,-0.47529999999999895,0.18660000000000032,-0.3373999999999997,-0.6288999999999998,0.7576999999999998,-0.7934000000000001,0.01800000000001134,0.02100000000000435,0.4740000000000144,0.3420000000000023,-0.31800000000000495,-0.054000000000007375,-0.2340000000000142,0.33599999999998964,-0.13199999999998546,0.31800000000000495,
-0.47749999999999915,-0.5099999999999998,0.25340000000000096,0.027200000000000557,-0.4858999999999991,0.18480000000000008,-0.3452000000000002,-0.6177000000000001,0.7533000000000003,-0.7827999999999999,0.4679999999999751,0.13500000000000512,0.43799999999999173,-0.18899999999998585,-0.2609999999999779,-0.39300000000001667,-0.3300000000000036,-0.6210000000000182,-0.1110000000000344,0.14699999999997715,
-0.4619,-0.5054999999999996,0.2680000000000007,0.02090000000000103,-0.4945999999999984,0.17169999999999952,-0.3562000000000003,-0.6384000000000007,0.7495999999999992,-0.7779000000000007,0.5820000000000292,-0.09000000000000341,0.5250000000000021,0.7469999999999644,-0.05100000000004101,-0.3719999999999857,-0.24899999999997924,-0.46199999999996244,-0.8489999999999664,-0.20999999999996355,
-0.442499999999999,-0.5084999999999997,0.28550000000000075,0.04579999999999984,-0.49629999999999974,0.1593,-0.3644999999999996,-0.6537999999999995,0.7213000000000003,-0.7848999999999995,0.8399999999999608,0.39299999999999,0.35699999999996734,0.2129999999999832,0.15900000000000247,0.3420000000000023,0.6269999999999776,-0.04500000000002835,0.13199999999998546,0.7949999999999857,
-0.4145000000000003,-0.49540000000000006,0.29739999999999966,0.05289999999999928,-0.49099999999999966,0.17070000000000007,-0.34360000000000035,-0.6553000000000004,0.7256999999999998,-0.7584,-0.2609999999999779,0.35700000000002063,-0.07199999999993878,-0.08699999999995711,-0.27000000000001023,-0.006000000000012662,0.03600000000002268,-0.5279999999999951,-0.42899999999998606,-0.3089999999999993,
-0.4231999999999996,-0.4834999999999994,0.05000000000000071,0.2950000000000017,-0.5,0.17049999999999965,-0.3423999999999996,0.7114000000000003,-0.6729000000000003,-0.7686999999999999,0.2609999999999779,-0.750000000000064,0.09299999999994313,0.44999999999991047,0.05099999999998772,-0.5820000000000025,-0.10800000000001475,-0.03000000000001002,-0.09599999999998943,0.04199999999998205,
-0.4145000000000003,-0.5085000000000015,0.053099999999998815,0.3099999999999987,-0.4983000000000004,0.15109999999999957,-0.3460000000000001,0.7103999999999999,-0.6760999999999999,-0.7673000000000005,-0.03299999999997638,0.15000000000007674,-0.041999999999955406,0.024000000000050647,-0.4709999999999681,0.11699999999999378,0.39299999999999,0.11400000000000077,0.2579999999999849,0.5790000000000095,
-0.4155999999999995,-0.503499999999999,0.0517000000000003,0.3108000000000004,-0.5139999999999993,0.15499999999999936,-0.3329000000000004,0.7142,-0.6675000000000004,-0.7480000000000002,0.14099999999999113,-0.5640000000000178,-0.023999999999997357,-0.32699999999998397,-0.2639999999999709,-0.44099999999998474,-0.44399999999997775,-0.6779999999999919,-0.5729999999999968,-0.3990000000000027,
-0.4108999999999998,-0.5222999999999995,0.05090000000000039,0.29990000000000094,-0.5227999999999984,0.14029999999999987,-0.3476999999999997,0.6916000000000002,-0.6866000000000003,-0.7613000000000003,0.6360000000000099,-0.45000000000001705,0.8339999999999748,0.8819999999999695,-0.9540000000000148,-0.00900000000000567,-0.0030000000000196536,-0.7260000000000133,-0.8279999999999887,0.5399999999999938,
-0.3896999999999995,-0.5373000000000001,0.07869999999999955,0.3292999999999999,-0.5545999999999989,0.13999999999999968,-0.34780000000000033,0.6673999999999998,-0.7142,-0.7433000000000005,0.05999999999996675,-0.4320000000000057,0.008999999999979025,-0.01800000000001134,-1.0350000000000392,-0.09000000000000341,0.4469999999999974,0.2370000000000072,0.22499999999998188,-0.0029999999999930083,
-0.3877000000000006,-0.5517000000000003,0.07899999999999885,0.32869999999999955,-0.5891000000000002,0.13699999999999957,-0.3329000000000004,0.6753,-0.7067000000000005,-0.7434000000000003,-0.26699999999996393,0.2160000000000295,0.02100000000005764,0.24000000000002686,0.06300000000001305,0.06600000000000605,-0.09599999999998943,-0.047999999999994714,0.2190000000000225,0.20400000000000418,
-0.3965999999999994,-0.5444999999999993,0.07970000000000077,0.33670000000000044,-0.5869999999999997,0.13919999999999977,-0.33610000000000007,0.6737000000000002,-0.6993999999999998,-0.7366000000000001,0.32699999999998397,-0.4260000000000197,0.5999999999999872,0.06899999999999906,-0.2069999999999972,-0.17699999999998717,0.15900000000000247,-0.5340000000000078,-0.2310000000000212,0.42599999999999305,
-0.38569999999999993,-0.5587,0.09970000000000034,0.3390000000000004,-0.5938999999999997,0.1333000000000002,-0.3308,0.6558999999999999,-0.7071000000000005,-0.7224000000000004,-0.2190000000000225,-1.1219999999999963,-0.06300000000001305,-0.05400000000003402,-1.7550000000000132,-0.14400000000001079,-0.46200000000001573,-0.24300000000001987,-0.26399999999999757,-0.27899999999998926,
-0.3930000000000007,0.09759999999999991,-0.5960999999999999,0.3371999999999993,-0.6524000000000001,0.12849999999999984,0.6477999999999993,-0.3462000000000005,-0.7159000000000004,-0.7317,0.384000000000011,0.834000000000028,0.3749999999999787,0.6030000000000335,0.05099999999998772,0.1920000000000055,-0.2129999999999832,0.8130000000000237,0.1320000000000121,0.5729999999999968,
-0.3802000000000003,0.12540000000000084,-0.5836000000000006,0.3573000000000004,-0.6507000000000005,0.13490000000000002,0.6406999999999998,-0.3190999999999997,-0.7115,-0.7126000000000001,0.20100000000001117,0.6809999999999583,-1.029,-0.0840000000000174,-1.5479999999999627,-0.31500000000001194,-0.4290000000000127,0.2699999999999836,0.12299999999997979,0.2970000000000006,
-0.37349999999999994,0.14809999999999945,-0.6179000000000006,0.3544999999999998,-0.7022999999999993,0.12439999999999962,0.6263999999999994,-0.31010000000000026,-0.7074000000000007,-0.7027000000000001,0.36599999999999966,0.4320000000000057,-0.2579999999999849,0.31199999999996564,-1.0140000000000349,0.0030000000000196536,-0.2279999999999749,0.6570000000000142,0.039000000000042334,0.3540000000000276,
-0.36129999999999995,0.16249999999999964,-0.6265000000000001,0.36489999999999867,-0.7361000000000004,0.12450000000000028,0.6188000000000002,-0.2881999999999998,-0.7060999999999993,-0.6908999999999992,-0.22800000000000153,-0.09000000000000341,-0.03900000000001569,-0.44699999999997075,0.4649999999999821,-0.27000000000001023,-0.02100000000000435,-0.06600000000000605,0.2279999999999749,0.20399999999997753,
-0.3689,0.15949999999999953,-0.6278000000000006,0.34999999999999964,-0.720600000000001,0.11549999999999994,0.6181000000000001,-0.2904,-0.6985000000000001,-0.6840999999999999,0.1710000000000278,0.05700000000002703,-0.8279999999999887,0.19800000000001816,-1.2539999999999552,0.356999999999994,-0.057000000000000384,0.8970000000000145,0.45300000000001006,0.9000000000000075,
-0.3631999999999991,0.16140000000000043,-0.6554000000000002,0.35660000000000025,-0.4383999999999997,0.12739999999999974,0.6162000000000001,-0.2604999999999995,-0.6833999999999998,-0.8920000000000003,-0.16500000000004178,0.36000000000001364,-0.8190000000000097,-0.03299999999997638,0.43799999999999173,-0.17100000000000115,0.07199999999999207,0.4949999999999921,0.18899999999998585,0.3300000000000036,
-0.36870000000000047,0.1734000000000009,-0.6827000000000005,0.35550000000000104,-0.42379999999999995,0.1216999999999997,0.6185999999999998,-0.24399999999999977,-0.6771000000000003,-0.8810000000000002,0.36599999999999966,0.9119999999999528,0.387000000000004,0.6689999999999863,-0.09899999999998244,-0.12599999999999945,-0.4499999999999904,1.097999999999999,-0.05099999999998772,0.49800000000001177,
-0.3565000000000005,0.20379999999999932,-0.6698000000000004,0.3778000000000006,-0.42709999999999937,0.11749999999999972,0.6036000000000001,-0.2073999999999998,-0.6787999999999998,-0.8643999999999998,-0.9869999999999912,-0.023999999999944066,-2.3219999999999708,-0.39899999999997604,-1.034999999999986,-0.020999999999977703,-0.5669999999999842,0.9900000000000109,0.7170000000000076,1.2809999999999988,
-0.3894000000000002,0.20300000000000118,0.3645000000000014,-0.7471999999999994,-0.4615999999999989,0.11680000000000046,0.5847000000000007,-0.6548999999999996,-0.17439999999999944,-0.8216999999999999,0.24900000000000588,0.3869999999999507,0.7619999999999827,-0.5340000000000344,-0.23700000000003385,0.04799999999996807,0.014999999999965041,0.1859999999999662,0.3479999999999617,-0.14400000000001079,
-0.3811,0.21589999999999954,0.3899000000000008,-0.7650000000000006,-0.46950000000000003,0.1183999999999994,0.5851999999999995,-0.6487000000000007,-0.16280000000000072,-0.8265000000000002,0.029999999999983373,0.18299999999999983,-0.10800000000001475,-0.01800000000001134,0.2849999999999753,-0.09299999999999642,-0.29399999999998094,-0.23399999999998755,-0.026999999999990365,0.2069999999999972,
-0.38010000000000055,0.22199999999999953,0.3863000000000003,-0.765600000000001,-0.46000000000000085,0.11529999999999951,0.5754000000000001,-0.6565000000000003,-0.1637000000000004,-0.8196000000000003,0.4800000000000537,0.32400000000004425,0.375000000000032,-0.8789999999999232,-0.5639999999999645,-0.3179999999999783,-0.27000000000001023,-0.15599999999998282,0.10500000000002174,0.006000000000012662,
-0.36409999999999876,0.232800000000001,0.3988000000000014,-0.7948999999999984,-0.47879999999999967,0.10470000000000024,0.5663999999999998,-0.6616999999999997,-0.16019999999999968,-0.8193999999999999,-0.5460000000000065,0.2489999999999526,0.2879999999999683,-0.8430000000000604,-0.45000000000001705,0.1079999999999881,-0.4290000000000127,0.8429999999999804,0.3779999999999717,0.1709999999999745,
-0.382299999999999,0.24109999999999943,0.4084000000000003,-0.8230000000000004,-0.49380000000000024,0.10829999999999984,0.5520999999999994,-0.6336000000000004,-0.14760000000000062,-0.8137000000000008,0.387000000000004,0.3450000000000486,0.5640000000000178,-0.26699999999996393,0.28200000000003556,-0.057000000000000384,-0.33299999999999663,0.4469999999999974,0.31500000000001194,-0.07499999999998508,
-0.36939999999999884,0.25260000000000105,0.4272000000000009,-0.8318999999999992,-0.48439999999999905,0.10639999999999983,0.5409999999999995,-0.6187000000000005,-0.13710000000000022,-0.8162000000000003,-0.6300000000000772,-0.23700000000003385,-0.10800000000006804,-1.992000000000047,-1.659000000000077,-0.35399999999997434,-0.05399999999998073,0.2160000000000295,0.3720000000000123,0.4740000000000144,
-0.3904000000000014,0.24469999999999992,0.42359999999999864,-0.8983000000000008,-0.5397000000000016,0.09460000000000068,0.5392000000000001,-0.6114999999999995,-0.12469999999999981,-0.8003999999999998,-0.2970000000000006,0.6299999999999706,0.9270000000000245,-0.6209999999999916,0.10800000000001475,0.329999999999977,-0.47399999999998776,0.5429999999999868,0.36000000000001364,-0.32399999999999096,
-0.40030000000000143,0.26569999999999894,0.45449999999999946,-0.9190000000000005,-0.5361000000000011,0.10559999999999992,0.5234000000000005,-0.5933999999999999,-0.11269999999999936,-0.8111999999999995,-0.21899999999996922,-0.18899999999998585,-0.30899999999997263,0.20100000000001117,-0.06899999999999906,-0.28800000000002157,-0.1680000000000348,-0.3390000000000093,-0.411000000000028,-0.14700000000003044,
-0.4076000000000004,0.2593999999999994,0.4442000000000004,-0.9123000000000001,-0.5384000000000011,0.0959999999999992,0.5177999999999994,-0.6047000000000002,-0.1264000000000003,-0.8161000000000005,-0.8160000000000167,-0.2970000000000006,-0.15600000000000946,-1.1430000000000007,-0.8969999999999878,-0.07499999999998508,0.30300000000001326,0.6030000000000069,0.45600000000000307,0.4440000000000044,
-0.43480000000000096,0.2494999999999994,0.43900000000000006,-0.9504000000000001,-0.5683000000000007,0.0934999999999997,0.5278999999999998,-0.5846,-0.11120000000000019,-0.8013000000000003,0.32100000000005124,0.435000000000052,0.2910000000000146,0.28200000000003556,-0.08999999999995012,-0.023999999999997357,-0.3960000000000097,0.354000000000001,0.12000000000001343,0.18599999999999284,
-0.42409999999999926,0.2640000000000011,0.44870000000000054,-0.940999999999999,-0.571299999999999,0.09269999999999978,0.5146999999999995,-0.5728,-0.10719999999999974,-0.7951000000000006,-0.5010000000000048,0.5549999999999855,0.9600000000000009,-0.7530000000000037,-0.3960000000000363,-0.2099999999999902,0.45300000000001006,0.713999999999988,1.1159999999999837,-0.1529999999999898,
-0.4407999999999994,0.28250000000000064,0.48070000000000057,-0.9660999999999991,-0.5845000000000002,0.08570000000000011,0.5297999999999998,-0.5490000000000004,-0.07000000000000028,-0.8002000000000002,-0.779999999999994,0.0809999999999711,0.2849999999999753,-1.0110000000000419,-0.8759999999999835,0.719999999999974,-0.3089999999999993,1.3379999999999992,1.2780000000000058,0.6239999999999846,
-0.4667999999999992,0.2851999999999997,0.49019999999999975,-0.6136999999999997,-0.05579999999999963,0.10969999999999924,0.5194999999999999,-0.5044000000000004,-0.7794000000000008,-0.9908000000000001,0.05099999999998772,0.5700000000000038,0.3479999999999883,-0.2970000000000006,0.4709999999999681,0.28800000000002157,0.1470000000000038,0.5729999999999968,0.006000000000012662,1.164000000000005,
-0.4650999999999996,0.3041999999999998,0.5017999999999994,-0.04010000000000069,-0.6235999999999997,0.11929999999999996,0.5244,-0.4853000000000005,-0.952,-0.7792000000000003,-0.5640000000000178,-0.387000000000004,-0.2639999999999709,-0.5999999999999872,-0.9750000000000192,-0.22800000000000153,0.03300000000000303,0.01800000000001134,-0.21300000000000985,-0.0629999999999864,
-0.4839000000000002,0.29129999999999967,0.4930000000000003,-0.060100000000000264,-1.0192000000000014,0.11169999999999991,0.5255000000000001,-0.48470000000000013,-0.9591000000000003,9.999999999994458E-4,0.2970000000000006,0.5789999999999829,0.7049999999999557,0.6539999999999679,0.14400000000003743,0.6150000000000055,0.14099999999999113,0.746999999999991,1.3230000000000075,0.5820000000000025,
-0.4740000000000002,0.3105999999999991,0.5164999999999988,-0.03830000000000133,-0.6573000000000011,0.1322000000000001,0.5301999999999998,-0.45980000000000043,-0.915,-0.7725,-0.045000000000001705,0.5790000000000362,0.4290000000000127,0.44400000000003104,-0.4619999999999891,-0.11099999999998111,-0.25199999999997225,0.5760000000000165,0.810000000000004,-0.354000000000001,
-0.47550000000000026,0.3299000000000003,0.5307999999999993,-0.0235000000000003,-1.0315999999999992,0.12850000000000072,0.5218000000000007,-0.4405999999999999,-0.8879999999999999,0.04520000000000035,-0.6419999999999959,-0.389999999999997,-0.27599999999999625,-0.23399999999998755,-0.7380000000000386,0.04199999999998205,-0.06600000000000605,0.31500000000001194,1.2900000000000045,0.710999999999995,
-0.4969000000000001,0.3169000000000004,0.5215999999999994,-0.031299999999999883,-0.719100000000001,0.12990000000000013,0.5196000000000005,-0.4300999999999995,-0.8449999999999998,-0.7608999999999995,0.11400000000000077,1.181999999999963,0.8789999999999765,1.181999999999963,-0.10199999999997544,0.3509999999999813,0.05399999999998073,0.7229999999999936,1.7849999999999966,0.28199999999998226,
-0.4931000000000001,0.3562999999999992,0.5508999999999986,0.008099999999998886,-0.7225000000000001,0.1415999999999995,0.5213999999999999,-0.4059999999999997,-0.7854999999999999,-0.7515000000000001,0.1709999999999745,0.5279999999999951,0.2670000000000172,-0.2099999999999902,-0.3420000000000023,0.27000000000001023,-0.5820000000000025,0.6149999999999789,0.36599999999999966,-0.20100000000001117,
-0.48740000000000094,0.373899999999999,0.5597999999999992,0.0010999999999992127,-0.7339000000000002,0.15059999999999985,0.5019999999999998,-0.3855000000000004,-0.7732999999999999,-0.7582000000000004,-0.44699999999997075,-0.14699999999997715,-0.2099999999999902,0.01800000000001134,-0.2069999999999972,0.045000000000001705,0.2519999999999989,0.11100000000000776,0.5130000000000035,0.387000000000004,
-0.5023,0.3689999999999998,0.5527999999999995,0.0016999999999995907,-0.7408000000000001,0.1520999999999999,0.5103999999999997,-0.38180000000000014,-0.7561999999999998,-0.7453000000000003,0.5399999999999672,0.708000000000002,0.4290000000000127,0.39599999999998303,-0.27000000000001023,-0.27599999999999625,-0.4199999999999804,-0.27599999999999625,0.2069999999999972,-0.8460000000000001,
-0.48430000000000106,0.39259999999999984,0.5670999999999999,0.014899999999999025,-0.7498000000000005,0.14290000000000003,0.4964000000000004,-0.391,-0.7492999999999999,-0.7735000000000003,-0.0809999999999711,0.5100000000000371,-0.041999999999955406,-0.2489999999999526,-0.5219999999999558,0.7949999999999857,0.029999999999983373,1.064999999999996,1.103999999999985,0.4770000000000074,
-0.4870000000000001,0.4096000000000011,0.5657000000000014,0.006600000000000605,-0.767199999999999,0.16939999999999955,0.49739999999999984,-0.35550000000000015,-0.7125000000000004,-0.7576,0.07199999999999207,0.32399999999993767,0.1259999999999728,-0.01800000000001134,-0.6060000000000265,-0.07199999999999207,-0.2549999999999919,-0.15900000000000247,0.22500000000000853,-0.6630000000000003,
-0.48460000000000036,0.420399999999999,0.5699000000000005,0.006000000000000227,-0.7873999999999999,0.16699999999999982,0.4889000000000001,-0.36080000000000023,-0.7050000000000001,-0.7797000000000001,0.2129999999999832,1.2900000000000311,0.40199999999996905,0.27599999999999625,-0.18600000000004613,0.48000000000002707,-0.708000000000002,0.34200000000002895,1.0830000000000073,-1.2989999999999835,
-0.4775000000000009,0.46340000000000003,0.015200000000000102,0.5832999999999995,-0.7936000000000014,0.18300000000000072,0.46530000000000005,-0.6688999999999998,-0.34939999999999927,-0.8229999999999995,0.06600000000005934,0.1680000000000348,0.19800000000001816,0.4800000000000537,-0.656999999999961,0.2699999999999836,-0.7950000000000124,-0.08100000000002439,-0.3180000000000316,-1.191000000000022,
-0.47529999999999895,0.4690000000000012,0.021800000000000708,0.5993000000000013,-0.8155000000000001,0.19200000000000017,0.43879999999999963,-0.6716000000000006,-0.3600000000000003,-0.8627000000000002,-0.13800000000005141,0.05699999999997374,-0.27300000000005653,0.0839999999999641,-0.5430000000000135,0.05099999999998772,0.4590000000000227,0.21300000000000985,0.4890000000000061,0.4290000000000127,
-0.47990000000000066,0.4709000000000003,0.012699999999998823,0.6021000000000001,-0.8336000000000006,0.19369999999999976,0.4541000000000004,-0.6645000000000003,-0.3437000000000001,-0.8483999999999998,0.5340000000000344,0.45600000000000307,0.15000000000007674,0.0420000000000087,-0.10799999999996146,-0.07199999999999207,-0.6659999999999933,0.22200000000001552,-0.7679999999999954,-0.5940000000000012,
-0.4620999999999995,0.4861000000000004,0.01770000000000138,0.6035000000000004,-0.8371999999999993,0.19130000000000003,0.4319000000000006,-0.6570999999999998,-0.36929999999999996,-0.8681999999999999,0.10800000000001475,0.7230000000000203,0.014999999999965041,0.5250000000000021,0.026999999999990365,0.11400000000000077,-0.2790000000000159,0.029999999999983373,0.17399999999999416,-0.5279999999999951,
-0.458499999999999,0.018200000000000216,0.5102000000000011,0.6210000000000004,-0.8362999999999996,0.19510000000000005,-0.6561000000000003,0.4226000000000001,-0.36350000000000016,-0.8857999999999997,-0.0900000000000567,0.5099999999999838,0.6299999999999706,0.008999999999979025,-0.39900000000002933,0.5729999999999968,0.4349999999999987,-0.46200000000001573,-0.387000000000004,-0.6000000000000139,
-0.4615000000000009,0.035199999999999676,0.5312000000000001,0.6212999999999997,-0.8496000000000006,0.21419999999999995,-0.6416000000000004,0.40719999999999956,-0.3764000000000003,-0.9058000000000002,0.3030000000000399,0.05100000000004101,1.1940000000000417,0.8820000000000228,-0.5219999999999558,-0.47399999999998776,-0.06599999999997941,-0.5969999999999942,-0.8759999999999835,-1.3979999999999926,
-0.4513999999999996,0.03690000000000104,0.5710000000000015,0.6507000000000005,1.2729,0.19840000000000035,-0.6437999999999997,0.38729999999999976,-0.40559999999999974,0.2603,-0.0059999999999860165,0.1649999999999885,0.4769999999999541,-0.2609999999999779,0.24300000000001987,0.2669999999999906,0.6329999999999902,-0.07199999999999207,0.2549999999999919,0.32099999999999795,
-0.4515999999999991,0.04240000000000066,0.5869,0.6420000000000012,1.2810000000000006,0.20730000000000004,-0.6227,0.3849,-0.3971,0.2709999999999999,-0.07199999999999207,0.012000000000025324,0.24900000000000588,0.27899999999998926,0.05099999999998772,0.054000000000007375,-0.19199999999997885,-0.3719999999999857,-0.36899999999999267,-0.24299999999999322,
-0.45399999999999885,0.042800000000001504,0.5952000000000002,0.6513000000000009,1.2827000000000002,0.20910000000000029,-0.6290999999999993,0.3725000000000005,-0.40939999999999976,0.26290000000000013,-0.4230000000000267,-0.08400000000007068,-0.06600000000000605,-0.1290000000000191,0.11999999999998678,-0.057000000000000384,-0.011999999999998678,-0.771000000000015,-0.14399999999998414,-0.38099999999999135,
-0.46809999999999974,0.03999999999999915,0.593,0.6470000000000002,1.2866999999999997,0.20720000000000027,-0.6294999999999993,0.3468,-0.41419999999999924,0.2502000000000004,0.44399999999997775,0.6090000000000195,0.5010000000000048,0.28199999999998226,0.45300000000001006,0.2879999999999949,0.2699999999999836,-0.17100000000000115,0.05999999999996675,-0.2310000000000212,
-0.4533000000000005,0.0602999999999998,0.6097000000000001,0.6563999999999997,1.3018,0.2168000000000001,-0.6204999999999998,0.34109999999999996,-0.41220000000000034,0.24249999999999972,-0.029999999999983373,-0.07499999999998508,0.1290000000000191,0.06600000000005934,0.23700000000003385,-0.2820000000000089,-0.26399999999999757,-0.9959999999999969,-0.9030000000000005,-0.5189999999999895,
-0.4542999999999999,0.057800000000000296,0.6140000000000008,0.6586000000000016,1.3097000000000012,0.2073999999999998,-0.6292999999999997,0.30790000000000006,-0.44230000000000036,0.22520000000000007,0.13500000000000512,0.32399999999999096,1.11899999999995,0.6929999999999303,0.6749999999999723,0.5849999999999955,0.24899999999997924,-0.4589999999999961,0.035999999999996035,-0.3449999999999953,
-0.44979999999999976,0.0686,0.6512999999999991,0.6816999999999993,1.3322000000000003,0.22689999999999966,-0.6210000000000004,0.2926000000000002,-0.4411000000000005,0.21370000000000022,0.015000000000018332,-0.03900000000001569,0.6720000000000326,-0.0059999999999860165,0.44699999999997075,0.6540000000000212,0.20100000000003782,-0.3029999999999866,0.18000000000003347,-0.13500000000000512,
-0.44929999999999914,0.06729999999999947,0.6737000000000002,0.6814999999999998,1.3470999999999993,0.24870000000000037,-0.6142999999999992,0.28250000000000064,-0.4350999999999994,0.20920000000000005,0.32399999999999096,0.36000000000001364,0.0420000000000087,0.06600000000000605,-0.23099999999999454,-0.15000000000002345,-0.15000000000002345,0.04199999999998205,0.07799999999997809,-0.18599999999999284,
-0.43849999999999945,0.07929999999999993,0.6751000000000005,0.6837,1.3393999999999995,0.24369999999999958,-0.6193,0.28390000000000004,-0.4325000000000001,0.2030000000000003,0.35399999999997434,0.387000000000004,0.6659999999999933,0.23099999999999454,0.6840000000000046,0.42000000000000703,0.36300000000000665,-0.5100000000000104,-0.5729999999999968,-0.40200000000002234,
-0.4267000000000003,0.09220000000000006,0.6973000000000003,0.6913999999999998,1.3621999999999996,0.2576999999999998,-0.6071999999999997,0.2668999999999997,-0.4516,0.18959999999999955,0.27599999999999625,-0.05700000000002703,0.36899999999999267,0.23099999999999454,0.708000000000002,0.49500000000001876,0.1890000000000125,-0.13799999999997148,-0.13199999999998546,-0.5339999999999812,
0.09029999999999916,0.7096,0.6990999999999996,1.3857999999999997,-999.0,-0.6008999999999993,0.26230000000000064,-0.4559999999999995,0.17180000000000017,-999.0,0.05700000000002703,0.36599999999999966,-0.1320000000000121,0.19800000000001816,0.0,-0.25500000000001855,-0.006000000000012662,0.5340000000000078,-0.09899999999998244,0.0,
0.09220000000000006,0.7218,0.6946999999999992,1.3924000000000003,-999.0,-0.6093999999999999,0.2621000000000002,-0.43819999999999926,0.16850000000000076,-999.0,0.7559999999999967,1.1310000000000286,0.6600000000000605,1.097999999999999,0.0,0.24600000000001288,-0.356999999999994,-0.36300000000000665,-0.6900000000000173,0.0,
0.11739999999999995,0.759500000000001,0.7167000000000012,1.4290000000000003,-999.0,-0.6011999999999995,0.2502000000000004,-0.4502999999999995,0.14550000000000018,-999.0,0.27000000000001023,0.8789999999999765,0.9119999999999528,0.387000000000004,0.0,-0.2820000000000089,-0.12000000000001343,0.19199999999997885,-0.38099999999999135,0.0,
0.1264000000000003,0.7888000000000002,0.7470999999999997,1.4419000000000004,-999.0,-0.6105999999999998,0.24619999999999997,-0.4439000000000002,0.13280000000000047,-999.0,-0.024000000000050647,0.06599999999995276,-0.24600000000001288,0.19199999999997885,0.0,-0.24600000000001288,-0.4349999999999987,-0.29099999999998793,-0.21000000000001684,0.0,
0.1255999999999986,0.7909999999999986,0.7388999999999992,1.4482999999999997,-999.0,-0.6188000000000002,0.23170000000000002,-0.4535999999999998,0.1257999999999999,-999.0,0.3000000000000469,0.8550000000000857,0.771000000000015,0.7230000000000203,0.0,0.07499999999998508,-0.0030000000000196536,0.5309999999999881,-0.0420000000000087,0.0,
0.13560000000000016,0.8195000000000014,0.7645999999999997,1.4724000000000004,-999.0,-0.6163000000000007,0.23159999999999936,-0.4359000000000002,0.12439999999999962,-999.0,-0.13500000000000512,-0.2970000000000539,-1.0740000000000016,-0.2610000000000312,0.0,-0.2639999999999709,-0.5189999999999895,0.02700000000001701,-0.39599999999998303,0.0,
0.1311,0.8095999999999997,0.7287999999999997,1.4636999999999993,-999.0,-0.6250999999999998,0.2142999999999997,-0.4349999999999996,0.11120000000000019,-999.0,0.4680000000000284,0.7410000000000316,0.702000000000016,0.6540000000000212,0.0,-0.4290000000000127,-0.06899999999999906,0.23099999999999454,-0.2669999999999906,0.0,
0.14670000000000094,0.8343000000000007,0.7522000000000002,1.4855,-999.0,-0.6394000000000002,0.21199999999999974,-0.4272999999999998,0.1023000000000005,-999.0,0.4139999999999944,0.2940000000000076,0.32399999999999096,0.5250000000000021,0.0,-1.4789999999999903,-1.1730000000000107,-0.5850000000000222,-0.6120000000000125,0.0,
0.16050000000000075,0.844100000000001,0.7629999999999999,1.5030000000000001,-999.0,-0.6886999999999999,0.1728999999999994,-0.44680000000000053,0.08190000000000008,-999.0,0.6749999999999723,1.0739999999999483,0.8489999999999931,0.3390000000000093,0.0,-1.0889999999999933,-0.9959999999999702,-0.9749999999999925,-0.7260000000000133,0.0,
0.18299999999999983,0.8798999999999992,0.7912999999999997,1.5143000000000004,-999.0,-0.7249999999999996,0.13970000000000038,-0.4793000000000003,0.05769999999999964,-999.0,-0.1649999999999885,-0.09599999999998943,-0.5459999999999532,0.10500000000002174,0.0,0.07499999999998508,-0.36300000000000665,-0.13499999999997847,-0.011999999999998678,0.0,
0.1775000000000002,0.8766999999999996,0.7731000000000012,1.5178000000000011,-999.0,-0.7225000000000001,0.12760000000000016,-0.48379999999999956,0.057299999999999685,-999.0,-0.03299999999997638,0.045000000000001705,0.2489999999999526,0.11699999999999378,0.0,-0.9839999999999982,-0.13500000000000512,0.18299999999999983,-0.43199999999997907,0.0,
0.176400000000001,0.8781999999999996,0.7813999999999997,1.521700000000001,-999.0,-0.7553000000000001,0.12309999999999999,-0.47769999999999957,0.04290000000000038,-999.0,-0.18900000000003914,0.36000000000001364,-0.2489999999999526,0.5099999999999838,0.0,-0.7919999999999927,-0.42599999999999305,-0.7170000000000076,-0.00900000000000567,0.0,
0.1700999999999997,0.8902000000000001,0.7731000000000012,1.5387000000000004,-999.0,-0.7816999999999998,0.10890000000000022,-0.5015999999999998,0.04260000000000019,-999.0,0.9360000000000035,0.774000000000008,0.49199999999997246,0.9059999999999668,0.0,-1.4309999999999956,-0.8520000000000127,-0.7229999999999936,-0.5879999999999885,0.0,
