0.08680000000000021,-0.6008000000000004,-0.7530000000000001,-0.45530000000000026,-1.2729999999999997,0.45289999999999964,0.22339999999999982,-0.341800000000001,0.6993999999999989,0.351799999999999,0.387000000000004,-0.2669999999999906,-0.5999999999999872,-0.18299999999999983,-0.735000000000019,-0.10499999999996845,0.2550000000000452,0.18300000000005312,0.10200000000002873,0.4800000000000537,
0.09970000000000034,-0.6097000000000001,-0.46140000000000025,-0.7729999999999997,-0.4551999999999996,0.4494000000000007,0.23190000000000133,0.7027999999999999,-0.3356999999999992,1.2581000000000007,-0.2940000000000076,-0.19799999999999152,-0.1649999999999885,-0.4290000000000127,-0.4800000000000004,0.18599999999999284,0.22499999999995524,0.2940000000000076,0.40500000000001535,0.14099999999999113,
0.08990000000000009,-0.6162999999999998,-0.7873000000000001,-0.46689999999999987,-1.2940000000000005,0.45560000000000045,0.23939999999999984,-0.3221999999999987,0.7126000000000001,0.3756000000000004,0.6390000000000029,0.30300000000001326,-0.1499999999999968,0.011999999999998678,-0.18299999999997318,0.2640000000000242,0.16200000000004877,0.0839999999999641,-0.2069999999999972,0.14400000000003743,
0.11120000000000019,-0.6061999999999994,-0.4664999999999999,-0.7923,-0.47999999999999954,0.46440000000000126,0.24480000000000146,0.7057000000000002,-0.3193999999999999,1.266,-0.11699999999999378,-0.1290000000000191,0.09299999999999642,-0.0059999999999860165,0.2970000000000006,0.07499999999998508,-0.006000000000039307,0.36300000000000665,0.047999999999994714,0.7319999999999993,
0.1073000000000004,-0.6105,-0.7924999999999995,-0.46340000000000003,-1.2973,0.46690000000000076,0.24460000000000015,-0.3178000000000001,0.7178000000000004,0.379900000000001,0.23399999999998755,0.18299999999999983,-0.12599999999999945,-0.1079999999999881,0.381000000000018,-0.024000000000050647,0.15900000000000247,0.23699999999998056,-0.09600000000004272,0.044999999999948415,
0.11509999999999998,-0.6044,-0.46699999999999964,-0.7966999999999995,-1.2845999999999993,0.46609999999999907,0.24990000000000023,0.714599999999999,-0.30990000000000073,0.3813999999999993,0.4349999999999987,-0.023999999999997357,0.01800000000001134,0.026999999999990365,-0.28800000000002157,-0.4320000000000057,0.014999999999965041,-0.09000000000000341,0.33000000000003027,0.2190000000000225,
0.12959999999999994,-0.6052,-0.7957999999999998,-0.46639999999999926,-1.2942,0.4516999999999989,0.25039999999999907,-0.2988999999999997,0.7115999999999989,0.38870000000000005,0.9240000000000048,-0.06899999999999906,-0.46800000000000175,-0.5190000000000161,0.32099999999999795,-0.4739999999999611,-0.26699999999996393,0.23699999999998056,0.08100000000002439,0.9209999999999852,
0.1604000000000001,-0.6074999999999999,-0.8113999999999999,-0.4836999999999998,-1.2835,0.4359000000000002,0.24150000000000027,-0.29100000000000037,0.7142999999999997,0.41939999999999955,1.100999999999992,1.1819999999999897,0.31800000000000495,0.8489999999999931,0.6689999999999863,-0.0870000000000104,-0.32400000000004425,0.24900000000000588,-0.10500000000002174,0.1290000000000191,
0.19709999999999983,-0.5681000000000003,-0.4554,-0.8007999999999997,-1.2612000000000005,0.43299999999999983,0.2306999999999988,0.710799999999999,-0.2827000000000002,0.4237000000000002,0.45300000000001006,-0.8550000000000058,-0.5640000000000178,-0.4380000000000184,-0.5729999999999702,-0.13500000000000512,0.05100000000004101,0.19500000000002515,0.12300000000003308,0.779999999999994,
0.21220000000000017,-0.5966000000000005,-0.4742000000000006,-0.8154000000000003,-1.2802999999999995,0.42849999999999966,0.23240000000000016,0.7172999999999998,-0.27859999999999907,0.4497,0.1709999999999745,0.07500000000001172,0.6420000000000226,0.03900000000001569,0.46800000000000175,0.10500000000002174,0.0029999999999930083,-0.6239999999999846,-0.1320000000000654,-0.702000000000016,
0.21789999999999932,-0.5941000000000001,-0.45279999999999987,-0.8140999999999998,-1.2646999999999995,0.4320000000000004,0.23249999999999993,0.6965000000000003,-0.28300000000000125,0.42629999999999946,0.8820000000000228,0.414000000000021,0.1470000000000038,-0.05999999999999339,-0.30300000000001326,-0.41100000000000136,-0.7319999999999993,0.41100000000000136,0.11400000000000077,1.0740000000000016,
0.24730000000000008,-0.5802999999999994,-0.44789999999999974,-0.8160999999999996,-1.2748,0.41830000000000034,0.20809999999999995,0.7102000000000004,-0.2792000000000012,0.4620999999999995,0.15600000000000946,-0.11100000000000776,0.2129999999999832,-0.5070000000000174,-0.20099999999998452,0.17399999999996751,-0.12300000000003308,0.2069999999999439,0.4770000000000074,0.5969999999999942,
0.2525000000000004,-0.5839999999999996,-0.4408000000000003,-0.8330000000000002,-1.2814999999999994,0.42409999999999926,0.20399999999999885,0.7170999999999985,-0.263300000000001,0.4819999999999993,2.195999999999998,0.6749999999999989,-0.4440000000000044,-0.20099999999998452,-0.12000000000004007,-0.6989999999999696,-0.8189999999999564,-0.5399999999999672,0.06600000000000605,0.7200000000000273,
0.3257000000000003,-0.5614999999999997,-0.45560000000000045,-0.8396999999999997,-1.2855000000000008,0.40080000000000027,0.1767000000000003,0.6990999999999996,-0.2611000000000008,0.5060000000000002,1.2149999999999928,0.3179999999999783,-0.33299999999999663,-0.5160000000000231,-0.06599999999997941,-0.6059999999999732,-0.2879999999999683,-0.08999999999995012,-0.08699999999995711,0.12300000000003308,
0.3662000000000001,-0.5509000000000004,-0.46670000000000034,-0.8569000000000004,-1.2877,0.38060000000000116,0.16710000000000136,0.6961000000000013,-0.26399999999999935,0.5101000000000013,1.1820000000000164,0.1560000000000361,-0.5999999999999872,-0.22499999999998188,-0.4800000000000004,0.27599999999994296,-0.3960000000000363,-0.10800000000006804,0.08699999999995711,0.8039999999999381,
0.4056000000000006,-0.5456999999999992,-0.4866999999999999,-0.8643999999999998,0.32780000000000076,0.38979999999999926,0.15390000000000015,0.692499999999999,-0.2611000000000008,1.3298000000000005,-0.4980000000000384,-0.3030000000000399,-0.4290000000000127,-0.0030000000000196536,-0.3480000000000416,-0.023999999999997357,-0.02100000000000435,0.012000000000025324,0.05400000000003402,-0.09000000000000341,
0.38899999999999935,-0.5558000000000005,-0.5010000000000003,-0.8645000000000005,0.31619999999999937,0.38899999999999935,0.1532,0.6928999999999998,-0.25929999999999964,1.3268000000000004,1.2000000000000277,0.12000000000004007,0.18000000000003347,-0.1259999999999728,0.24900000000003253,-0.19499999999997186,0.22500000000000853,0.0029999999999930083,0.5039999999999978,-0.10800000000001475,
-0.5517999999999992,0.42900000000000027,-0.4949999999999992,-0.8686999999999996,0.32450000000000045,0.1607000000000003,0.3825000000000003,0.6929999999999996,-0.24249999999999972,1.3232,0.10499999999996845,1.1160000000000103,-0.4380000000000184,-0.7319999999999993,-0.006000000000012662,0.44999999999996376,0.6029999999999802,0.2940000000000076,0.24299999999996658,0.047999999999994714,
-0.5483000000000002,0.4662000000000006,-0.5095999999999998,-0.8930999999999996,0.32430000000000003,0.17569999999999908,0.4025999999999996,0.7027999999999999,-0.23440000000000083,1.3247999999999998,-0.5789999999999829,2.2619999999999774,0.11400000000000077,-0.708000000000002,0.2970000000000006,1.1190000000000033,0.777000000000001,0.39299999999999,0.9030000000000271,-0.2519999999999989,
-0.5675999999999997,0.5415999999999999,-0.5057999999999998,-0.9166999999999996,0.33420000000000005,0.2129999999999992,0.42849999999999966,0.7158999999999995,-0.20429999999999993,1.3163999999999998,-0.3720000000000123,1.1010000000000186,-0.2069999999999972,-0.7200000000000273,-0.13799999999999812,1.1040000000000383,0.36599999999999966,0.3540000000000276,0.5220000000000091,0.3330000000000233,
-0.5800000000000001,0.5783000000000005,-0.5126999999999997,-0.9407000000000005,0.3296000000000001,0.24980000000000047,0.44069999999999965,0.7277000000000005,-0.18689999999999962,1.3275000000000006,0.33299999999999663,1.5029999999999877,0.9989999999999899,1.05900000000001,1.2119999999999997,1.0679999999999623,0.6540000000000212,0.5429999999999602,1.1969999999999814,0.5969999999999942,
-0.5689000000000002,0.6284000000000001,-0.47940000000000005,-0.9054000000000002,0.3700000000000001,0.2853999999999992,0.46250000000000036,0.7457999999999991,-0.14700000000000024,1.3474000000000004,-0.2129999999999832,-0.2820000000000089,-0.354000000000001,-0.47099999999999476,-0.4320000000000057,-0.07499999999998508,-0.18599999999999284,-0.14399999999998414,-0.2099999999999902,-0.3510000000000346,
-0.5759999999999996,0.6189999999999998,-0.4912000000000001,-0.9211,0.3555999999999999,0.2828999999999997,0.4563000000000006,0.7409999999999997,-0.15399999999999991,1.3356999999999992,-0.6630000000000269,0.33299999999999663,-0.5399999999999938,-1.4730000000000043,-1.1370000000000147,1.0109999999999886,0.2489999999999526,0.22500000000000853,0.14699999999997715,0.3390000000000093,
-0.5981000000000005,0.6300999999999997,-0.5091999999999999,-0.9702000000000002,0.3176999999999994,0.3165999999999993,0.464599999999999,0.7484999999999999,-0.14910000000000068,1.3469999999999995,-0.8099999999999774,0.8760000000000101,0.15600000000000946,-0.45899999999996943,0.11400000000002741,1.1070000000000313,0.27300000000005653,0.3360000000000163,0.5970000000000475,0.6480000000000352,
-0.6250999999999998,0.6593,-0.5039999999999996,-0.9854999999999992,0.32150000000000034,0.35350000000000037,0.4737000000000009,0.7597000000000005,-0.1291999999999991,1.3686000000000007,-0.5159999999999965,2.079000000000004,0.5219999999999825,-1.1850000000000094,0.8159999999999901,1.4789999999999637,0.31199999999996564,0.35699999999996734,0.7019999999999627,0.11399999999994748,
-0.6422999999999996,0.7286000000000001,-0.48660000000000014,-1.0249999999999995,0.3487,0.40279999999999916,0.48409999999999975,0.7715999999999994,-0.10580000000000034,1.372399999999999,-0.39300000000001667,0.38099999999999135,0.13799999999999812,-0.4980000000000384,-0.7679999999999954,1.0170000000000279,0.3000000000000469,0.3090000000000259,0.9180000000000454,0.39900000000002933,
-0.6554000000000002,0.7412999999999998,-0.4820000000000002,-1.0416000000000007,0.32310000000000016,0.4367000000000001,0.4941000000000013,0.7819000000000003,-0.07519999999999882,1.3857,-0.8850000000000158,0.4800000000000004,0.43199999999997907,-0.708000000000002,-0.41100000000000136,0.28500000000002856,-0.13500000000000512,-0.20100000000001117,0.19199999999997885,-0.7469999999999644,
-0.6849000000000007,0.7572999999999999,-0.4676000000000009,-1.0652000000000008,0.3094000000000001,0.44620000000000104,0.48960000000000115,0.7751999999999999,-0.06879999999999953,1.3608000000000011,-0.20099999999995788,-0.32099999999999795,0.2760000000000229,-0.18599999999999284,-0.1890000000000125,-0.07199999999999207,-0.24000000000002686,-0.07799999999997809,-0.07499999999998508,-0.6570000000000142,
-0.6915999999999993,0.7465999999999999,-0.45840000000000014,-1.0714000000000006,0.3030999999999997,0.4438000000000013,0.48160000000000025,0.7726000000000006,-0.07129999999999903,1.3389000000000006,-0.38700000000003065,0.1470000000000038,-0.28199999999998226,-0.7679999999999954,-0.6720000000000059,-0.15900000000005576,-0.1710000000000278,-0.2160000000000295,0.6329999999999636,-0.8100000000000307,
-0.7045000000000003,0.7515000000000001,-0.46779999999999955,-1.0970000000000004,0.2806999999999995,0.43849999999999945,0.4758999999999993,0.7653999999999996,-0.050200000000000244,1.3118999999999996,-0.8849999999999625,-0.09899999999998244,-0.40200000000002234,-0.5459999999999532,-0.35399999999997434,-1.0559999999999903,-0.710999999999995,-0.10499999999996845,-0.09599999999998943,-1.6859999999999609,
-0.7339999999999991,0.7482000000000006,-0.4812000000000003,-1.1151999999999989,0.26890000000000036,0.40329999999999977,0.4521999999999995,0.7619000000000007,-0.05339999999999989,1.255700000000001,-2.1990000000000176,-0.4830000000000201,0.411000000000028,-1.7910000000000625,-0.6240000000000112,-1.5930000000000177,-0.782999999999987,-0.9990000000000165,0.5309999999999881,-2.3370000000000424,
0.7321,-0.46749999999999936,-0.8072999999999997,-1.174900000000001,0.2481,0.4260999999999999,0.7286000000000001,0.3501999999999992,-0.03570000000000029,1.1777999999999995,-0.44099999999998474,0.13799999999999812,-1.5030000000000143,-0.7529999999999504,-0.7200000000000006,-0.4770000000000074,-0.5159999999999698,-0.6059999999999732,0.49200000000002575,-1.3799999999999812,
0.7174000000000005,-0.4628999999999994,-0.8574000000000002,0.22409999999999997,-1.1999999999999993,0.4101999999999997,0.7114000000000011,0.33000000000000007,1.1318000000000001,-0.01929999999999943,-0.006000000000012662,0.36599999999999966,-0.6540000000000212,-0.31500000000001194,-0.5850000000000222,-1.155000000000026,-0.5730000000000501,-0.5130000000000301,-1.470000000000038,-0.13500000000000512,
0.7172000000000001,-0.45069999999999943,-0.8792000000000009,0.21359999999999957,-1.2195,0.3716999999999988,0.6922999999999995,0.31289999999999907,1.0827999999999989,-0.0237999999999996,0.27599999999999625,0.6869999999999976,-0.15899999999994918,0.5130000000000301,0.4349999999999987,0.49800000000001177,0.10500000000002174,0.2610000000000312,0.435000000000052,0.35999999999996035,
-0.4277999999999995,0.7263999999999999,-0.8844999999999992,0.23070000000000057,-1.205,0.6958000000000002,0.3882999999999992,0.3216000000000001,1.0973000000000006,-0.01180000000000092,0.03299999999997638,-0.1049999999999951,-0.9630000000000472,-0.6120000000000125,-0.5039999999999978,0.32699999999998397,0.27000000000001023,0.12299999999997979,-0.18299999999999983,0.7319999999999993,
0.7229000000000001,-0.4267000000000003,-0.9166000000000007,0.21030000000000015,-1.2218,0.39729999999999954,0.7066999999999997,0.32569999999999943,1.0912000000000006,0.012599999999999056,0.4770000000000074,-0.680999999999985,-0.42599999999999305,-0.05999999999999339,0.021000000000030994,-0.8699999999999974,-0.015000000000018332,-0.0029999999999930083,-0.7890000000000263,0.2610000000000312,
0.7388000000000003,-0.4493999999999998,-0.9308000000000005,0.20830000000000037,-1.221099999999999,0.3682999999999996,0.706199999999999,0.32559999999999967,1.0648999999999997,0.021300000000000097,0.6780000000000186,0.7889999999999997,-0.9959999999999436,-0.5399999999999938,-0.6480000000000086,-0.30899999999997263,-0.14699999999997715,0.9839999999999982,0.01800000000001134,0.6600000000000072,
-0.4230999999999998,0.761400000000001,-0.9639999999999986,0.19030000000000058,-1.2426999999999992,0.7012999999999998,0.35800000000000054,0.3583999999999996,1.0655000000000001,0.04330000000000034,1.1430000000000007,0.21899999999996922,0.6809999999999583,0.5039999999999711,-0.14700000000003044,-0.18000000000000682,-1.026000000000007,1.0650000000000226,0.2579999999999849,0.28500000000002856,
-0.3849999999999998,0.7686999999999999,-0.9413,0.20709999999999962,-1.2476000000000003,0.6952999999999996,0.3238000000000003,0.39390000000000036,1.0740999999999996,0.05280000000000129,0.716999999999981,0.5070000000000174,-0.5940000000000012,0.24300000000001987,-0.4139999999999944,0.24900000000005917,0.09000000000000341,0.5969999999999942,-0.09899999999998244,0.14999999999997016,
-0.3611000000000004,0.7856000000000005,-0.9611000000000001,0.21520000000000028,-1.2614,0.7036000000000016,0.3268000000000004,0.41380000000000017,1.0708000000000002,0.057800000000000296,0.1289999999999658,0.2339999999999609,-0.006000000000039307,-0.16200000000002213,0.18899999999998585,-0.22200000000001552,-0.2609999999999779,-0.18000000000000682,0.32099999999999795,-0.0389999999999624,
-0.35680000000000156,0.7933999999999992,-0.9613000000000014,0.20979999999999954,-1.2551000000000005,0.696200000000001,0.31810000000000116,0.40779999999999994,1.0815000000000001,0.05650000000000155,0.08100000000002439,-0.035999999999996035,-0.1259999999999728,0.18899999999998585,-0.2940000000000076,-0.09900000000003573,-0.4230000000000267,0.15600000000000946,-0.7200000000000273,0.07199999999993878,
-0.35410000000000075,0.7921999999999993,-0.9655000000000005,0.21609999999999907,-1.2649000000000008,0.6928999999999998,0.30400000000000027,0.41300000000000026,1.0574999999999992,0.05889999999999951,0.5010000000000048,0.6030000000000069,0.09000000000000341,0.015000000000018332,-0.05699999999997374,-0.5549999999999855,-0.8969999999999878,0.4199999999999804,-0.31499999999995865,-0.01800000000001134,
-0.3374000000000006,0.8122999999999996,-0.9625000000000004,0.21659999999999968,-1.2668,0.6744000000000003,0.2741000000000007,0.4269999999999996,1.0470000000000006,0.05829999999999913,0.37200000000003897,-0.24599999999998623,-1.5990000000000038,-0.9509999999999685,-0.8099999999999774,-1.100999999999992,-1.1820000000000164,-1.043999999999965,-1.6979999999999862,-0.2639999999999709,
-0.3249999999999993,0.8041,0.18490000000000073,-1.0158000000000005,-1.2937999999999992,0.6377000000000006,0.23470000000000013,0.9904000000000011,0.39220000000000077,0.0495000000000001,0.5579999999999785,0.6810000000000116,0.4199999999999804,0.5969999999999942,0.026999999999990365,-0.384000000000011,-0.8460000000000001,-1.0110000000000419,-0.36300000000000665,0.06899999999999906,
-0.3064,0.8268000000000004,0.19890000000000008,-0.9959000000000007,-0.8951999999999991,0.6249000000000002,0.20650000000000013,0.9566999999999997,0.38010000000000055,0.9266000000000005,-0.3060000000000329,-0.018000000000037986,-0.381000000000018,-1.0050000000000026,-0.31200000000001893,-0.771000000000015,-0.8760000000000367,-1.0109999999999886,-1.0500000000000576,-0.5220000000000624,
-0.3166000000000011,0.8261999999999992,0.18619999999999948,-1.0294000000000008,-0.9055999999999997,0.5991999999999997,0.1772999999999989,0.923,0.34509999999999863,0.9091999999999985,0.20400000000000418,0.07200000000001872,0.1649999999999885,0.03900000000001569,0.18299999999999983,-0.07799999999997809,-0.044999999999948415,0.32099999999999795,0.10500000000002174,0.2610000000000312,
-0.30980000000000096,0.8285999999999998,0.1916999999999991,-1.0281000000000002,-0.8994999999999997,0.5966000000000005,0.17580000000000062,0.9337,0.34859999999999935,0.9178999999999995,0.18599999999999284,0.06599999999997941,0.11999999999998678,-1.1130000000000173,-0.14400000000003743,-0.7409999999999783,-0.9419999999999895,-1.2719999999999665,-0.9689999999999799,-1.0769999999999946,
-0.3036000000000012,0.8307999999999991,0.19569999999999865,-1.0652000000000008,-0.904300000000001,0.5719000000000012,0.14440000000000097,0.8913000000000011,0.3163,0.8819999999999997,0.7230000000000736,0.30900000000005257,0.6570000000000675,0.3510000000000346,0.5250000000000554,-0.7200000000000273,-0.819000000000063,-0.36300000000005994,0.23399999999998755,0.011999999999972033,
-0.27949999999999875,0.8411000000000008,0.2176000000000009,-1.0534999999999997,-0.8867999999999991,0.5479000000000003,0.11709999999999887,0.8791999999999991,0.3240999999999996,0.8823999999999987,0.7649999999999224,0.05999999999996675,0.2489999999999526,-0.45600000000005636,0.2909999999999613,-0.36000000000001364,-0.2579999999999316,-0.32399999999993767,0.8460000000000001,-1.0079999999999423,
-0.25400000000000134,0.8430999999999997,0.22589999999999932,-1.0687000000000015,-0.8771000000000004,0.5358999999999998,0.10850000000000115,0.8684000000000012,0.3522999999999996,0.8488000000000007,2.1059999999999945,1.172999999999984,1.3860000000000205,0.9870000000000445,0.9749999999999659,-0.12299999999997979,-0.5100000000000371,-0.768000000000022,-0.1259999999999728,-0.5940000000000012,
-0.18380000000000152,0.2721,0.8821999999999992,-1.0358,-0.8446000000000016,0.5318000000000005,0.8428000000000004,0.09149999999999991,0.3481000000000005,0.8290000000000006,0.5070000000000441,1.0829999999999806,0.7920000000000194,-0.14099999999999113,0.2190000000000225,0.01799999999995805,-0.2610000000000312,-0.3510000000000346,0.2609999999999779,-0.1710000000000278,
-0.16690000000000005,0.30819999999999936,0.9085999999999999,-1.0404999999999998,-0.8373000000000008,0.5323999999999991,0.8340999999999994,0.07979999999999876,0.3567999999999998,0.8232999999999997,0.4260000000000197,-0.05399999999998073,0.23700000000003385,-0.0059999999999860165,0.009000000000032315,0.3090000000000259,0.19500000000002515,0.7200000000000273,0.06600000000000605,0.0809999999999711,
-0.1526999999999994,0.3064,0.916500000000001,-1.0406999999999993,-0.8369999999999997,0.5427,0.8406000000000002,0.10379999999999967,0.359,0.8259999999999987,0.8099999999999774,1.6799999999999748,0.7949999999999591,0.9029999999999738,0.5250000000000021,0.389999999999997,-0.438000000000045,-0.1680000000000348,0.8910000000000018,0.16500000000004178,
-0.12570000000000014,0.36239999999999917,0.9429999999999996,-1.0106000000000002,-0.8194999999999997,0.5556999999999999,0.8259999999999987,0.09819999999999851,0.38870000000000005,0.8315000000000001,0.6240000000000379,0.9210000000000385,0.5730000000000501,0.8670000000000577,0.24600000000001288,0.2580000000000382,0.24600000000006617,-0.4739999999999611,0.381000000000018,-0.023999999999997357,
-0.10489999999999888,0.39310000000000045,0.9621000000000013,-0.9816999999999982,-0.8112999999999992,0.5643000000000011,0.8342000000000009,0.0823999999999998,0.40140000000000065,0.8307000000000002,0.4679999999999751,3.0029999999999824,1.7039999999999722,1.3499999999999446,0.05399999999998073,0.27300000000000324,-0.6570000000000142,-1.490999999999989,1.2419999999999831,0.11100000000000776,
-0.08929999999999971,0.49319999999999986,1.0189000000000004,-0.9367000000000001,-0.8094999999999999,0.5734000000000012,0.8123000000000005,0.03270000000000017,0.4428000000000001,0.8344000000000005,0.7409999999999783,0.11400000000000077,-0.11999999999998678,-0.32399999999999096,0.19199999999997885,0.020999999999951058,-0.003000000000046299,-0.030000000000036664,1.1489999999999867,0.9209999999999852,
-0.06460000000000043,0.4969999999999999,1.0149000000000008,-0.9474999999999998,-0.8031000000000006,0.5740999999999996,0.8121999999999989,0.03169999999999895,0.48109999999999964,0.8651,-0.335999999999963,1.5090000000000536,1.029,0.6840000000000046,0.3480000000000416,-0.07199999999999207,-0.7529999999999504,-0.8999999999999808,-0.1679999999999815,-0.7500000000000107,
-0.0757999999999992,0.5473000000000017,-0.9246999999999996,1.0492000000000008,-0.7914999999999992,0.5716999999999999,0.7871000000000006,0.47550000000000026,0.0016999999999995907,0.8400999999999996,0.8399999999999608,-0.009000000000085606,0.10499999999996845,-0.21000000000004349,-0.12000000000004007,-0.2610000000000312,0.0029999999999397176,0.13499999999995183,0.18599999999999284,0.48599999999998644,
-0.04780000000000051,0.5469999999999988,-0.9212000000000007,1.0421999999999993,-0.7955000000000005,0.5629999999999988,0.7871999999999986,0.47999999999999865,0.007899999999999352,0.8562999999999992,0.05100000000004101,1.1760000000000304,0.5040000000000511,0.6390000000000029,0.40200000000002234,-0.15899999999994918,-0.7019999999999627,-0.5999999999999339,-0.8759999999999835,-0.5189999999999628,
-0.04609999999999914,0.5861999999999998,-0.904399999999999,1.0634999999999994,-0.7820999999999998,0.5577000000000005,0.7637999999999998,0.46000000000000085,-0.021300000000000097,0.8390000000000004,0.22800000000000153,1.020000000000021,-0.44400000000003104,0.11700000000004707,1.235999999999997,-0.5310000000000414,-0.8249999999999957,0.35399999999997434,-0.06000000000002004,-0.05100000000004101,
-0.03849999999999909,0.6202000000000005,-0.9192,1.067400000000001,-0.7408999999999999,0.5399999999999991,0.7363,0.4718,-0.023300000000000765,0.837299999999999,0.2849999999999753,1.946999999999992,1.6109999999999758,0.5369999999999742,1.1370000000000147,0.2160000000000295,0.15600000000000946,-0.2099999999999902,-0.5250000000000021,-0.33299999999997,
-0.028999999999999915,-0.8655000000000008,0.6851000000000003,-0.7029999999999994,1.0853000000000002,0.5472000000000001,0.4648000000000003,0.7415000000000003,0.8262,-0.040800000000000836,0.705000000000009,-0.029999999999983373,0.768000000000022,0.777000000000001,0.026999999999990365,-0.2190000000000225,-0.9419999999999895,-0.14399999999998414,0.7379999999999853,-0.5549999999999855,
-0.005499999999999616,-0.8665000000000003,0.710700000000001,-0.6770999999999994,1.0861999999999998,0.5398999999999994,0.4334000000000007,0.7367000000000008,0.8507999999999996,-0.05930000000000035,1.100999999999992,1.872000000000007,1.0799999999999876,1.4009999999999856,0.6780000000000186,-0.22200000000001552,-0.2610000000000312,-0.31800000000005824,0.4770000000000074,-0.3449999999999953,
0.031200000000000117,-0.8041,0.7467000000000006,-0.6303999999999998,1.1088000000000005,0.5324999999999989,0.42469999999999963,0.7260999999999989,0.8666999999999998,-0.0708000000000002,0.4290000000000127,-0.24900000000000588,0.49500000000001876,-0.722999999999967,-0.09299999999999642,-0.03299999999997638,-0.20100000000001117,0.28200000000003556,0.16199999999999548,0.02100000000000435,
0.04550000000000054,-0.8124000000000002,0.7632000000000012,-0.6544999999999987,1.1057000000000006,0.5313999999999997,0.41799999999999926,0.7355,0.8720999999999997,-0.07010000000000005,0.6719999999999793,0.7770000000000543,0.4139999999999944,1.112999999999964,-0.09299999999999642,0.0420000000000087,-0.14399999999998414,-0.15300000000001646,-0.14099999999999113,-0.22800000000000153,
0.06789999999999985,-0.7864999999999984,-0.6174,0.777000000000001,1.1026000000000007,0.5327999999999999,0.4131999999999998,0.8674,0.7303999999999995,-0.0777000000000001,1.2209999999999788,0.5909999999999549,0.9330000000000105,1.3199999999999612,0.7079999999999487,0.07200000000004536,-0.5279999999999951,0.5190000000000161,0.2520000000000522,0.19800000000001816,
0.10859999999999914,-0.7667999999999999,-0.5862999999999996,0.8209999999999997,-1.1011000000000006,0.5352000000000015,0.39559999999999995,0.8847000000000005,0.7388000000000012,0.2350000000000012,1.0590000000000366,0.8789999999999765,0.26699999999996393,1.2419999999999831,0.6090000000000195,1.121999999999943,0.5160000000000231,1.3499999999999979,0.2099999999999902,1.436999999999955,
0.14390000000000036,-0.7375000000000007,1.0858999999999988,-0.5774000000000008,-1.0808,0.5725999999999996,0.4128000000000007,-0.05959999999999965,0.9297000000000004,0.2828999999999997,0.7500000000000107,0.09300000000004971,-0.5819999999999759,-0.7559999999999434,0.09599999999998943,0.3060000000000329,-0.1320000000000121,0.1649999999999885,0.48899999999997945,0.8910000000000018,
0.16890000000000072,-0.734399999999999,1.0664999999999996,-0.6025999999999989,-1.0776000000000003,0.5828000000000007,0.4084000000000003,-0.05410000000000004,0.9459999999999997,0.31259999999999977,1.1430000000000007,1.4669999999999916,0.1320000000000121,0.35399999999997434,0.9120000000000061,-0.4200000000000337,-0.2099999999999902,-0.2940000000000076,0.0870000000000104,0.07800000000003138,
0.20700000000000074,-0.6854999999999993,1.0709,-1.0472000000000001,-0.5907999999999998,0.5687999999999995,0.40140000000000065,-0.06390000000000029,0.3152000000000008,0.9489000000000001,-0.2160000000000295,-0.3390000000000626,-0.07800000000003138,-0.09600000000004272,0.22199999999996223,0.3540000000000276,0.22500000000000853,0.09900000000003573,0.11400000000000077,0.21600000000000286,
0.19979999999999976,-0.6968000000000014,1.068299999999999,-1.0504000000000016,-0.583400000000001,0.5806000000000004,0.40890000000000093,-0.0605999999999991,0.31900000000000084,0.9561000000000002,0.8699999999999974,0.7290000000000063,-0.6840000000000046,0.5340000000000344,-0.3420000000000023,-0.27300000000005653,-0.8580000000000254,-0.753000000000057,0.15299999999996317,-0.009000000000032315,
0.22879999999999967,-0.6725000000000012,1.0454999999999988,-1.0326000000000004,-0.5948000000000011,0.5714999999999986,0.3803000000000001,-0.085700000000001,0.3240999999999996,0.9557999999999991,0.029999999999983373,0.2130000000000365,-0.8999999999999808,-0.05399999999998073,0.27300000000000324,-0.08699999999995711,0.9120000000000061,-0.7979999999999521,0.4740000000000144,0.5100000000000637,
0.22979999999999912,-0.6654,1.0154999999999994,-1.0343999999999998,0.9176000000000002,0.5686,0.4107000000000003,-0.1122999999999994,0.3399000000000001,0.6678000000000015,0.438000000000045,1.5779999999999994,-1.5509999999999557,0.6510000000000282,0.5610000000000248,-1.092000000000013,-1.0829999999999806,-1.7460000000000342,0.39899999999997604,-1.8690000000000673,
0.24440000000000062,-0.6128,0.9638000000000009,-1.0126999999999988,0.936300000000001,0.5321999999999996,0.37460000000000093,-0.17050000000000054,0.3531999999999993,0.6054999999999993,-0.01800000000006463,0.5940000000000012,-1.212000000000053,0.17399999999996751,-0.1770000000000671,-0.7559999999999967,-0.3030000000000399,-1.3829999999999742,-0.0809999999999711,-0.5879999999999619,
0.24379999999999846,-0.593,0.9233999999999991,-1.0069,0.9303999999999988,0.5069999999999997,0.3644999999999996,-0.21659999999999968,0.35050000000000026,0.5859000000000005,-0.23699999999992727,0.4320000000000057,-0.9809999999999519,0.23400000000004084,-0.05099999999993443,-0.49500000000001876,-0.708000000000002,-1.0560000000000436,0.12299999999997979,-0.7920000000000194,
0.2359000000000009,-0.5785999999999998,0.8907000000000007,-0.9990999999999985,0.2019000000000002,0.49049999999999905,0.34089999999999954,-0.25180000000000113,0.3545999999999996,1.0611999999999995,-0.06600000000000605,-0.32399999999999096,0.09599999999998943,0.011999999999972033,-0.07499999999998508,0.08100000000007768,0.07800000000003138,0.08700000000006369,0.11400000000005406,0.1080000000000414,
0.23370000000000068,-0.5893999999999995,0.8939000000000004,-0.9986999999999995,0.9281000000000006,0.49320000000000164,0.3435000000000006,-0.248899999999999,0.3584000000000014,0.5545000000000009,-0.15900000000000247,0.8850000000000158,-1.112999999999964,0.5220000000000091,-0.27300000000000324,-0.8100000000000307,-0.4620000000000424,-0.5220000000000091,-0.11700000000004707,-0.5850000000000222,
0.2284000000000006,-0.559899999999999,0.8568000000000016,-0.9812999999999992,0.1775000000000002,0.4662000000000006,0.32809999999999917,-0.2662999999999993,0.3544999999999998,1.0346000000000002,-0.6689999999999863,0.029999999999983373,-1.3770000000000415,-0.40800000000000836,-0.5910000000000082,-0.4770000000000607,-0.27899999999998926,-0.7410000000000316,-0.0029999999999930083,-0.8940000000000214,
0.20610000000000106,-0.5588999999999995,0.8109000000000002,0.15779999999999994,0.9007000000000005,0.4502999999999986,0.31879999999999953,-0.29100000000000037,1.0047999999999995,0.5119999999999987,-0.2550000000000452,1.4459999999999873,-0.6330000000000169,0.09000000000000341,0.9539999999999615,-0.6089999999999662,0.5700000000000038,-0.2849999999999753,-1.2569999999999748,0.3090000000000259,
0.19759999999999955,-0.5106999999999999,0.7897999999999996,0.16080000000000005,-0.9690000000000012,0.4299999999999997,0.33779999999999966,-0.30049999999999955,0.9629000000000003,0.36350000000000016,-0.28199999999998226,0.11400000000000077,-0.8939999999999948,-0.4710000000000214,-0.0029999999999397176,-0.47999999999994714,-0.5369999999999742,-0.384000000000011,-0.8939999999999948,-0.023999999999997357,
0.18820000000000014,-0.5068999999999999,0.7599999999999998,0.14509999999999934,-0.9690999999999992,0.4140000000000015,0.3199000000000005,-0.3132999999999999,0.9331000000000005,0.36270000000000024,-0.11100000000000776,0.27899999999998926,-0.36000000000001364,-0.2639999999999709,0.4289999999999594,0.0059999999999860165,0.7440000000000246,0.2970000000000006,-0.32099999999999795,0.02100000000000435,
0.1844999999999999,-0.49760000000000026,0.7479999999999993,0.1363000000000003,-0.9548000000000005,0.414200000000001,0.34470000000000134,-0.3033999999999999,0.9224000000000006,0.3634000000000004,-0.3779999999999717,-0.1679999999999815,-0.5459999999999532,-0.27300000000000324,-0.044999999999948415,-0.03300000000002967,0.09599999999993614,-0.32399999999999096,0.1529999999999898,0.06899999999999906,
0.17190000000000083,-0.5031999999999996,0.7298000000000009,0.1272000000000002,-0.9562999999999988,0.4131,0.3478999999999992,-0.3141999999999996,0.9275000000000002,0.36570000000000036,0.11099999999995447,0.6059999999999732,-0.45600000000005636,-0.02100000000000435,0.5729999999999436,-0.11099999999995447,0.13800000000005141,0.06300000000001305,-0.5939999999999745,0.4139999999999944,
0.1755999999999993,-0.48300000000000054,0.714599999999999,0.12650000000000006,-0.9372000000000007,0.40940000000000154,0.3525000000000009,-0.31209999999999916,0.9077000000000011,0.37950000000000017,-0.24000000000002686,0.3029999999999866,-0.6780000000000186,-0.5790000000000362,0.15300000000001646,-0.41700000000004067,0.0839999999999641,-0.27900000000004255,-0.6360000000000632,0.22199999999996223,
0.16759999999999842,-0.472900000000001,0.6919999999999984,0.10719999999999885,-0.9321000000000002,0.3955000000000002,0.3552999999999997,-0.3214000000000006,0.886499999999999,0.3868999999999989,0.27300000000005653,1.6920000000000002,-0.6899999999999373,-0.9209999999999852,1.620000000000008,-0.35399999999997434,0.801000000000025,-0.13499999999995183,-0.8069999999999578,0.47100000000004805,
0.1767000000000003,-0.416500000000001,0.6690000000000005,0.07649999999999935,-0.8780999999999999,0.38370000000000104,0.38200000000000056,-0.32589999999999897,0.8596000000000004,0.4026000000000005,0.0029999999999930083,0.5460000000000065,-1.278000000000059,-0.3029999999999866,-0.009000000000032315,-0.19500000000002515,0.36300000000000665,0.23999999999997357,-0.09899999999998244,0.38099999999999135,
0.17680000000000007,-0.39830000000000076,0.6263999999999985,0.06639999999999979,-0.878400000000001,0.3772000000000002,0.3941000000000008,-0.31789999999999985,0.856300000000001,0.4153000000000002,0.1259999999999728,1.1190000000000033,-0.5609999999999715,-0.7230000000000203,0.7170000000000343,-0.36899999999999267,-0.5189999999999895,-0.6209999999999916,-0.7889999999999997,-0.0629999999999864,
0.18099999999999916,-0.36100000000000065,0.6076999999999995,0.042299999999999116,-0.8544999999999998,0.36490000000000045,0.37680000000000113,-0.33859999999999957,0.830000000000001,0.4132000000000007,-0.1259999999999728,-0.6150000000000055,-0.45000000000001705,-0.0870000000000104,-0.13500000000000512,0.16199999999996884,0.4289999999999594,0.2129999999999832,0.25499999999996525,0.12299999999997979,
0.17680000000000007,-0.38150000000000084,0.5926999999999989,0.03939999999999877,-0.859,0.3702999999999994,0.3910999999999998,-0.33150000000000013,0.8384999999999998,0.4173,0.05099999999998772,0.8730000000000437,-0.6479999999999819,-0.6119999999999592,0.3719999999999857,-0.10199999999997544,0.6090000000000195,-0.31199999999996564,-0.10499999999996845,0.10500000000002174,
0.17849999999999966,-0.3523999999999994,0.5710999999999995,0.019000000000000128,-0.8466000000000005,0.3669000000000002,0.41140000000000043,-0.341899999999999,0.8350000000000009,0.42080000000000073,0.36899999999999267,0.5759999999999899,-0.9959999999999702,-0.5309999999999881,0.8610000000000184,-0.47700000000003406,-0.2580000000000382,-0.8850000000000691,-0.5760000000000431,-0.37200000000003897,
0.19079999999999941,-0.3331999999999997,0.5379000000000005,0.001300000000000523,-0.8178999999999998,0.3509999999999991,0.40279999999999916,-0.3714000000000013,0.8157999999999994,0.40839999999999943,0.19500000000002515,0.6029999999999802,-1.4459999999999873,-1.0769999999999946,1.6049999999999898,-0.5219999999999825,0.21300000000000985,-0.5519999999999925,-0.29099999999998793,0.2069999999999972,
0.19730000000000025,-0.3131000000000004,0.4897000000000009,-0.0345999999999993,-0.7644000000000002,0.3335999999999997,0.4098999999999995,-0.38980000000000103,0.8060999999999998,0.41529999999999934,0.45300000000001006,1.4669999999999916,-0.3480000000000416,0.11099999999995447,1.1459999999999937,-0.2129999999999832,-0.08999999999997677,0.10800000000001475,-0.21899999999999586,-0.38699999999997736,
0.2124000000000006,-0.26420000000000066,0.4780999999999995,-0.030900000000000816,-0.7262000000000004,0.32650000000000023,0.40690000000000026,-0.38620000000000054,0.7988,0.4024000000000001,0.716999999999981,0.8099999999999774,-0.08100000000002439,0.2129999999999832,1.3260000000000005,-0.6179999999999986,-0.09900000000000908,-0.45300000000001006,-0.36899999999999267,-0.45000000000001705,
0.23629999999999995,-0.2372000000000014,0.4753999999999987,-0.6820000000000004,-0.023800000000001376,0.3059000000000003,0.40359999999999996,-0.4013000000000009,0.3873999999999995,0.7865000000000002,-0.23399999999998755,-0.19499999999997186,-0.13199999999995882,-0.0840000000000174,-0.08699999999995711,0.2760000000000229,-0.10199999999997544,0.27600000000004954,0.5070000000000441,0.29700000000002724,
0.22850000000000037,-0.24370000000000047,0.4710000000000001,-0.684800000000001,-0.026699999999999946,0.31510000000000105,0.4002000000000008,-0.3920999999999992,0.404300000000001,0.7964000000000011,0.5700000000000038,1.227000000000018,0.20100000000001117,1.1850000000000094,0.6089999999999662,-0.18600000000001948,0.354000000000001,0.20400000000000418,-0.1049999999999951,0.03899999999998904,
0.2475000000000005,-0.20279999999999987,0.47770000000000046,-0.6453000000000007,-0.0064000000000010715,0.3089000000000004,0.4120000000000008,-0.3852999999999991,0.40080000000000116,0.7977000000000007,0.3029999999999866,0.49499999999996547,-0.01800000000001134,0.9899999999999842,-0.0389999999999624,-0.29700000000002724,-0.27600000000004954,0.4289999999999594,0.23099999999994125,-0.3600000000000403,
0.25760000000000005,-0.18630000000000102,0.4771000000000001,-0.6123000000000012,-0.007699999999999818,0.2989999999999995,0.40279999999999916,-0.37100000000000044,0.4084999999999992,0.7856999999999994,0.8159999999999634,1.2030000000000207,-0.6540000000000212,1.487999999999996,0.5369999999999742,-0.07800000000000473,-0.1259999999999728,-0.30899999999997263,0.0030000000000196536,0.27000000000001023,
0.28479999999999883,-0.14620000000000033,0.45529999999999937,-0.5627000000000013,0.01019999999999932,0.29639999999999933,0.39860000000000007,-0.38129999999999953,0.40859999999999985,0.7946999999999997,0.49800000000006506,0.831000000000035,0.4770000000000074,0.9780000000000655,0.5730000000000501,-0.002999999999966363,-0.27899999999998926,0.5400000000000205,-0.17399999999999416,0.14400000000001079,
-0.11849999999999916,0.301400000000001,0.4711999999999996,-0.5300999999999991,0.029300000000000992,0.3893000000000004,0.29630000000000045,-0.36329999999999885,0.40280000000000005,0.7995000000000001,0.72599999999996,0.3749999999999787,-0.40200000000002234,0.5369999999999742,0.338999999999956,-0.2190000000000225,-0.3540000000000276,-0.7290000000000596,0.08699999999998376,0.05999999999999339,
-0.0943000000000005,0.3139000000000003,0.4577999999999989,-0.5122,0.040599999999999525,0.3819999999999997,0.28449999999999953,-0.38760000000000083,0.4056999999999995,0.8014999999999999,-0.029999999999983373,0.24900000000000588,0.4650000000000354,0.03300000000002967,-0.05399999999998073,-0.029999999999983373,0.15000000000002345,0.5220000000000624,-0.002999999999966363,2.6645352591003757E-14,
-0.09529999999999994,0.3222000000000005,0.47330000000000005,-0.511099999999999,0.03880000000000017,0.3810000000000002,0.2895000000000003,-0.37019999999999875,0.4056000000000006,0.8015000000000008,0.335999999999963,0.045000000000001705,-0.28200000000003556,0.05699999999997374,-0.09000000000000341,-0.14699999999997715,-0.07199999999999207,0.19799999999996487,-0.19799999999999152,-0.006000000000012662,
-0.08410000000000117,0.32370000000000054,0.46389999999999887,-0.5091999999999999,0.035800000000000054,0.376100000000001,0.2871000000000006,-0.3635999999999999,0.3990000000000009,0.8013000000000003,0.24000000000002686,0.3779999999999717,-0.8369999999999678,0.5039999999999978,0.1320000000000121,-0.02100000000000435,-0.22199999999998887,-0.2879999999999683,-0.07500000000001172,0.006000000000012662,
-0.07610000000000028,0.3362999999999996,0.43599999999999994,-0.49239999999999995,0.04020000000000046,0.37540000000000084,0.27970000000000095,-0.37319999999999887,0.3965000000000005,0.8015000000000008,0.20100000000001117,-0.2159999999999762,-1.3349999999999795,0.2910000000000146,-1.095000000000006,-0.0840000000000174,0.014999999999991687,0.17399999999996751,0.017999999999984695,-0.8130000000000237,
-0.0693999999999999,0.3291000000000004,0.3915000000000006,-0.48269999999999946,0.0037000000000002586,0.37260000000000026,0.28020000000000067,-0.36739999999999995,0.3971,0.7744,0.6630000000000003,0.14999999999997016,-0.5340000000000344,0.40500000000001535,-0.10199999999997544,-0.6209999999999916,-0.7140000000000146,-0.8249999999999957,-0.5939999999999745,-0.23699999999998056,
-0.0472999999999999,0.3340999999999994,0.3736999999999995,-0.46919999999999895,3.000000000010772E-4,0.35190000000000055,0.2564000000000002,-0.3948999999999998,0.37730000000000086,0.7665000000000006,0.047999999999994714,-0.015000000000018332,-0.32699999999998397,0.06899999999994577,-0.8370000000000211,-0.0870000000000104,-0.0059999999999860165,0.1949999999999985,-0.18600000000001948,-0.2970000000000006,
-0.045700000000000074,0.3335999999999988,0.3628,-0.46690000000000076,-0.027599999999999625,0.3490000000000002,0.25620000000000065,-0.38839999999999986,0.3711000000000002,0.7566000000000006,-0.36300000000000665,-0.14699999999992386,-0.22500000000000853,-0.2939999999999543,-0.06000000000002004,-0.02100000000000435,0.08699999999998376,0.014999999999991687,-0.10800000000001475,0.3509999999999813,
-0.057800000000000296,0.3287000000000013,0.3552999999999997,-0.47669999999999924,-0.029600000000000293,0.34830000000000005,0.2591000000000001,-0.38790000000000013,0.3674999999999997,0.7683,0.5369999999999742,-0.07800000000008467,-0.6450000000000422,0.19799999999996487,-0.31200000000001893,0.047999999999994714,-0.06300000000001305,-0.014999999999991687,-0.006000000000012662,-0.14400000000001079,
-0.03990000000000116,0.3260999999999985,0.3337999999999983,-0.4701000000000004,-0.040000000000000924,0.3498999999999999,0.2569999999999997,-0.38839999999999986,0.3672999999999993,0.7634999999999996,-0.07199999999999207,0.31800000000000495,0.32400000000004425,0.1770000000000138,-0.4589999999999961,-0.1679999999999815,-0.18899999999998585,0.23099999999999454,-0.36299999999998,-0.5399999999999938,
-0.04230000000000089,0.33669999999999867,0.3445999999999998,-0.46419999999999995,-0.05530000000000079,0.3443000000000005,0.25070000000000014,-0.38070000000000004,0.35519999999999996,0.7454999999999998,0.6030000000000335,0.3360000000000163,-0.5999999999999872,0.40800000000000836,-0.6869999999999976,-0.810000000000004,0.36599999999999966,-0.045000000000001705,-0.11400000000000077,-0.7019999999999893,
-0.022199999999999775,0.3478999999999992,0.3246000000000002,-0.45059999999999967,-0.07820000000000071,0.31730000000000036,0.26290000000000013,-0.3822000000000001,0.35139999999999993,0.7221000000000002,0.9119999999999528,0.8850000000000158,0.31499999999995865,0.8189999999999564,0.18299999999999983,-0.6000000000000139,0.045000000000001705,0.2549999999999919,-0.47399999999998776,-0.035999999999996035,
0.008199999999998653,0.37739999999999974,0.33509999999999884,-0.4233000000000011,-0.07210000000000072,0.2972999999999999,0.2644000000000002,-0.37370000000000037,0.33560000000000034,0.7209000000000003,-0.3059999999999796,0.12299999999997979,-0.0059999999999860165,-0.32699999999998397,-0.6239999999999846,0.09600000000001607,0.2850000000000019,0.06600000000000605,-0.27599999999999625,-0.057000000000000384,
-0.002000000000000668,0.38149999999999906,0.3348999999999993,-0.4342000000000006,-0.0929000000000002,0.30050000000000043,0.27390000000000025,-0.37150000000000016,0.32640000000000047,0.7190000000000003,0.16199999999999548,0.23699999999998056,-0.2999999999999936,0.13500000000000512,0.27899999999998926,-0.2190000000000225,0.05099999999998772,-0.22199999999998887,0.17999999999998018,0.3779999999999717,
0.0033999999999991815,0.3893999999999984,0.3248999999999995,-0.4297000000000004,-0.08360000000000056,0.2931999999999997,0.27559999999999985,-0.3788999999999998,0.3323999999999998,0.7315999999999994,-0.03599999999996939,-0.014999999999965041,-0.01800000000001134,0.31800000000000495,-0.31800000000000495,-0.09900000000000908,0.29399999999998094,0.05999999999999339,-0.2340000000000142,-0.3059999999999796,
0.002200000000000202,0.3888999999999996,0.32429999999999914,-0.41910000000000025,-0.09420000000000073,0.2898999999999994,0.2853999999999992,-0.3769,0.32459999999999933,0.7214,0.2640000000000242,0.9060000000000201,0.6450000000000422,0.32099999999999795,0.3060000000000329,-0.6569999999999876,0.11100000000000776,0.27899999999998926,-0.5010000000000048,0.24599999999998623,
0.011000000000001009,0.34580000000000055,0.41910000000000025,-0.4084000000000003,-0.08399999999999963,0.2679999999999998,-0.36760000000000037,0.28909999999999947,0.3078999999999992,0.7295999999999996,0.5279999999999418,0.22199999999996223,0.5759999999999899,0.5580000000000318,-0.6030000000000335,0.6690000000000129,0.8310000000000084,0.6960000000000033,-0.05099999999998772,-0.3749999999999787,
0.02859999999999907,0.3531999999999993,-0.38979999999999926,0.4382999999999999,-0.10410000000000075,0.2903000000000002,-0.3399000000000001,0.3061999999999996,0.3122999999999996,0.7171000000000003,-0.6869999999999976,-0.389999999999997,-0.45900000000004937,-0.32399999999999096,-0.3420000000000023,0.37500000000000533,0.43799999999999173,-0.8429999999999804,0.6870000000000243,0.24299999999999322,
0.00569999999999915,0.3401999999999994,-0.4051000000000009,0.4275000000000002,-0.11550000000000082,0.3028000000000004,-0.32530000000000037,0.27810000000000024,0.3352000000000004,0.7252000000000001,0.5099999999999838,0.9090000000000131,0.5220000000000091,1.0649999999999693,0.702000000000016,-0.13500000000003176,0.26399999999999757,-0.2190000000000225,0.4619999999999891,-0.21300000000000985,
0.02269999999999861,-0.3877000000000006,0.37049999999999983,0.4629999999999992,-0.09210000000000029,0.29829999999999934,0.2707999999999995,-0.31650000000000045,0.3506,0.7180999999999997,0.32099999999999795,0.0840000000000174,0.19499999999997186,0.11999999999998678,0.19799999999996487,0.09300000000002306,0.06900000000002571,0.015000000000018332,-0.40800000000000836,0.39300000000001667,
0.03339999999999854,-0.3849,0.3769999999999989,0.46699999999999875,-0.08550000000000146,0.3014000000000001,0.27310000000000034,-0.31599999999999984,0.33699999999999974,0.7312000000000003,0.09299999999999642,0.06899999999999906,-0.01800000000001134,0.6150000000000055,-0.01799999999995805,-0.07500000000001172,-0.2970000000000006,0.17399999999999416,0.6570000000000142,0.0059999999999860165,
0.03649999999999842,-0.38260000000000005,0.3763999999999985,0.48749999999999893,-0.08610000000000007,0.2988999999999997,0.2632000000000003,-0.31020000000000003,0.3589000000000002,0.7313999999999998,0.09600000000004272,0.5519999999999925,0.4200000000000337,0.27900000000004255,0.0840000000000174,-0.0059999999999860165,-0.5250000000000288,0.6720000000000059,1.100999999999992,-0.045000000000001705,
0.039699999999999847,-0.3642000000000003,0.39039999999999964,0.49680000000000035,-0.08329999999999949,0.2987000000000002,0.24569999999999936,-0.28779999999999983,0.39559999999999995,0.7298999999999998,0.49200000000002575,0.6720000000000326,0.44400000000003104,0.6060000000000265,0.5999999999999872,-0.5999999999999872,-0.11699999999996713,-0.10499999999996845,0.9000000000000075,-0.20699999999997054,
0.056100000000000705,-0.3417999999999992,0.40520000000000067,0.5170000000000012,-0.06329999999999991,0.2787000000000006,0.24180000000000046,-0.2912999999999988,0.4256000000000002,0.7230000000000008,-0.08100000000002439,0.011999999999972033,0.0839999999999641,0.19799999999996487,0.32399999999999096,-0.8009999999999984,-0.2400000000000002,0.09599999999996278,0.30600000000000627,0.017999999999984695,
0.05339999999999989,-0.34140000000000015,0.4079999999999995,0.5236000000000001,-0.05250000000000021,0.25200000000000067,0.23380000000000045,-0.2881,0.4358000000000004,0.7236000000000002,-0.44699999999997075,-0.6659999999999933,-0.3749999999999787,-0.5759999999999899,-0.4619999999999891,0.011999999999998678,-0.0420000000000087,-0.03899999999998904,0.29099999999998793,-0.09599999999998943,
0.03850000000000087,-0.3635999999999999,0.3955000000000002,0.5044000000000004,-0.06789999999999985,0.2524000000000006,0.23240000000000016,-0.28939999999999966,0.4455,0.7204000000000006,-0.1710000000000278,0.5190000000000161,0.1709999999999745,0.4259999999999664,0.4260000000000197,-0.04800000000002136,0.11699999999999378,-0.18000000000000682,0.3119999999999923,-0.09600000000001607,
0.03279999999999994,-0.3462999999999994,0.40119999999999933,0.5185999999999993,-0.05369999999999919,0.2507999999999999,0.23629999999999995,-0.2953999999999999,0.45589999999999975,0.7172000000000001,-0.3809999999999647,-0.36599999999999966,-0.09599999999998943,-0.49199999999997246,-0.4230000000000267,-0.03299999999997638,-0.03299999999997638,0.7980000000000054,0.01800000000001134,-0.1499999999999968,
0.020100000000001117,-0.3584999999999994,0.3979999999999997,0.5022000000000002,-0.06780000000000008,0.2497000000000007,0.23520000000000074,-0.2687999999999997,0.45650000000000013,0.7122000000000002,-1.9560000000000244,-1.416000000000004,-1.1400000000000077,-2.007000000000012,-1.3769999999999882,-0.15600000000000946,0.10199999999997544,-0.07499999999998508,0.22500000000000853,0.33599999999998964,
-0.045099999999999696,0.35999999999999943,-0.4056999999999995,0.4352999999999998,-0.11369999999999969,0.24450000000000038,-0.2712999999999992,0.23859999999999992,0.4640000000000004,0.7233999999999998,0.49200000000002575,1.3410000000000188,0.07499999999998508,0.9540000000000148,0.31200000000001893,0.5609999999999982,0.782999999999987,0.5189999999999895,0.05099999999998772,-0.2879999999999949,
-0.028699999999998838,0.40470000000000006,-0.4032,0.4671000000000003,-0.10329999999999906,0.2632000000000003,-0.24519999999999964,0.2558999999999996,0.4657,0.7138,-1.0620000000000829,-0.5160000000000231,-1.1160000000000103,-1.2420000000000364,-0.45600000000005636,-0.2669999999999906,0.1320000000000121,0.015000000000018332,-0.03300000000000303,0.04800000000002136,
-0.0641000000000016,0.3874999999999993,-0.44040000000000035,0.4256999999999991,-0.11850000000000094,0.25430000000000064,-0.24079999999999924,0.2564000000000002,0.4645999999999999,0.7154000000000007,-0.1259999999999195,-0.18899999999998585,-0.6419999999999959,-0.5729999999999436,-0.2099999999999369,0.13499999999997847,0.5969999999999942,0.17100000000000115,0.03000000000001002,0.2669999999999906,
-0.06829999999999892,0.38119999999999976,-0.4618000000000002,0.40660000000000096,-0.12549999999999883,0.2587999999999999,-0.22089999999999943,0.2621000000000002,0.46560000000000024,0.7243000000000004,0.5639999999999645,0.7889999999999731,0.8129999999999704,1.109999999999971,0.8879999999999555,0.09000000000000341,0.17999999999998018,0.05999999999999339,0.05999999999999339,-0.4860000000000131,
-0.0495000000000001,0.40749999999999886,-0.4347000000000012,0.4436,-0.09590000000000032,0.26180000000000003,-0.2149000000000001,0.2641,0.4676,0.7081,-0.9269999999999712,-0.36299999999995336,-1.1969999999999281,-1.172999999999984,-0.5789999999999829,-0.46800000000000175,0.29099999999998793,-0.09900000000000908,-0.36599999999999966,-0.3990000000000027,
-0.08039999999999914,0.3954000000000004,-0.4745999999999988,0.4045000000000005,-0.11519999999999975,0.24619999999999997,-0.2052000000000005,0.2607999999999997,0.4554,0.6947999999999999,-1.1910000000000487,-1.0050000000000026,-1.3650000000000162,-1.3110000000000355,-1.5660000000000274,0.22500000000000853,0.2370000000000072,-0.14399999999998414,-0.11100000000000776,0.047999999999994714,
-0.12010000000000076,0.36190000000000033,0.36079999999999934,-0.5200999999999993,-0.16740000000000066,0.25370000000000026,-0.19730000000000025,0.45169999999999977,0.2560000000000002,0.6963999999999997,-0.9779999999999589,-0.36599999999999966,-0.9929999999999772,-1.1790000000000234,-0.8339999999999748,-1.1730000000000107,0.14100000000001778,-0.33299999999999663,-0.4499999999999904,-1.070999999999982,
-0.1526999999999994,0.34970000000000034,0.3277000000000001,-0.5594000000000001,-0.19519999999999982,0.2145999999999999,-0.19259999999999966,0.4405999999999999,0.24100000000000055,0.6607000000000003,-0.7920000000000194,-0.23399999999998755,-0.9540000000000148,-0.6989999999999696,-0.6689999999999863,-0.705000000000009,0.43199999999997907,-0.035999999999996035,-0.16200000000002213,-0.7140000000000146,
-0.17910000000000004,0.34190000000000076,0.2958999999999996,-0.5826999999999991,-0.21749999999999936,0.1910999999999996,-0.17820000000000036,0.4394,0.2355999999999998,0.6368999999999998,0.2160000000000295,0.384000000000011,-0.18599999999999284,-0.48600000000003973,-0.05700000000002703,-0.13500000000000512,0.07500000000001172,-0.5520000000000191,-0.9509999999999952,-0.5069999999999908,
-0.17189999999999905,0.3547000000000011,0.28969999999999985,-0.5989000000000004,-0.21940000000000026,0.18659999999999943,-0.17569999999999997,0.4209999999999994,0.20389999999999997,0.6200000000000001,-0.1770000000000138,0.06899999999999906,0.09299999999999642,0.09900000000003573,-0.07199999999999207,-0.4199999999999804,0.11100000000000776,0.2310000000000212,0.12000000000001343,0.2549999999999919,
-0.17779999999999951,0.3570000000000011,0.2927999999999997,-0.5955999999999992,-0.2218,0.1726000000000001,-0.1719999999999997,0.4287000000000001,0.20790000000000042,0.6284999999999998,-0.49500000000001876,-0.5670000000000641,-0.6090000000000195,-1.0680000000000156,-1.221000000000032,-0.11400000000002741,0.11399999999997412,-0.015000000000018332,-0.831000000000035,-0.25800000000001155,
-0.19430000000000014,0.33809999999999896,0.2724999999999991,-0.6311999999999998,-0.26250000000000107,0.16879999999999917,-0.16820000000000057,0.42819999999999947,0.18019999999999925,0.6198999999999995,-0.7500000000000107,-0.1289999999999658,-0.44699999999997075,-1.026000000000007,-0.9569999999999546,-0.7709999999999884,0.03600000000002268,-0.5249999999999755,-0.4619999999999891,-0.47399999999998776,
-0.2193000000000005,0.3338000000000001,0.25760000000000005,-0.29439999999999955,-0.6654,0.14309999999999956,-0.16699999999999982,0.4107000000000003,0.6040999999999999,0.1647999999999996,-1.5750000000000064,-0.5850000000000222,-0.9750000000000192,-2.0399999999999885,-1.230000000000011,-0.8129999999999704,-0.09000000000000341,-0.11999999999998678,-0.8339999999999748,-1.7669999999999852,
-0.2718000000000007,0.31429999999999936,0.2250999999999994,-0.36239999999999917,-0.7064000000000004,0.11600000000000055,-0.16999999999999993,0.4067000000000007,0.5763000000000007,0.1059000000000001,-0.8039999999999914,0.23700000000003385,-0.27300000000000324,-0.8760000000000367,-0.48299999999999343,-0.9030000000000271,0.24899999999997924,-0.32400000000004425,-0.4590000000000227,-0.7440000000000246,
-0.2986000000000004,0.3222000000000005,0.2159999999999993,-0.3916000000000004,-0.7225000000000001,0.08589999999999964,-0.16170000000000062,0.39589999999999925,0.5609999999999999,0.08109999999999928,0.015000000000018332,0.10500000000002174,0.1740000000000208,-1.049999999999951,-0.4559999999999498,-0.6959999999999766,0.012000000000025324,-0.6119999999999592,-0.34199999999997566,-0.9089999999999598,
-0.2980999999999998,0.3257000000000012,0.2218,-0.42659999999999876,-0.7376999999999985,0.06270000000000042,-0.16129999999999978,0.3755000000000006,0.5496000000000008,0.05080000000000062,-0.09900000000003573,0.13499999999995183,0.33299999999997,-0.08400000000007068,0.0029999999999397176,-0.1049999999999951,-0.05099999999998772,0.00900000000000567,-0.22500000000000853,-0.17399999999999416,
-0.301400000000001,0.3301999999999996,0.232899999999999,-0.4294000000000011,-0.7376000000000005,0.059200000000000585,-0.16299999999999937,0.3758000000000008,0.5421000000000005,0.04500000000000082,-0.1770000000000138,0.11100000000000776,0.5519999999999925,-0.36899999999999267,0.029999999999983373,0.05399999999998073,0.11099999999998111,-0.09900000000003573,-0.4770000000000074,-0.44700000000002404,
-0.30730000000000146,0.33389999999999986,0.25129999999999875,-0.44170000000000087,-0.736600000000001,0.06099999999999994,-0.1593,0.3724999999999996,0.5262000000000002,0.030100000000000016,-0.8939999999999415,0.0840000000000174,-0.8309999999999818,-1.2839999999999918,-0.8549999999999791,-0.6749999999999989,-0.06600000000000605,-0.3270000000000106,-0.6510000000000282,-0.8670000000000044,
-0.3370999999999995,0.33670000000000044,0.22359999999999935,-0.4845000000000006,-0.7651000000000003,0.03849999999999998,-0.1615000000000002,0.36159999999999926,0.5044999999999993,0.0011999999999998678,0.5400000000000205,0.5579999999999785,1.0680000000000156,-1.1549999999999727,-1.1909999999999954,-0.7319999999999993,0.026999999999990365,-0.6509999999999749,-1.559999999999988,-1.6169999999999884,
-0.31909999999999883,0.3552999999999997,0.2591999999999999,-0.5229999999999997,0.18240000000000123,0.014100000000000001,-0.16060000000000052,0.3399000000000001,0.4524999999999997,0.7031000000000001,-0.03900000000006898,0.09899999999998244,0.5700000000000038,-0.9270000000000245,0.27299999999994995,-0.4860000000000131,-0.13799999999999812,-0.6240000000000112,-0.7830000000000137,-0.4830000000000201,
-0.32040000000000113,0.35859999999999914,0.2782,-0.5539000000000005,0.19149999999999956,-0.002100000000000435,-0.16520000000000046,0.3190999999999997,0.4263999999999992,0.6869999999999994,-1.0739999999999483,0.24300000000001987,0.18899999999998585,-0.48899999999997945,-0.01800000000001134,-0.713999999999988,0.10500000000002174,-0.4949999999999921,-0.7409999999999783,-0.45899999999996943,
-0.3561999999999994,0.3666999999999998,0.28449999999999953,-0.5701999999999998,0.19089999999999918,-0.025900000000000034,-0.16169999999999973,0.3026,0.40169999999999995,0.6717000000000004,0.4679999999999751,0.4260000000000197,-0.381000000000018,0.09299999999999642,0.2160000000000295,0.06000000000002004,0.035999999999996035,-0.17699999999998717,-0.17399999999999416,0.18599999999999284,
-0.34060000000000024,0.27179999999999893,0.38090000000000046,-0.5670999999999999,0.19810000000000016,-0.023899999999999366,0.2967000000000004,-0.16049999999999986,0.39590000000000014,0.6779000000000002,-0.0420000000000087,1.3440000000000651,0.6780000000000186,-0.381000000000018,0.8279999999999887,-0.057000000000000384,0.37799999999999834,0.417000000000014,0.10800000000001475,-0.12599999999999945,
-0.3420000000000005,0.4035000000000011,0.3166000000000011,-0.5798000000000005,0.2256999999999998,-0.02579999999999938,-0.1465999999999994,0.30930000000000035,0.39950000000000063,0.6737000000000002,-0.49499999999996547,0.3420000000000023,0.09899999999998244,-0.43499999999994543,-0.27899999999998926,-0.48900000000003274,0.21899999999996922,-0.4440000000000044,-0.4860000000000131,-0.5790000000000095,
-0.3584999999999994,0.3199000000000005,0.41490000000000116,0.21640000000000015,-0.5942999999999987,-0.04210000000000047,0.2945000000000002,-0.13930000000000042,0.6543999999999999,0.3833000000000002,0.9989999999999633,1.5269999999999584,1.0799999999999343,1.5929999999999644,-0.5250000000000554,-0.779999999999994,-0.6120000000000125,0.8790000000000031,-0.6630000000000003,-0.4830000000000201,
-0.3252000000000006,0.37079999999999913,0.45089999999999897,0.26949999999999896,-0.6118000000000006,-0.06810000000000027,0.2740999999999998,-0.11000000000000032,0.6322999999999999,0.3671999999999995,1.0740000000000016,0.9659999999999869,0.36300000000000665,0.8729999999999905,-0.5850000000000222,-0.18599999999999284,0.26100000000000456,0.4349999999999987,-0.15900000000000247,0.5760000000000165,
-0.28940000000000055,0.4629999999999992,0.4029999999999987,0.29859999999999864,-0.6313000000000013,-0.07430000000000003,-0.09550000000000036,0.28279999999999994,0.6269999999999998,0.3864000000000001,4.170000000000034,0.22800000000000153,0.6570000000000675,0.5850000000000222,-0.4199999999999804,1.1819999999999897,-0.12599999999999945,-0.5429999999999868,-0.2549999999999919,-0.1499999999999968,
-0.15039999999999942,0.47059999999999924,0.42490000000000094,0.3180999999999994,-0.6453000000000007,-0.034900000000000375,-0.09970000000000034,0.2647000000000004,0.6185,0.3814000000000002,3.6719999999999686,0.0870000000000104,-0.3030000000000399,-0.09000000000000341,0.09900000000003573,0.5400000000000205,-0.017999999999984695,0.035999999999996035,0.011999999999998678,-0.3990000000000027,
-0.02800000000000047,0.4734999999999996,0.4147999999999996,0.31509999999999927,-0.6419999999999995,-0.016899999999999693,-0.10029999999999983,0.26590000000000025,0.6189,0.3681000000000001,0.5430000000000135,0.8370000000000211,1.2450000000000294,0.28800000000002157,-0.2999999999999936,-0.18600000000001948,-0.12599999999999945,-0.7620000000000093,-0.9900000000000109,-0.5340000000000078,
-0.00990000000000002,0.5014000000000003,0.4563000000000006,0.3247,-0.6519999999999992,-0.023100000000000342,-0.10449999999999982,0.24049999999999994,0.5858999999999996,0.35029999999999983,-0.09899999999998244,0.03900000000001569,0.32099999999999795,-0.06300000000001305,-0.438000000000045,0.09299999999999642,-0.14400000000001079,-0.2970000000000006,-0.6689999999999863,0.2370000000000072,
-0.013199999999999434,0.5027000000000008,0.4670000000000005,0.32259999999999955,-0.6666000000000007,-0.020000000000000462,-0.10930000000000017,0.23059999999999992,0.5636000000000001,0.3582000000000001,-0.2520000000000522,0.5279999999999418,1.1549999999999727,1.1219999999999963,-1.5270000000000117,0.2400000000000002,-0.6360000000000099,-1.3680000000000092,-1.4970000000000283,-1.9470000000000187,
-0.021600000000001174,0.5202999999999989,0.5054999999999996,0.35999999999999943,-0.7175000000000011,-0.012000000000000455,-0.1305000000000005,0.1849999999999996,0.5136999999999992,0.29329999999999945,0.08700000000006369,-0.14999999999997016,0.24900000000000588,0.45000000000001705,-0.7409999999999783,0.06600000000000605,-0.38099999999999135,-0.9869999999999912,-0.746999999999991,-1.1070000000000046,
-0.01869999999999905,0.5152999999999999,0.5137999999999998,0.375,-0.06649999999999956,-0.009800000000000253,-0.14320000000000022,0.1520999999999999,0.48879999999999946,0.7587000000000002,0.2609999999999779,0.2940000000000076,0.5010000000000048,0.045000000000001705,0.05999999999996675,-0.06899999999997242,-0.8939999999999948,-0.8429999999999804,-1.4219999999999633,-1.1430000000000007,
-0.009999999999999787,0.5305,0.5251000000000001,0.37650000000000006,-0.06450000000000067,-0.012099999999999334,0.12400000000000055,-0.17300000000000004,0.4414000000000007,0.7206000000000001,-0.5099999999999838,-0.23099999999999454,-0.24300000000001987,0.03900000000001569,-0.389999999999997,0.3179999999999783,-0.08100000000002439,0.02700000000001701,0.2999999999999936,-0.0870000000000104,
-0.026999999999999247,0.5228000000000002,0.5169999999999995,0.3778000000000006,-0.07750000000000057,-0.0015000000000000568,0.12129999999999974,-0.17209999999999948,0.45140000000000047,0.7176999999999998,0.14699999999997715,1.1219999999999963,1.4220000000000432,0.9899999999999842,1.4550000000000196,-0.7949999999999857,-0.6899999999999906,-0.9690000000000065,-0.7260000000000133,-1.1249999999999893,
-0.02210000000000001,0.5602,0.41080000000000005,0.5644000000000009,-0.028999999999999915,-0.02799999999999958,0.09830000000000005,0.4272,-0.2043999999999997,0.6802000000000001,0.23099999999999454,0.5400000000000205,0.20400000000000418,-0.0420000000000087,-0.22199999999996223,0.4829999999999668,-0.384000000000011,-0.6600000000000072,0.029999999999983373,-0.6450000000000156,
-0.01440000000000019,0.4176000000000002,0.5782000000000007,0.5630000000000006,-0.036399999999998656,-0.011900000000000688,0.4051999999999998,0.08549999999999969,-0.20340000000000025,0.6586999999999996,0.23699999999998056,1.166999999999998,2.1119999999999806,0.32399999999999096,0.9269999999999179,-0.13799999999997148,-0.4979999999999851,-0.7919999999999927,-0.36899999999999267,-1.1129999999999907,
-0.0065000000000008384,0.45650000000000013,0.5738000000000003,-0.005500000000001393,0.6486000000000001,-0.016499999999999737,0.3886000000000003,-0.2157,0.6215999999999999,0.05909999999999993,0.36300000000000665,1.1279999999999824,0.1649999999999885,0.7230000000000203,0.8099999999999774,-0.2730000000000299,0.1529999999999898,0.047999999999994714,-0.06300000000001305,0.4919999999999991,
0.005599999999999383,0.5792999999999999,0.018599999999999284,0.49409999999999954,0.6755999999999993,-0.025600000000000733,-0.21410000000000018,0.6194999999999995,0.39369999999999994,0.0754999999999999,0.09600000000004272,-0.13799999999999812,-0.5819999999999759,-0.18599999999993955,-0.06299999999995975,0.03300000000000303,0.2669999999999906,-0.22499999999998188,0.11699999999999378,-0.20100000000001117,
0.008800000000000807,0.5747,-7.999999999999119E-4,0.48790000000000155,0.6735000000000007,-0.024500000000000632,-0.2052000000000005,0.6120000000000001,0.39759999999999973,0.06879999999999953,-2.84399999999998,-0.14399999999998414,0.15600000000000946,-0.07500000000003837,0.27899999999998926,-1.7879999999999896,0.011999999999998678,-0.1770000000000138,-0.21300000000000985,-0.07199999999999207,
-0.08599999999999852,0.5699000000000005,0.004400000000000404,0.4854000000000003,0.6828000000000003,-0.08410000000000029,-0.20480000000000054,0.6060999999999996,0.3904999999999994,0.06639999999999979,2.1329999999999316,0.39299999999999,0.6509999999999749,1.109999999999971,0.8669999999999511,1.0350000000000126,0.10500000000002174,-0.42300000000000004,0.09000000000003006,0.1470000000000038,
-0.014900000000000801,0.026099999999999568,0.5830000000000002,0.5223999999999993,0.7116999999999987,-0.049599999999999866,0.5919999999999996,-0.2012999999999998,0.3935000000000004,0.07129999999999992,0.11699999999999378,0.3090000000000259,0.45600000000000307,0.2670000000000172,0.5910000000000082,0.19799999999999152,-0.0029999999999930083,0.6329999999999902,0.2849999999999753,0.12899999999999245,
-0.011000000000001009,0.03640000000000043,0.5982000000000003,0.5312999999999999,0.7313999999999989,-0.04300000000000015,0.5918999999999999,-0.18020000000000014,0.4029999999999996,0.07559999999999967,0.3570000000000739,0.0059999999999860165,0.9750000000000192,0.09600000000004272,1.0980000000000523,0.18599999999999284,-0.06600000000000605,0.6930000000000103,0.5190000000000161,0.6779999999999919,
9.000000000014552E-4,0.036599999999999966,0.6307000000000009,0.5345000000000013,0.7680000000000007,-0.03680000000000039,0.5896999999999997,-0.1570999999999998,0.4203000000000001,0.0981999999999994,0.2999999999999403,0.8279999999999887,0.6419999999999426,0.8789999999999232,0.9359999999999502,-0.0629999999999864,-0.3119999999999923,0.08699999999998376,-0.804000000000018,0.15000000000002345,
0.010899999999999466,0.06419999999999959,0.652099999999999,0.5637999999999987,0.799199999999999,-0.038899999999999935,0.5792999999999999,-0.15420000000000034,0.3934999999999995,0.10320000000000018,-0.2129999999999832,-0.13500000000000512,1.166999999999998,0.6510000000000282,1.224000000000025,0.020999999999977703,-0.40500000000001535,-0.21899999999999586,-0.4469999999999974,0.09899999999998244,
0.0038000000000000256,0.05969999999999942,0.5854999999999997,0.690999999999999,0.8399999999999999,-0.03820000000000068,0.5657999999999994,0.3785999999999996,-0.1615000000000002,0.1064999999999996,0.0809999999999711,0.0870000000000104,0.13500000000000512,-0.05699999999997374,0.029999999999983373,-0.2549999999999919,-0.32699999999998397,0.30600000000000627,0.03000000000001002,-0.13799999999999812,
0.006499999999999062,0.06259999999999977,0.5899999999999999,0.6890999999999998,0.8409999999999993,-0.04670000000000041,0.5549,0.3887999999999998,-0.16049999999999986,0.10189999999999966,-0.06300000000001305,-0.012000000000025324,0.3509999999999813,0.4649999999999821,0.8789999999999765,0.5460000000000065,0.4919999999999991,0.21600000000000286,0.6510000000000016,0.5609999999999982,
0.004399999999998627,0.06219999999999892,0.7045999999999992,0.6016999999999992,0.8702999999999985,-0.028500000000000192,0.5712999999999999,-0.1387999999999998,0.3959999999999999,0.1205999999999996,-0.48599999999998644,-0.4199999999999804,0.1710000000000278,0.2190000000000225,0.7830000000000403,-0.09599999999998943,-0.8400000000000141,-0.16800000000000814,-0.17100000000000115,0.07800000000000473,
-0.01180000000000092,0.048199999999999577,0.609,0.7103000000000002,0.8963999999999999,-0.03169999999999984,0.5432999999999995,0.39029999999999987,-0.14440000000000008,0.12319999999999975,-0.047999999999994714,0.09599999999998943,0.5489999999999995,0.8609999999999651,1.8480000000000096,-0.25500000000001855,-0.8279999999999887,-0.20400000000000418,-0.21300000000000985,-0.05099999999998772,
-0.013400000000000745,0.051399999999999224,0.6273,0.738999999999999,0.9580000000000002,-0.04020000000000046,0.5156999999999998,0.38349999999999973,-0.1515000000000004,0.12150000000000016,-0.5880000000000152,-0.5220000000000091,0.6689999999999863,0.774000000000008,0.335999999999963,-0.1470000000000038,-0.5279999999999951,-0.5759999999999899,0.24900000000000588,-0.5370000000000275,
-0.03300000000000125,0.03399999999999892,0.6495999999999995,0.7647999999999993,0.969199999999999,-0.045100000000000584,0.4981,0.36430000000000007,-0.14320000000000022,0.10359999999999925,0.768000000000022,0.1290000000000191,1.026000000000007,1.0530000000000506,1.1160000000000636,-0.8009999999999717,-1.0170000000000012,-0.41100000000000136,-0.6179999999999986,-0.44999999999996376,
-0.007400000000000517,0.03829999999999956,0.6837999999999997,0.7999000000000009,1.006400000000001,-0.07179999999999964,0.46419999999999995,0.3506,-0.16380000000000017,0.08860000000000046,-0.7739999999999547,0.06000000000002004,0.10200000000002873,0.1259999999999728,0.4319999999999524,0.5999999999999872,0.22500000000000853,-0.1079999999999881,0.2850000000000019,-0.21300000000000985,
-0.03319999999999901,0.040300000000000225,0.6872000000000007,0.8041,1.0207999999999995,-0.05180000000000007,0.47170000000000023,0.3470000000000004,-0.1543000000000001,0.08150000000000013,0.8249999999999424,0.22199999999996223,0.9329999999999572,0.5759999999999899,0.8880000000000088,0.45300000000001006,0.2850000000000019,0.7349999999999923,0.5159999999999965,0.6720000000000059,
-0.0057000000000009265,0.047699999999998965,0.7182999999999993,0.8232999999999997,1.0503999999999998,-0.03669999999999973,0.4812000000000003,0.37150000000000016,-0.13710000000000022,0.10390000000000033,-0.6749999999999723,-1.127999999999929,-0.10499999999996845,-0.24299999999996658,-0.09899999999998244,-0.11700000000002042,0.47099999999999476,0.4139999999999944,0.4919999999999991,0.23699999999998056,
-0.028200000000000003,0.01010000000000133,0.7148000000000003,0.8152000000000008,1.0471000000000004,-0.040600000000000414,0.4969000000000001,0.3853,-0.12070000000000025,0.11179999999999968,0.3960000000000363,-0.009000000000032315,1.2209999999999788,1.57199999999996,1.5329999999999977,0.006000000000012662,-0.15599999999998282,0.13500000000000512,-0.19199999999997885,-0.21899999999996922,
-0.014999999999998792,0.009800000000000253,0.7554999999999996,0.8675999999999995,1.0982000000000003,-0.04039999999999999,0.4917000000000007,0.38980000000000015,-0.12709999999999955,0.1045000000000007,0.1229999999999265,-0.18900000000003914,0.06899999999999906,1.2480000000000224,0.6689999999999863,0.3300000000000036,0.9389999999999699,0.5129999999999768,0.8339999999999748,0.5249999999999755,
-0.010900000000001242,0.0034999999999989484,0.7577999999999996,0.9092000000000002,1.1204999999999998,-0.02939999999999987,0.5229999999999997,0.4068999999999994,-0.09930000000000039,0.12199999999999989,0.5940000000000545,0.8850000000000691,0.7890000000000263,1.3380000000000258,1.3470000000000049,0.1949999999999985,0.2879999999999949,0.05100000000001437,0.9149999999999991,-0.2910000000000146,
0.03300000000000125,0.7841000000000005,0.9538000000000011,1.1654,1.0869,0.5325999999999995,0.40859999999999985,-0.06880000000000042,0.1122999999999994,0.6791999999999998,-0.5880000000000685,-0.2910000000000146,-0.6690000000000396,-0.2610000000000312,-0.32399999999999096,-0.13799999999999812,0.0870000000000104,-0.08699999999998376,0.4380000000000184,0.06300000000001305,
0.013399999999998968,0.7744,0.9314999999999998,1.156699999999999,1.0761000000000003,0.5279999999999996,0.4115000000000002,-0.07169999999999987,0.1269,0.6813000000000002,0.003000000000046299,0.2940000000000076,0.8940000000000481,0.6600000000000605,0.6090000000000195,0.6510000000000282,-0.1890000000000125,-0.1949999999999985,-0.15900000000000247,-0.6360000000000099,
0.013500000000000512,0.7842000000000002,0.9613000000000014,1.178700000000001,1.096400000000001,0.5497000000000005,0.4051999999999998,-0.07819999999999983,0.12159999999999993,0.6600999999999999,0.0,0.5880000000000152,1.1279999999999824,0.47999999999994714,1.031999999999993,0.6329999999999902,-0.1049999999999951,0.5849999999999955,-0.0059999999999860165,0.351000000000008,
0.013500000000000512,0.8038000000000007,0.9989000000000008,1.1946999999999992,1.1308000000000007,0.5708000000000002,0.40169999999999995,-0.058699999999999974,0.1214000000000004,0.6718000000000002,-0.01800000000001134,0.5129999999999768,1.554000000000002,1.230000000000011,1.2959999999999638,0.5910000000000082,0.09000000000000341,0.0029999999999930083,0.24900000000000588,-0.42599999999999305,
0.8209,1.0507000000000009,1.2356999999999996,1.1739999999999995,1.5892,0.40470000000000006,-0.05860000000000021,0.1297000000000006,0.6576000000000004,0.5543000000000005,-0.023999999999997357,1.4310000000000223,0.6330000000000169,0.8130000000000237,1.536000000000044,-0.017999999999984695,0.17100000000000115,0.23699999999998056,-0.27300000000000324,-0.5340000000000078,
0.8201,1.0984000000000016,1.2568000000000001,1.2011000000000003,1.6404000000000014,0.40410000000000057,-0.05290000000000017,0.13759999999999994,0.6485000000000003,0.5365000000000002,0.25499999999