6.3832,8.614,0.24899999999997924,-0.16500000000004178
6.3915,8.6085,0.15300000000001646,0.1290000000000191
6.3966,8.6128,0.09000000000000341,-0.14399999999998414
6.3996,8.608,0.1679999999999815,0.07499999999998508
6.4052,8.6105,0.02100000000000435,0.1679999999999815
6.4059,8.6161,0.05999999999999339,0.21000000000004349
6.4079,8.6231,0.2670000000000172,0.4319999999999524
6.4168,8.6375,0.07199999999999207,0.0840000000000174
6.4192,8.6403,0.24900000000000588,0.389999999999997
6.4275,8.6533,-0.015000000000018332,-0.15900000000000247
6.427,8.648,0.1470000000000038,0.27000000000001023
6.4319,8.657,1.0740000000000016,0.6090000000000195
6.4677,8.6773,0.354000000000001,0.08699999999995711
6.4795,8.6802,0.5670000000000108,0.389999999999997
6.4984,8.6932,0.6419999999999959,-0.13499999999995183
6.5198,8.6887,0.1949999999999985,-0.23400000000004084
6.5263,8.6809,0.6179999999999986,0.5550000000000388
6.5469,8.6994,1.5060000000000073,-0.012000000000025324
6.5971,8.699,0.9269999999999978,-0.2159999999999762
6.628,8.6918,1.0500000000000043,0.047999999999994714
6.663,8.6934,1.0409999999999986,-0.3449999999999953
6.6977,8.6819,-0.17399999999999416,0.15299999999996317
6.6919,8.687,1.3019999999999765,-0.31199999999996564
6.7353,8.6766,2.6250000000000107,-0.40500000000001535
6.8228,8.6631,1.3230000000000075,-0.4710000000000214
6.8669,8.6474,1.841999999999997,-0.6749999999999723
6.9283,8.6249,1.5420000000000034,-0.44400000000003104
6.9797,8.6101,0.07499999999998508,-0.20099999999995788
6.9822,8.6034,1.4970000000000017,-0.381000000000018
7.0321,8.5907,4.338000000000015,-1.3529999999999909
7.1767,8.5456,1.977000000000002,-0.9600000000000009
7.2426,8.5136,2.588999999999988,0.047999999999994714
7.3289,8.5152,2.08499999999999,-0.03600000000002268
7.3984,8.514,0.14400000000001079,0.1260000000000261
7.4032,8.5182,2.580000000000009,-0.13500000000000512
7.4892,8.5137,4.763999999999982,0.4649999999999821
7.648,8.5292,2.2409999999999997,-0.22500000000000853
7.7227,8.5217,2.049000000000021,-0.17399999999996751
7.791,8.5159,2.234999999999987,0.023999999999997357
7.8655,8.5167,0.21600000000000286,-0.2190000000000225
7.8727,8.5094,2.0310000000000095,-0.023999999999997357
7.9404,8.5086,4.550999999999998,0.02100000000000435
8.0921,8.5093,2.402999999999995,-0.6150000000000055
8.1722,8.4888,2.126999999999999,-0.5700000000000038
8.2431,8.4698,2.124000000000006,0.06000000000002004
8.3139,8.4718,0.11999999999998678,-0.047999999999994714
8.3179,8.4702,1.6650000000000098,-0.2579999999999849
8.3734,8.4616,4.733999999999998,-0.6330000000000169
8.5312,8.4405,1.869000000000014,0.381000000000018
8.5935,8.4532,2.1809999999999796,-0.13500000000000512
8.6662,8.4487,2.445000000000004,0.19499999999997186
8.7477,8.4552,-0.23099999999999454,-0.1259999999999728
8.74,8.451,1.9140000000000157,-0.07199999999999207
8.8038,8.4486,4.190999999999985,-0.045000000000001705
8.9435,8.4471,2.325000000000017,-0.003000000000046299
9.021,8.447,1.6259999999999941,-0.27899999999998926
9.0752,8.4377,2.3729999999999585,-0.2999999999999936
9.1543,8.4277,0.0870000000000104,0.05099999999998772
9.1572,8.4294,1.7790000000000106,-0.3420000000000023
9.2165,8.418,3.7920000000000087,-0.7499999999999574
9.3429,8.393,2.3159999999999847,-0.16199999999999548
9.4201,8.3876,2.1450000000000102,-0.09900000000003573
9.4916,8.3843,1.4580000000000126,-1.0470000000000113
9.5402,8.3494,0.15900000000000247,0.23400000000004084
9.5455,8.3572,1.554000000000002,-0.32400000000004425
9.5973,8.3464,3.3899999999999864,0.1680000000000348
9.7103,8.352,1.3200000000000145,0.36899999999999267
9.7543,8.3643,1.6169999999999618,0.14099999999999113
9.8082,8.369,1.6320000000000334,-0.2639999999999709
9.8626,8.3602,-0.15300000000001646,0.09899999999998244
9.8575,8.3635,1.3559999999999839,0.029999999999983373
9.9027,8.3645,2.9880000000000173,0.32099999999999795
10.0023,8.3752,0.6360000000000099,-0.27300000000000324
10.0235,8.3661,1.5750000000000064,0.09000000000000341
10.076,8.3691,1.0139999999999816,-0.22800000000000153
10.1098,8.3615,-0.0420000000000087,0.06300000000001305
10.1084,8.3636,1.1219999999999963,-0.3779999999999717
10.1458,8.351,2.2020000000000373,0.09899999999998244
10.2192,8.3543,1.166999999999998,-0.35700000000002063
10.2581,8.3424,1.2179999999999858,0.2160000000000295
10.2987,8.3496,1.0139999999999816,-0.24600000000001288
10.3325,8.3414,-0.09000000000000341,0.02100000000000435
10.3295,8.3421,1.2090000000000067,-0.23399999999998755
10.3698,8.3343,1.869000000000014,-0.44100000000003803
10.4321,8.3196,1.0769999999999946,-0.1709999999999745
10.468,8.3139,1.0139999999999816,-0.5370000000000275
10.5018,8.296,0.8400000000000141,-0.5189999999999628
10.5298,8.2787,-0.0029999999999930083,-0.012000000000025324
10.5297,8.2783,1.0650000000000226,-0.2069999999999972
10.5652,8.2714,2.009999999999952,-1.0649999999999693
10.6322,8.2359,0.8550000000000324,-0.387000000000004
10.6607,8.223,0.44399999999997775,-0.7410000000000316
10.6755,8.1983,1.1310000000000286,-0.6360000000000099
10.7132,8.1771,0.03599999999996939,0.07200000000004536
10.7144,8.1795,0.6750000000000256,-0.36300000000000665
10.7369,8.1674,1.1549999999999727,-0.5910000000000082
10.7754,8.1477,0.6150000000000055,-0.5190000000000161
10.7959,8.1304,0.6869999999999976,-0.15300000000001646
10.8188,8.1253,0.45600000000000307,-0.2129999999999832
10.834,8.1182,-0.0809999999999711,-0.045000000000001705
10.8313,8.1167,0.5819999999999759,-0.31500000000001194
10.8507,8.1062,0.8670000000000044,0.06600000000000605
10.8796,8.1084,0.35700000000002063,-0.5010000000000048
10.8915,8.0917,0.708000000000002,-0.05099999999998772
10.9151,8.09,0.07499999999998508,-0.2670000000000172
10.9176,8.0811,-0.0029999999999930083,0.09000000000000341
10.9175,8.0841,0.44999999999996376,-0.5399999999999672
10.9325,8.0661,0.9120000000000061,-1.1970000000000347
10.9629,8.0262,0.48600000000003973,-0.389999999999997
10.9791,8.0132,0.2970000000000006,-0.5969999999999942
10.989,7.9933,0.49199999999997246,-0.8309999999999818
11.0054,7.9656,-0.22800000000000153,0.14399999999998414
10.9978,7.9704,0.3509999999999813,-0.777000000000001
11.0095,7.9445,0.831000000000035,-0.8579999999999988
11.0372,7.9159,0.31199999999996564,-0.7709999999999884
11.0476,7.8902,0.1320000000000121,-0.6630000000000003
11.052,7.8681,0.3090000000000259,-0.5370000000000008
11.0623,7.8502,0.26699999999996393,0.2099999999999902
11.0712,7.8572,0.2190000000000225,-0.3420000000000023
11.0785,7.8458,0.5670000000000108,-0.713999999999988
11.0974,7.822,0.03299999999997638,-0.5759999999999899
11.0985,7.8028,0.3479999999999883,0.09899999999998244
11.1101,7.8061,-0.18599999999999284,-0.2850000000000019
11.1039,7.7966,0.18900000000003914,0.36599999999999966
11.1102,7.8088,0.23099999999999454,-0.3029999999999866
11.1179,7.7987,0.22500000000000853,0.32399999999999096
11.1254,7.8095,0.0029999999999930083,-0.2879999999999949
11.1255,7.7999,-0.0870000000000104,-0.16199999999999548
11.1226,7.7945,0.07199999999999207,-0.03000000000001002
11.125,7.7935,0.3059999999999796,0.1049999999999951
11.1352,7.797,-0.08699999999995711,-0.08699999999998376
11.1323,7.7941,-0.11700000000004707,-0.20400000000000418
11.1284,7.7873,0.40200000000002234,0.045000000000001705
11.1418,7.7888,-0.28800000000002157,-0.12899999999999245
11.1322,7.7845,0.22200000000001552,-0.3330000000000233
11.1396,7.7734,0.009000000000032315,0.31500000000001194
11.1399,7.7839,-0.012000000000025324,-0.4049999999999887
11.1395,7.7704,0.5190000000000161,-0.708000000000002
11.1568,7.7468,-0.03900000000001569,0.0
11.1555,7.7468,0.012000000000025324,-0.42300000000000004
11.1559,7.7327,0.11999999999998678,-0.31500000000001194
11.1599,7.7222,0.03299999999997638,0.045000000000001705
11.161,7.7237,0.35700000000002063,-0.1320000000000121
11.1729,7.7193,0.3420000000000023,-0.5519999999999925
11.1843,7.7009,0.27599999999999625,-0.26100000000000456
11.1935,7.6922,0.2999999999999936,0.12000000000001343
11.2035,7.6962,0.026999999999990365,-0.05999999999999339
11.2044,7.6942,0.07800000000003138,-0.36599999999999966
11.207,7.682,0.13199999999995882,0.22199999999998887
11.2114,7.6894,0.15600000000000946,0.1649999999999885
11.2166,7.6949,0.15000000000002345,-0.0059999999999860165
11.2216,7.6947,-0.0029999999999930083,0.27000000000001023
11.2215,7.7037,0.3719999999999857,-0.27300000000000324
11.2339,7.6946,0.0029999999999930083,0.1499999999999968
11.234,7.6996,0.2190000000000225,0.08699999999998376
11.2413,7.7025,0.1679999999999815,0.1890000000000125
11.2469,7.7088,0.31200000000001893,0.3420000000000023
11.2573,7.7202,-0.08100000000002439,-0.12000000000001343
11.2546,7.7162,0.5850000000000222,0.0870000000000104
11.2741,7.7191,0.11699999999999378,-0.0029999999999930083
11.278,7.719,0.12299999999997979,-0.10800000000001475
11.2821,7.7154,0.5910000000000082,0.14100000000001778
11.3018,7.7201,0.27899999999998926,-0.41100000000000136
11.3111,7.7064,0.5400000000000205,-0.0420000000000087
11.3291,7.705,0.35399999999997434,-0.5100000000000104
11.3409,7.688,-0.1259999999999728,0.20400000000000418
11.3367,7.6948,0.19199999999997885,-0.22500000000000853
11.3431,7.6873,0.6990000000000229,-0.7559999999999967
11.3664,7.6621,0.36899999999999267,-0.4800000000000004
11.3787,7.6461,0.36000000000001364,-0.0059999999999860165
11.3907,7.6459,0.31499999999995865,-0.5519999999999925
11.4012,7.6275,-0.05999999999996675,0.029999999999983373
11.3992,7.6285,0.4139999999999944,-0.356999999999994
11.413,7.6166,0.7530000000000037,-0.45300000000001006
11.4381,7.6015,0.40800000000000836,-0.33599999999998964
11.4517,7.5903,0.26699999999996393,-0.27300000000000324
11.4606,7.5812,0.41100000000000136,-0.054000000000007375
11.4743,7.5794,0.006000000000039307,0.006000000000012662
11.4745,7.5796,0.27599999999999625,-0.2400000000000002
11.4837,7.5716,0.777000000000001,-0.27599999999999625
11.5096,7.5624,0.19799999999996487,-0.1290000000000191
11.5162,7.5581,0.36000000000001364,-0.1049999999999951
11.5282,7.5546,0.3059999999999796,-0.27599999999999625
11.5384,7.5454,0.05700000000002703,0.045000000000001705
11.5403,7.5469,0.387000000000004,-0.3149999999999853
11.5532,7.5364,0.6899999999999906,-0.1920000000000055
11.5762,7.53,0.4199999999999804,-0.36000000000001364
11.5902,7.518,0.2519999999999989,-0.3089999999999993
11.5986,7.5077,0.5910000000000082,-0.2970000000000006
11.6183,7.4978,0.009000000000032315,0.03000000000001002
11.6186,7.4988,0.5399999999999672,-0.25800000000001155
11.6366,7.4902,0.9960000000000235,-0.8639999999999848
11.6698,7.4614,0.44999999999996376,-0.21899999999999586
11.6848,7.4541,0.4680000000000284,-0.384000000000011
11.7004,7.4413,0.45000000000001705,-0.16800000000000814
11.7154,7.4357,-0.05400000000003402,0.02700000000001701
11.7136,7.4366,0.5190000000000161,-0.36300000000000665
11.7309,7.4245,0.8969999999999878,-0.15900000000000247
11.7608,7.4192,0.8519999999999861,0.03300000000000303
11.7892,7.4203,0.40500000000001535,0.0
11.8027,7.4203,0.4589999999999961,-0.045000000000001705
11.818,7.4188,0.0,-0.10200000000000209
11.818,7.4154,0.5069999999999908,0.00900000000000567
11.8349,7.4157,1.1370000000000147,0.30600000000000627
11.8728,7.4259,0.4260000000000197,-0.10200000000000209
11.887,7.4225,0.8430000000000071,0.1079999999999881
11.9151,7.4261,0.6390000000000029,-0.0870000000000104
11.9364,7.4232,0.07799999999997809,-0.06899999999999906
11.939,7.4209,0.5489999999999995,-0.13199999999998546
11.9573,7.4165,1.037999999999979,-0.5250000000000021
11.9919,7.399,0.6419999999999959,-0.2879999999999949
12.0133,7.3894,0.5370000000000275,-0.09600000000001607
12.0312,7.3862,0.6899999999999906,-0.17699999999998717
12.0542,7.3803,0.13799999999999812,-0.11400000000000077
12.0588,7.3765,0.9209999999999852,-0.054000000000007375
12.0895,7.3747,1.5810000000000457,0.1920000000000055
12.1422,7.3811,1.2269999999999648,-0.03000000000001002
12.1831,7.3801,0.9090000000000131,0.06000000000002004
12.2134,7.3821,0.9479999999999755,0.2069999999999972
12.245,7.389,-0.029999999999983373,-0.011999999999998678
12.244,7.3886,1.155000000000026,0.21899999999999586
12.2825,7.3959,2.5799999999999557,0.38099999999999135
12.3685,7.4086,1.1220000000000496,0.054000000000007375
12.4059,7.4104,1.2570000000000014,0.2879999999999949
12.4478,7.42,1.3559999999999839,0.4320000000000057
12.493,7.4344,-0.24300000000001987,-0.00900000000000567
12.4849,7.4341,1.2869999999999848,0.4619999999999891
12.5278,7.4495,2.886000000000042,0.9240000000000048
12.624,7.4803,1.2809999999999988,0.41100000000000136
12.6667,7.494,1.3109999999999822,0.46800000000000175
12.7104,7.5096,1.2480000000000224,0.2340000000000142
12.752,7.5174,0.014999999999965041,0.15900000000000247
12.7525,7.5227,1.2450000000000294,0.047999999999994714
12.794,7.5243,1.6979999999999862,0.8279999999999887
12.8506,7.5519,1.2149999999999928,0.46200000000001573
12.8911,7.5673,1.0440000000000182,0.32699999999998397
12.9259,7.5782,0.7500000000000107,0.22200000000001552
12.9509,7.5856,0.33299999999997,0.026999999999990365
12.962,7.5865,0.9389999999999965,-0.1049999999999951
12.9933,7.583,1.6979999999999862,0.7229999999999936
13.0499,7.6071,1.1430000000000007,0.08399999999999075
