0.4661999999999997,0.4932999999999996,0.3235000000000001,1.6143999999999998,0.4184000000000001,0.29519999999999946,0.9197999999999986,1.2157,-0.2370000000000001,1.6637999999999984,1.2990000000000101,1.3320000000000132,1.2119999999999997,1.0680000000000156,1.200000000000001,-0.6509999999999749,-0.8669999999999511,-0.6989999999999696,-0.7589999999999897,-0.9059999999999135,
0.5095000000000001,0.5377000000000001,0.3639000000000001,1.6500000000000004,0.45840000000000014,0.2735000000000003,0.8909000000000002,1.192400000000001,-0.26229999999999976,1.6336000000000013,0.33299999999999663,0.8369999999999944,0.752999999999977,0.8339999999999748,1.1219999999999963,-0.8880000000000088,-0.9060000000000201,-0.9360000000000568,-1.152000000000033,-0.5760000000000431,
0.5206,0.5655999999999999,0.38899999999999935,0.4958,1.6777999999999995,0.2439,0.8606999999999996,1.1611999999999991,1.6143999999999998,-0.30070000000000086,0.9480000000000022,1.3409999999999922,1.164000000000005,1.0529999999999973,1.1730000000000107,-0.6179999999999986,-0.7200000000000273,-0.9540000000000148,-0.5039999999999978,-0.6390000000000029,
0.5522,0.6102999999999996,0.4277999999999995,0.5308999999999999,1.7168999999999999,0.22330000000000005,0.8366999999999987,1.1293999999999986,1.5976,-0.32200000000000095,0.05100000000001437,-0.19199999999997885,-0.1259999999999728,-0.18299999999999983,-0.47099999999999476,0.44400000000003104,0.3960000000000363,0.06300000000006634,0.003000000000046299,0.06300000000006634,
0.5539000000000005,0.6039000000000003,0.4236000000000004,0.5247999999999999,1.7012,0.2381000000000011,0.8498999999999999,1.1315000000000008,1.5977000000000015,-0.31989999999999874,0.9569999999999546,1.073999999999975,0.6179999999999719,1.172999999999984,0.8219999999999761,-0.6150000000000588,-0.6450000000000422,-0.6810000000000649,-0.7260000000000666,-0.6720000000000859,
0.585799999999999,0.6396999999999995,0.4441999999999995,0.5638999999999994,1.7285999999999992,0.21759999999999913,0.8283999999999985,1.1087999999999987,1.5734999999999992,-0.3423000000000016,2.520000000000042,2.5500000000000256,2.181000000000033,2.7270000000000394,2.9790000000000383,-0.9209999999999852,-1.3439999999999586,-1.6649999999999565,-1.3349999999999795,-1.0949999999999527,
0.6698000000000004,0.7247000000000003,0.5169000000000006,0.6548000000000007,1.8279000000000005,0.18689999999999962,0.7835999999999999,1.0533000000000001,1.529,-0.3788,0.9569999999999812,0.9930000000000039,1.3439999999999852,1.109999999999971,1.1159999999999837,-0.9060000000000201,-0.9179999999999922,-0.8249999999999957,-0.9540000000000148,-0.8039999999999914,
0.7016999999999998,0.7578000000000005,0.5617000000000001,0.6917999999999997,1.8651,0.15669999999999895,0.7530000000000001,1.0258000000000003,1.4971999999999994,-0.40559999999999974,0.779999999999994,1.6409999999999592,0.6419999999999693,1.556999999999995,1.5479999999999894,0.762000000000036,-0.041999999999955406,-0.24299999999996658,-0.36299999999995336,-0.23099999999999454,
0.7276999999999996,0.8124999999999991,0.5830999999999991,0.7436999999999996,1.9166999999999996,0.18210000000000015,0.7516000000000016,1.0177000000000014,1.485100000000001,-0.41329999999999956,0.6990000000000229,1.1040000000000383,0.8220000000000294,1.5930000000000177,1.9770000000000287,-0.3930000000000433,-0.9240000000000848,-1.3170000000000748,-0.9570000000000611,-1.0530000000000506,
0.7510000000000003,0.8493000000000004,0.6105,0.7968000000000002,0.36650000000000027,0.1689999999999987,0.7207999999999988,0.9737999999999989,1.453199999999999,1.9345999999999988,-0.054000000000007375,-0.024000000000024002,0.24299999999999322,-0.015000000000018332,0.3300000000000036,-0.5309999999999349,-0.041999999999955406,-0.0389999999999624,-0.22499999999995524,-0.32099999999994466,
0.7492000000000001,0.8484999999999996,0.6185999999999998,0.7962999999999996,0.3775000000000004,0.15130000000000088,0.7194000000000003,0.9725000000000001,1.4457000000000004,1.9239000000000006,1.4759999999999973,1.833000000000018,1.3949999999999996,2.081999999999997,1.3739999999999686,0.4770000000000074,-0.6239999999999846,-0.39599999999998303,-0.7530000000000037,-0.1470000000000038,
0.7984,0.9096000000000002,0.6650999999999998,0.8656999999999995,0.42329999999999934,0.16720000000000113,0.6986000000000008,0.9593000000000007,1.4206000000000003,1.9190000000000005,0.9689999999999799,2.201999999999984,1.520999999999999,2.549999999999999,0.389999999999997,-0.7140000000000413,-1.0500000000000043,-1.3740000000000485,-1.3020000000000032,-1.6800000000000281,
0.8306999999999993,0.7157999999999998,0.9829999999999997,0.9506999999999994,0.43629999999999924,0.14339999999999975,0.9134999999999991,0.6636000000000006,1.3772000000000002,1.8629999999999995,0.22800000000000153,0.708000000000002,0.8519999999999861,0.9120000000000061,0.8190000000000097,-0.5669999999999575,-0.5309999999999349,-0.705000000000009,-1.1489999999999867,-1.0229999999999606,
0.8382999999999994,0.7393999999999998,1.0113999999999992,0.9810999999999996,0.46359999999999957,0.12450000000000117,0.8958000000000013,0.6401000000000003,1.3389000000000006,1.8289000000000009,-0.32699999999998397,0.21000000000001684,0.7740000000000347,0.4770000000000074,-0.716999999999981,-1.2480000000000224,-1.0590000000000366,-0.5339999999999812,-0.9810000000000052,-1.5870000000000317,
0.8273999999999999,0.7464000000000004,1.0372000000000003,0.9969999999999999,0.4397000000000002,0.08290000000000042,0.8605,0.622300000000001,1.3062000000000005,1.7759999999999998,0.4349999999999987,0.18599999999999284,0.9779999999999855,0.4890000000000061,0.03299999999997638,-1.1430000000000007,-1.2419999999999831,-0.3330000000000233,-1.3769999999999882,-1.7069999999999919,
0.8418999999999999,0.7526000000000002,1.0697999999999999,1.0133,0.4407999999999994,0.044800000000000395,0.8191000000000006,0.6112000000000002,1.2603000000000009,1.7191,0.3479999999999883,0.5309999999999881,0.42000000000000703,0.6449999999999889,0.09599999999998943,0.4710000000000214,0.2549999999999919,0.18000000000000682,0.1679999999999815,0.15000000000002345,
0.8534999999999995,0.7702999999999998,1.0838,1.0347999999999997,0.44399999999999906,0.06050000000000111,0.8276000000000003,0.6172000000000004,1.2659000000000002,1.7241000000000009,-0.4769999999999808,-0.020999999999977703,0.49500000000001876,-0.09899999999998244,-1.1519999999999797,-1.476000000000024,-1.0470000000000113,-0.5580000000000318,-1.548000000000016,-1.8210000000000193,
0.8376000000000001,0.7696000000000005,1.1003000000000007,1.0315000000000003,0.40559999999999974,0.01130000000000031,0.7927,0.5985999999999994,1.2142999999999997,1.6634000000000002,0.5820000000000292,0.32399999999999096,1.913999999999989,0.12599999999999945,-0.7049999999999557,-1.164000000000005,-2.093999999999969,-0.5639999999999645,-2.9429999999999623,-3.956999999999997,
0.8570000000000011,0.7804000000000002,1.1641000000000004,1.0357000000000003,0.3821000000000012,-0.027499999999999858,0.722900000000001,0.5798000000000005,1.116200000000001,1.5315000000000003,-0.6720000000000326,0.3090000000000259,1.0170000000000012,0.5610000000000248,-0.774000000000008,-1.7009999999999792,-1.6499999999999915,-0.6269999999999776,-1.7790000000000106,-2.264999999999997,
0.8346,0.7907000000000011,1.1980000000000004,1.0544000000000011,0.35630000000000095,-0.08419999999999916,0.6679000000000013,0.5589000000000013,1.0569000000000006,1.4560000000000004,0.11999999999998678,0.338999999999956,0.752999999999977,-0.10200000000005538,-0.2160000000000295,-0.375000000000032,-1.1790000000000767,-0.435000000000052,-1.6530000000000378,-1.9050000000000367,
0.8385999999999996,0.8019999999999996,1.2230999999999996,0.34909999999999997,1.0509999999999993,-0.09670000000000023,0.6285999999999987,0.5443999999999996,1.3924999999999992,1.0017999999999994,0.6300000000000239,0.44400000000003104,1.0080000000000222,-0.3360000000000163,-0.053999999999954085,-0.5159999999999698,-1.3499999999999446,-0.6119999999999592,-1.748999999999974,-1.4069999999999716,
0.8596000000000004,0.8168000000000006,1.2567000000000004,0.3378999999999994,1.0492000000000008,-0.11389999999999922,0.5836000000000006,0.5240000000000009,1.3342,0.9549000000000003,-0.4679999999999751,-0.39599999999998303,-0.2999999999999936,-0.338999999999956,-0.22800000000000153,-0.5670000000000641,-0.4710000000000214,-0.09600000000004272,-0.46500000000000874,-0.13500000000000512,
0.8440000000000012,0.8036000000000012,1.2467000000000006,0.3266000000000009,1.0416000000000007,-0.13280000000000136,0.5678999999999998,0.5207999999999995,1.3186999999999998,0.9504000000000001,0.5039999999999445,0.40799999999995507,0.9119999999999795,-0.14100000000004442,-0.06000000000002004,-0.4559999999999498,-1.164000000000005,-0.7439999999999714,-1.5689999999999937,-1.3949999999999996,
0.8607999999999993,0.8171999999999997,0.3218999999999994,1.2771,1.0396,-0.1479999999999997,0.5290999999999997,1.2664,0.49600000000000044,0.9039000000000001,0.1800000000000601,0.705000000000009,-0.22799999999994824,1.116000000000037,-0.0059999999999860165,-0.9600000000000009,-1.5270000000000117,-1.452,-1.9470000000000454,-1.6530000000000378,
0.8668000000000013,0.8407,0.31430000000000113,1.0394000000000005,1.3143000000000011,-0.17999999999999972,0.4781999999999993,1.218,0.8487999999999989,0.43109999999999893,0.36299999999995336,0.378000000000025,-0.6390000000000029,0.4740000000000144,0.5159999999999698,-0.4649999999999821,-1.9979999999999798,-2.093999999999996,-1.1429999999999474,-1.6439999999999522,
0.8788999999999998,0.8533000000000008,0.29300000000000104,1.055200000000001,1.3315000000000001,-0.19549999999999912,0.41159999999999997,1.1482,0.8107000000000006,0.3763000000000005,0.2910000000000146,0.2670000000000172,0.09599999999998943,0.19199999999997885,0.3449999999999953,-0.9389999999999965,-0.8819999999999695,-1.169999999999991,-0.9360000000000035,-1.473000000000031,
0.8886000000000003,0.8622000000000014,0.2962000000000007,1.0616000000000003,1.343,-0.226799999999999,0.382200000000001,1.1092000000000004,0.7795000000000005,0.3271999999999995,0.3420000000000023,0.3719999999999324,-0.6750000000000256,0.3449999999999953,0.1649999999999885,-0.22800000000000153,-0.6300000000000239,-0.9600000000000009,-0.15300000000001646,-0.48599999999998644,
0.9000000000000004,0.8745999999999992,0.27369999999999983,1.0731000000000002,1.3484999999999996,-0.23439999999999905,0.3612000000000002,1.0772000000000004,0.7744,0.31099999999999994,0.015000000000018332,0.15600000000000946,-0.1709999999999745,-0.029999999999983373,0.03300000000002967,0.26999999999995694,0.09000000000000341,0.14999999999997016,0.0809999999999711,-0.12300000000003308,
0.900500000000001,0.8797999999999995,0.2680000000000007,1.0721000000000007,1.3496000000000006,-0.2254000000000005,0.3642000000000003,1.0821999999999994,0.777099999999999,0.30689999999999884,0.335999999999963,0.6360000000000099,0.03599999999996939,0.6779999999999653,0.8579999999999721,-0.44099999999998474,-0.5670000000000108,-0.9389999999999965,-0.49499999999996547,-1.2209999999999788,
0.9116999999999997,0.9009999999999998,0.26919999999999966,1.0946999999999996,1.3781999999999996,-0.24009999999999998,0.34529999999999994,1.0508999999999995,0.7606000000000002,0.26619999999999955,-0.44700000000002404,0.777000000000001,-0.9780000000000122,0.8309999999999818,1.2570000000000014,-0.6600000000000072,-0.381000000000018,-1.6619999999999902,-1.026000000000007,-1.1519999999999797,
0.8967999999999989,0.9268999999999998,0.23659999999999926,1.122399999999999,1.4200999999999997,-0.2621000000000002,0.33259999999999934,0.9954999999999998,0.7263999999999999,0.22780000000000022,0.3900000000000503,1.3349999999999795,-0.11699999999999378,1.4490000000000336,1.3710000000000022,-1.7580000000000062,-0.9179999999999922,-1.385999999999994,-1.3499999999999979,-1.3680000000000092,
0.9098000000000006,0.23269999999999946,0.9713999999999992,1.1707,1.4657999999999998,-0.32070000000000043,0.9493,0.3019999999999996,0.6814,0.18219999999999992,0.03900000000001569,-0.329999999999977,0.22500000000006182,0.45300000000001006,0.5790000000000362,-1.4549999999999663,-1.493999999999982,-0.6209999999999916,-1.6589999999999705,-1.2509999999999621,
0.22170000000000023,0.9111000000000011,0.9789000000000012,1.1858000000000004,1.485100000000001,0.8995000000000006,-0.3691999999999993,0.2812999999999999,0.626100000000001,0.14050000000000118,-0.9389999999999965,-0.7470000000000176,-0.32400000000004425,-0.27599999999999625,0.4199999999999804,-1.0170000000000012,-0.9179999999999922,-0.5849999999999689,-0.9660000000000402,-0.18000000000000682,
0.19040000000000035,0.8862000000000005,0.9680999999999997,1.1766000000000005,1.4991000000000003,0.8656000000000006,-0.39979999999999905,0.2618000000000009,0.5938999999999997,0.13450000000000095,0.18299999999999983,0.27899999999998926,0.12300000000003308,0.27300000000000324,-0.1649999999999885,-0.36899999999999267,0.008999999999979025,-0.31800000000000495,-0.047999999999994714,-0.18000000000000682,
0.19650000000000034,0.8955000000000002,0.9722000000000008,1.1857000000000006,1.4936000000000007,0.8533000000000008,-0.39949999999999974,0.25120000000000076,0.5922999999999998,0.12850000000000072,-0.7500000000000107,-0.7440000000000246,-0.45900000000004937,-0.3540000000000276,0.03599999999996939,-1.9229999999999947,-1.6079999999999828,-1.0050000000000026,-1.3439999999999586,-0.5279999999999951,
0.17149999999999999,0.9568999999999992,0.8706999999999994,1.1738999999999997,1.4947999999999997,0.789200000000001,0.21770000000000067,-0.45309999999999917,0.5475000000000012,0.11090000000000089,-1.1249999999999893,0.3930000000000433,-0.9329999999999572,-0.5369999999999742,0.6030000000000335,-2.190000000000012,-2.190000000000012,-1.2990000000000101,-1.8270000000000053,-0.7440000000000246,
0.13400000000000034,0.8396000000000008,0.9700000000000006,1.1560000000000006,1.5149000000000008,0.7162000000000006,-0.4963999999999995,0.14470000000000027,0.48660000000000103,0.08610000000000007,0.7500000000000107,-0.023999999999997357,0.7379999999999853,0.36000000000001364,1.0740000000000016,-1.4309999999999956,-0.5609999999999715,-1.3769999999999882,-0.9209999999999852,-0.9239999999999782,
0.1590000000000007,0.8388000000000009,0.9946000000000002,1.168000000000001,1.5507000000000009,0.6685000000000008,-0.5150999999999986,0.09880000000000067,0.4559000000000015,0.05530000000000079,0.19799999999996487,-0.3090000000000259,0.5039999999999978,-0.10200000000002873,0.5999999999999872,-1.3379999999999992,-0.9900000000000375,-1.2750000000000128,-0.7950000000000124,-1.0410000000000252,
0.16559999999999953,0.8285,1.0114,1.1646,1.5707000000000004,0.6239000000000008,-0.5480999999999998,0.05630000000000024,0.4294000000000011,0.02059999999999995,0.28800000000002157,-0.4349999999999987,0.36899999999999267,-0.030000000000036664,0.4169999999999874,-1.0350000000000126,-0.5639999999999645,-1.8419999999999703,-0.9450000000000092,-1.3139999999999752,
0.17520000000000024,0.8140000000000001,1.0236999999999998,1.1635999999999989,1.5846,0.5894000000000004,-0.5668999999999986,-0.005099999999998772,0.3979000000000008,-0.02319999999999922,-0.4650000000000354,-0.0870000000000104,-0.40200000000002234,-0.2999999999999936,-0.27900000000004255,0.029999999999983373,0.6779999999999653,0.4109999999999481,0.23399999999998755,0.18299999999999983,
0.15969999999999906,0.8110999999999997,1.010299999999999,1.153599999999999,1.5752999999999986,0.5903999999999998,-0.5442999999999998,0.008599999999999497,0.4057000000000004,-0.017099999999999227,0.16200000000004877,-0.32699999999998397,0.2940000000000609,-0.2099999999999369,0.2550000000000452,-0.9509999999999685,-0.719999999999974,-1.2419999999999831,-0.8340000000000014,-1.4669999999999916,
0.1651000000000007,0.8002000000000002,1.0201000000000011,1.1466000000000012,1.5838,0.5587000000000009,-0.5682999999999989,-0.03279999999999994,0.37790000000000035,-0.06599999999999895,0.7470000000000176,-0.9389999999999965,-0.06000000000002004,-0.5519999999999925,-0.44099999999998474,-0.46800000000005504,0.8519999999999328,-0.9240000000000315,-0.06900000000002571,-1.8690000000000673,
0.19000000000000128,0.7689000000000004,1.0181000000000004,1.1282000000000014,1.5691000000000006,0.543099999999999,-0.5399000000000012,-0.06360000000000099,0.3755999999999995,-0.1283000000000012,-0.32100000000005124,-1.218000000000039,0.05999999999996675,-0.41700000000004067,-0.15900000000005576,0.06000000000002004,0.4260000000000197,-0.4589999999999961,0.27000000000001023,-0.5279999999999951,
0.17929999999999957,0.7282999999999991,1.0200999999999993,1.1143,1.5637999999999987,0.5450999999999997,-0.5257000000000005,-0.07890000000000086,0.38459999999999983,-0.14590000000000103,0.9210000000000385,-0.10499999999996845,0.7380000000000386,0.24000000000002686,0.49800000000006506,-1.029,-0.36599999999999966,-1.57199999999996,-0.8069999999999844,-1.370999999999949,
0.21000000000000085,0.7248000000000001,1.0447000000000006,1.122300000000001,1.580400000000001,0.5107999999999997,-0.5379000000000005,-0.13129999999999953,0.35770000000000035,-0.19159999999999933,-0.21000000000004349,-1.3289999999999935,-0.3449999999999953,-0.6840000000000579,-0.6000000000000405,0.035999999999996035,0.719999999999974,0.6329999999999636,-0.04500000000002835,0.4169999999999341,
0.2029999999999994,0.6805000000000003,1.0332000000000008,1.099499999999999,1.5603999999999996,0.5119999999999996,-0.5139000000000014,-0.11020000000000074,0.3561999999999994,-0.17770000000000152,0.40200000000002234,-0.009000000000032315,0.11099999999995447,0.047999999999994714,-0.015000000000018332,-0.42899999999998606,-0.5789999999999296,-0.5219999999999558,-0.5039999999999711,-0.6269999999999243,
0.21640000000000015,0.6801999999999992,1.0368999999999993,1.1010999999999989,1.559899999999999,0.49770000000000003,-0.533199999999999,-0.12759999999999927,0.33940000000000037,-0.198599999999999,-0.09599999999998943,-0.3749999999999787,0.36000000000001364,-0.26699999999996393,0.15000000000002345,0.1740000000000208,0.7260000000000133,0.2099999999999902,-0.2129999999999832,0.3029999999999866,
0.2132000000000005,0.6677,1.0488999999999997,1.0922,-0.7605000000000004,0.5035000000000007,-0.5089999999999986,-0.1205999999999996,0.33230000000000093,1.3764000000000012,1.2899999999999778,-0.7319999999999993,1.0769999999999946,0.3960000000000363,-0.4979999999999585,-1.2660000000000338,-1.1580000000000723,-1.4850000000000563,-1.8750000000000533,-2.487000000000066,
0.25619999999999976,0.6433,1.0847999999999995,1.1054000000000013,-0.777099999999999,0.4612999999999996,-0.547600000000001,-0.17010000000000147,0.26979999999999915,1.293499999999999,-0.18000000000000682,-1.1249999999999893,-0.9419999999999895,-0.32100000000005124,-1.8030000000000612,-0.36899999999999267,-0.05699999999997374,-0.6719999999999793,-0.9029999999999738,-1.0529999999999706,
0.25019999999999953,0.6058000000000003,1.0534,1.0946999999999996,-0.837200000000001,0.44899999999999984,-0.5495000000000001,-0.19250000000000078,0.23970000000000002,1.2584,0.21899999999996922,-0.2130000000000365,-0.12300000000003308,-0.2910000000000146,-0.8939999999999948,-0.18000000000000682,-0.10500000000002174,-0.32099999999999795,-0.35700000000002063,-0.4830000000000201,
0.2574999999999985,0.5986999999999991,1.0492999999999988,1.084999999999999,-0.8670000000000009,0.4429999999999996,-0.5530000000000008,-0.2032000000000007,0.22779999999999934,1.2422999999999993,-0.09299999999999642,-0.24600000000001288,-0.11999999999998678,0.1260000000000261,-1.6559999999999775,-0.37199999999995903,-0.13499999999995183,-1.2029999999999674,-0.728999999999953,-1.3319999999999599,
0.2543999999999986,0.5904999999999987,1.0452999999999992,1.0892,-0.9222000000000001,0.430600000000001,-0.5574999999999992,-0.24329999999999963,0.2035000000000009,1.1979000000000006,-0.13799999999999812,0.003000000000046299,0.16199999999999548,-0.07199999999999207,0.36899999999999267,-0.23700000000003385,-0.11100000000000776,-0.009000000000032315,0.008999999999979025,0.2699999999999836,
0.2497999999999987,0.5906000000000002,1.050699999999999,1.0868000000000002,-0.9099000000000004,0.42269999999999985,-0.5611999999999995,-0.2436000000000007,0.2038000000000002,1.2069,-0.35699999999996734,-0.5610000000000248,0.0420000000000087,-0.06000000000002004,-1.0500000000000043,-0.3420000000000023,0.2159999999999762,-0.6779999999999653,-0.6720000000000059,-1.2780000000000058,
0.23789999999999978,0.5718999999999994,1.0520999999999994,1.0847999999999995,-0.9449000000000005,0.4112999999999998,-0.5540000000000003,-0.26619999999999955,0.1814,1.1643,-0.15600000000000946,-0.716999999999981,-0.6179999999999986,-0.7589999999999897,-1.958999999999964,-0.782999999999987,-0.25199999999997225,-1.7640000000000189,-1.0799999999999876,-1.4069999999999983,
0.23269999999999946,0.548,1.0594999999999999,1.0314999999999994,-0.2090999999999994,0.3852000000000002,-0.5623999999999993,0.14540000000000042,-0.3250000000000002,1.3688000000000002,-0.7439999999999714,-0.49500000000001876,-0.7200000000000273,-0.03900000000001569,-0.5010000000000048,-0.5370000000000275,0.09599999999998943,-0.7080000000000286,-0.8519999999999861,-2.3850000000000104,
0.20790000000000042,0.5314999999999994,1.035499999999999,1.030199999999999,-0.22579999999999956,0.3672999999999993,-0.5591999999999997,0.12179999999999946,-0.3533999999999997,1.2893,-0.3090000000000259,-0.03599999999996939,-0.49499999999996547,0.12000000000004007,-0.0840000000000174,-0.365999999999973,0.11099999999998111,-0.28199999999998226,-0.1049999999999951,-2.2740000000000027,
0.19759999999999955,0.5303000000000004,1.0190000000000001,1.0342000000000002,-0.22860000000000014,0.3551000000000002,-0.5555000000000003,0.11240000000000006,-0.35689999999999955,1.2134999999999998,0.0870000000000104,-0.6690000000000396,-0.28800000000002157,0.19799999999996487,0.11099999999995447,-0.27000000000001023,0.3390000000000093,0.3119999999999923,-0.7260000000000133,-0.8310000000000084,
0.2004999999999999,0.5079999999999991,1.0093999999999994,1.040799999999999,-0.22490000000000165,0.34609999999999985,-0.5442,0.1227999999999998,-0.3811,1.1857999999999995,-0.1259999999999728,5.3290705182007514E-14,0.07200000000004536,-0.05399999999998073,-0.2069999999999439,0.05100000000001437,2.6645352591003757E-14,-0.008999999999979025,0.12000000000001343,-0.11999999999998678,
0.1963000000000008,0.5080000000000009,1.011800000000001,1.0389999999999997,-0.23179999999999978,0.34780000000000033,-0.5441999999999991,0.1225000000000005,-0.37709999999999955,1.1818,-0.4740000000000144,-0.18900000000003914,-0.5490000000000528,-0.023999999999997357,-0.14700000000003044,-0.05999999999999339,0.03899999999998904,-0.07200000000001872,-0.00900000000000567,-1.23899999999999,
0.18050000000000033,0.5016999999999996,0.9934999999999992,1.0381999999999998,-0.2367000000000008,0.34580000000000055,-0.5428999999999995,0.12009999999999987,-0.37739999999999974,1.1405000000000003,-0.32399999999999096,-0.8789999999999765,-1.037999999999979,0.5400000000000205,-0.1709999999999745,-0.5340000000000344,0.8609999999999651,-0.3420000000000023,0.11100000000000776,-1.260000000000021,
0.16970000000000063,0.4724000000000004,0.9588999999999999,1.0562000000000005,-0.24239999999999995,0.3279999999999994,-0.5142000000000007,0.1086999999999998,-0.3736999999999995,1.0984999999999996,-0.3090000000000259,-0.1320000000000121,-0.771000000000015,-0.06600000000000605,-0.3449999999999953,-0.05999999999996675,0.8310000000000084,0.3990000000000027,-0.035999999999996035,-0.3479999999999883,
0.15939999999999976,0.46799999999999997,0.9331999999999994,-0.2538999999999998,1.0540000000000003,0.3260000000000005,-0.4865000000000004,0.12199999999999989,1.0869,-0.37489999999999934,-0.2549999999999919,-1.1279999999999824,-0.8069999999999311,-0.9329999999999572,-0.705000000000009,-0.43500000000002537,0.2190000000000225,-0.24300000000001987,-0.5160000000000231,-0.10500000000002174,
0.15090000000000003,0.43040000000000056,0.9063000000000017,1.0305,0.3709000000000007,0.31149999999999967,-0.4791999999999996,0.11389999999999922,-0.37840000000000007,1.0336999999999996,0.03900000000001569,-0.4679999999999751,-1.0140000000000349,-0.4199999999999804,-0.8309999999999818,0.22800000000002818,1.460999999999979,0.4830000000000201,0.13800000000002477,-0.8249999999999691,
0.15220000000000056,0.4148000000000014,0.8725000000000005,0.3432000000000013,1.0165000000000006,0.3191000000000006,-0.4305000000000003,0.1299999999999999,1.0062000000000006,-0.37379999999999924,0.329999999999977,0.4979999999999585,0.20099999999995788,0.21899999999996922,0.11399999999994748,-0.7500000000000107,-1.0439999999999916,-0.7980000000000054,-0.6660000000000199,-0.1890000000000125,
0.1631999999999998,0.4314,0.8791999999999991,0.35050000000000026,-0.3039000000000005,0.29410000000000025,-0.46530000000000005,0.10339999999999971,0.984,1.0404999999999998,-1.0710000000000086,-0.8729999999999905,-1.0769999999999946,-1.1249999999999893,-1.0769999999999946,0.2850000000000019,0.8550000000000058,0.29700000000002724,-1.142999999999974,-0.14699999999997715,
0.1274999999999995,0.4023000000000003,0.8432999999999993,0.3130000000000006,1.0091999999999999,0.3036000000000003,-0.43679999999999986,0.11330000000000062,0.9459000000000009,-0.37710000000000043,-1.4069999999999716,-1.037999999999979,-2.2619999999999507,-1.8240000000000123,-1.0289999999999466,0.02399999999997071,1.0619999999999763,0.6149999999999789,-1.5210000000000257,0.09299999999999642,
0.08060000000000045,0.367700000000001,0.7679000000000009,0.2522000000000002,-0.37849999999999895,0.30439999999999934,-0.40140000000000065,0.13379999999999992,0.8952,0.9619999999999997,0.19199999999997885,0.0029999999999397176,-0.7470000000000176,-0.6630000000000003,-0.7980000000000587,0.8670000000000044,0.5160000000000231,0.47399999999998776,-0.8970000000000145,-1.131000000000002,
0.08699999999999974,0.367799999999999,0.7430000000000003,0.2301000000000002,-0.4051000000000009,0.3332999999999995,-0.3841999999999999,0.1495999999999995,0.8652999999999995,0.9242999999999997,0.012000000000025324,0.11100000000006105,-1.0050000000000026,-0.6209999999999916,-0.659999999999954,0.07800000000000473,0.8759999999999835,0.5220000000000091,-0.4469999999999974,-0.8249999999999957,
0.08740000000000059,0.37150000000000105,0.7095000000000002,0.20940000000000047,-0.42709999999999937,0.33589999999999964,-0.3550000000000004,0.16699999999999982,0.8503999999999996,0.8967999999999998,-0.22500000000006182,-0.2700000000000635,-0.41700000000004067,-0.45600000000005636,-0.9120000000000594,-0.30300000000001326,0.7650000000000023,0.1649999999999885,-0.8609999999999918,-0.9959999999999969,
0.07989999999999853,0.36249999999999893,0.6955999999999989,0.1941999999999986,-0.45750000000000135,0.3257999999999992,-0.32950000000000035,0.17249999999999943,0.8216999999999999,0.8635999999999999,0.2580000000000915,0.5910000000000615,0.29100000000006787,0.2160000000000828,-0.005999999999932726,0.2550000000000452,-0.44399999999997775,-0.11699999999996713,-0.33299999999999663,0.0030000000000196536,
0.08850000000000158,0.382200000000001,0.7053000000000011,0.20140000000000136,-0.4576999999999991,0.3343000000000007,-0.3442999999999996,0.16860000000000053,0.8106,0.8637000000000006,-0.02100000000005764,-0.23700000000003385,-0.9900000000000375,-0.9300000000000708,-0.768000000000022,0.29399999999998094,1.131000000000002,0.6899999999999906,0.31800000000000495,-0.3720000000000123,
0.08779999999999966,0.37429999999999986,0.6722999999999999,0.170399999999999,-0.48329999999999984,0.3441000000000001,-0.30659999999999954,0.19160000000000021,0.8212000000000002,0.8513000000000002,0.8850000000000158,0.22200000000001552,-1.2419999999999831,-0.7019999999999627,-1.103999999999985,0.18000000000000682,1.139999999999981,0.11100000000000776,-0.8819999999999961,0.07500000000001172,
0.11730000000000018,0.3817000000000004,0.6309000000000005,0.14700000000000024,0.9289000000000005,0.3501000000000003,-0.26860000000000017,0.19530000000000047,0.7918000000000003,-0.2972999999999999,0.5670000000000108,-0.13500000000000512,-0.48599999999998644,-0.7619999999999827,-0.5550000000000388,0.356999999999994,1.5090000000000003,0.680999999999985,0.2519999999999989,1.1579999999999924,
0.13620000000000054,0.3772000000000002,0.6147000000000009,0.12160000000000082,0.9103999999999992,0.3620000000000001,-0.21830000000000016,0.21799999999999997,0.8002000000000002,-0.25870000000000015,0.2879999999999683,0.10199999999997544,-0.045000000000054996,-0.18600000000004613,-0.24300000000001987,-0.1470000000000038,0.49800000000001177,-0.05999999999999339,-0.44700000000002404,0.13500000000000512,
0.14579999999999949,0.3805999999999994,0.6131999999999991,0.11539999999999928,0.9022999999999985,0.3571,-0.20169999999999977,0.2160000000000002,0.7852999999999994,-0.2542,0.2639999999999709,0.20400000000000418,-0.15300000000001646,-0.2190000000000225,-0.18299999999999983,-0.12000000000001343,0.7949999999999857,0.07199999999999207,-0.15899999999997583,0.13500000000000512,
0.15459999999999852,0.3873999999999995,0.6080999999999985,0.10809999999999853,0.8961999999999986,0.3530999999999995,-0.17520000000000024,0.21839999999999993,0.7800000000000002,-0.2496999999999998,-0.19499999999997186,-0.14400000000003743,-0.03299999999997638,-0.32099999999999795,-0.0809999999999711,0.02700000000001701,-0.36599999999999966,0.006000000000012662,-0.45600000000000307,-0.13500000000000512,
0.14809999999999945,0.3825999999999983,0.6069999999999993,0.0973999999999986,0.8934999999999995,0.3540000000000001,-0.18740000000000023,0.21860000000000035,0.7648000000000001,-0.2542,-0.05399999999998073,0.32700000000003726,0.2910000000000146,-0.43499999999994543,-0.14399999999998414,-0.4349999999999987,0.2910000000000146,-0.16800000000000814,-0.5460000000000065,-0.0629999999999864,
0.1463000000000001,0.3934999999999995,0.6166999999999998,0.08290000000000042,0.8887,0.33950000000000014,-0.17769999999999975,0.21300000000000008,0.7465999999999999,-0.25629999999999953,-1.23899999999999,0.9480000000000288,0.5790000000000362,-0.1320000000000121,-0.0840000000000174,0.06899999999999906,0.22199999999998887,-0.2940000000000076,-1.2900000000000045,-0.07500000000001172,
0.10500000000000043,0.4251000000000005,0.636000000000001,0.07850000000000001,0.8858999999999995,0.3418000000000001,-0.17030000000000012,0.20319999999999983,0.7035999999999998,-0.2587999999999999,-0.9060000000000201,0.3330000000000233,0.2159999999999762,-0.9269999999999712,-0.14999999999997016,-0.6330000000000169,-0.07800000000000473,-0.5999999999999872,-1.3470000000000049,-0.6360000000000099,
0.07479999999999976,0.43620000000000125,0.047600000000000975,0.6432000000000002,0.8809000000000005,0.32069999999999954,-0.17290000000000028,0.6586999999999996,0.18320000000000025,-0.28000000000000025,0.5190000000000161,0.6029999999999802,-0.1740000000000208,0.7950000000000124,0.40199999999996905,-0.011999999999972033,0.13800000000002477,-0.29999999999996696,-0.1499999999999968,-0.29399999999998094,
0.09210000000000029,0.4563000000000006,0.04180000000000028,0.6697000000000006,0.8942999999999994,0.3203000000000005,-0.16829999999999945,0.6487000000000007,0.17820000000000036,-0.2897999999999996,-1.1160000000000103,-0.27000000000001023,-0.9660000000000402,-0.35700000000002063,-0.8850000000000158,0.19799999999999152,0.33899999999998265,-0.21000000000001684,-0.01800000000001134,0.07199999999999207,
0.05489999999999995,0.44730000000000025,0.009599999999998943,0.6577999999999999,0.8647999999999989,0.3269000000000002,-0.15700000000000003,0.6417000000000002,0.17759999999999998,-0.2873999999999999,0.07499999999998508,0.05099999999998772,0.0,-0.08100000000002439,0.11700000000004707,-0.054000000000007375,0.03600000000002268,0.00900000000000567,-0.0059999999999860165,0.13500000000000512,
0.05739999999999945,0.44899999999999984,0.009599999999998943,0.6550999999999991,0.8687000000000005,0.32509999999999994,-0.15579999999999927,0.6420000000000003,0.17740000000000045,-0.2828999999999997,-0.9689999999999799,-0.0809999999999711,-0.8759999999999835,-0.026999999999990365,-0.36300000000000665,-0.11399999999997412,0.14399999999998414,0.1920000000000055,0.2879999999999949,-0.09599999999998943,
0.025100000000000122,0.4463000000000008,-0.019600000000000506,0.6541999999999994,0.8566000000000003,0.3213000000000008,-0.1509999999999998,0.6484000000000005,0.18700000000000028,-0.28609999999999935,-1.9829999999999615,-0.1710000000000278,-2.1269999999999456,-0.6239999999999846,-1.2599999999999945,-0.49200000000002575,0.04499999999997506,0.07499999999998508,0.05099999999998772,-0.4200000000000337,
-0.04099999999999859,0.4405999999999999,-0.09049999999999869,0.6334,0.8146000000000004,0.30489999999999995,-0.14950000000000063,0.6509,0.18869999999999987,-0.3001000000000005,-1.473000000000031,-0.2159999999999762,-0.31500000000001194,0.09600000000004272,-0.2940000000000076,-0.6899999999999906,-0.6389999999999763,-0.08399999999999075,-0.24599999999998623,-0.8039999999999914,
-0.09009999999999962,0.4334000000000007,-0.10099999999999909,0.6366000000000014,0.8048000000000002,0.28190000000000026,-0.17079999999999984,0.6481000000000003,0.18050000000000033,-0.3269000000000002,-1.3289999999999935,-0.06899999999999906,-1.0769999999999946,-0.49800000000001177,-0.2549999999999919,0.2400000000000002,0.2549999999999919,0.4619999999999891,0.2850000000000019,-0.035999999999996035,
-0.1343999999999994,0.4311000000000007,0.620000000000001,-0.1368999999999989,0.7963000000000005,0.28990000000000027,-0.1623000000000001,0.1900000000000004,0.6635,-0.32810000000000006,-1.6259999999999941,-0.48600000000003973,-0.6420000000000492,-1.4460000000000406,-0.44400000000003104,0.36899999999999267,0.3240000000000176,0.8550000000000058,1.485000000000003,0.46500000000000874,
-0.1885999999999992,0.4148999999999994,0.5985999999999994,-0.18510000000000026,0.7814999999999994,0.3022,-0.15149999999999952,0.21850000000000058,0.7130000000000001,-0.31259999999999977,-0.2160000000000295,0.23399999999998755,-0.03900000000001569,-0.06899999999999906,0.011999999999972033,0.1470000000000038,0.11999999999998678,-0.22200000000001552,-0.24900000000000588,-0.057000000000000384,
-0.1958000000000002,0.42269999999999897,0.5972999999999988,-0.18740000000000023,0.7818999999999985,0.30710000000000015,-0.14749999999999996,0.21110000000000007,0.7046999999999999,-0.3144999999999998,-1.3470000000000049,-0.728999999999953,-0.4979999999999585,-1.4370000000000083,-0.35999999999996035,-0.18299999999999983,0.045000000000001705,0.3720000000000123,1.2090000000000067,0.06899999999999906,
-0.24070000000000036,0.39840000000000053,0.5807000000000002,-0.2353000000000005,0.7698999999999998,0.30100000000000016,-0.1459999999999999,0.22350000000000048,0.7450000000000001,-0.3121999999999998,-2.5439999999999863,-0.4650000000000354,-0.6090000000000195,-2.198999999999991,-0.23699999999998056,-0.035999999999996035,-0.06600000000000605,0.8910000000000018,2.190000000000012,0.4949999999999921,
0.38289999999999935,-0.3254999999999999,0.5603999999999996,0.7620000000000005,0.3214000000000006,-0.1482000000000001,0.2998000000000003,0.25320000000000054,-0.2957000000000001,0.7965,-0.03299999999997638,-1.2149999999999928,-0.6780000000000186,-0.28200000000003556,0.19499999999997186,-0.08099999999999774,-0.08099999999999774,0.32399999999999096,0.7530000000000037,-0.359999999999987,
0.38180000000000014,-0.36599999999999966,0.537799999999999,0.7525999999999993,0.32789999999999964,-0.15090000000000003,0.29710000000000036,0.26400000000000023,-0.27059999999999995,0.7845000000000004,-0.40500000000001535,-0.8009999999999984,-0.3899999999999437,-0.11999999999998678,-0.22500000000000853,0.1740000000000208,-0.2850000000000019,0.11699999999999378,0.6330000000000169,-0.6150000000000055,
0.3682999999999996,-0.3926999999999996,0.5248000000000008,0.7485999999999997,0.32039999999999935,-0.14509999999999934,0.2876000000000003,0.2679,-0.2494999999999994,0.7640000000000002,-0.32099999999999795,-0.5250000000000021,-0.0840000000000174,0.4139999999999944,0.24000000000002686,0.32399999999999096,0.11699999999999378,0.9600000000000009,0.9269999999999978,-0.2669999999999906,
0.3575999999999997,-0.4101999999999997,0.5220000000000002,0.7623999999999995,0.32840000000000025,-0.13429999999999964,0.2915000000000001,0.29990000000000006,-0.21859999999999946,0.7551000000000005,-0.14399999999998414,0.05099999999998772,-0.006000000000039307,-0.06300000000001305,0.045000000000001705,-0.21300000000000985,-0.2069999999999972,-0.02100000000000435,-0.1920000000000055,-0.09900000000000908,
0.3528000000000002,-0.4085000000000001,0.5217999999999989,0.7602999999999991,0.3299000000000003,-0.14139999999999997,0.2846000000000002,0.2991999999999999,-0.22499999999999964,0.7518000000000002,0.03900000000001569,-0.8099999999999774,-0.45299999999995677,-0.06599999999995276,-0.2940000000000076,0.4469999999999974,-0.035999999999996035,0.7170000000000076,0.9719999999999995,-0.2099999999999902,
0.35410000000000075,0.5067000000000004,0.7581000000000007,0.32010000000000005,0.7439999999999998,-0.12650000000000006,0.32310000000000016,-0.19259999999999966,0.7448000000000006,0.5814000000000004,-0.24600000000001288,-0.48900000000003274,0.713999999999988,0.06300000000001305,0.7470000000000176,0.1470000000000038,0.8340000000000014,1.1129999999999907,-0.3960000000000097,0.9149999999999991,
0.3459000000000003,0.4903999999999993,0.7819000000000003,0.3222000000000005,0.7689000000000004,-0.12159999999999993,0.3509000000000002,-0.15549999999999997,0.7316000000000003,0.6119000000000003,-0.49200000000002575,-0.2849999999999753,0.2879999999999683,-0.36599999999999966,-0.1260000000000261,0.13799999999999812,0.5609999999999982,0.738000000000012,-0.14400000000001079,0.44399999999997775,
0.32949999999999946,0.4809000000000001,0.3100000000000005,0.7914999999999992,0.7646999999999995,-0.11699999999999999,0.36960000000000015,0.7267999999999999,-0.13089999999999957,0.6266999999999996,0.32400000000004425,-0.3509999999999813,-0.9029999999999738,0.21000000000004349,-0.10499999999996845,-0.25500000000001855,-0.09600000000001607,-0.31200000000001893,-0.48900000000003274,0.23099999999999454,
0.34030000000000094,0.4692000000000007,0.27990000000000137,0.7985000000000007,0.7612000000000005,-0.1255000000000006,0.3663999999999996,0.7163999999999993,-0.14720000000000066,0.6343999999999994,-0.9360000000000568,-0.2190000000000225,-0.48900000000003274,0.08999999999995012,-0.07500000000003837,-0.5429999999999868,-0.2129999999999832,-0.8849999999999625,-0.2579999999999849,-0.7799999999999674,
0.30909999999999904,0.4619,0.2636000000000003,0.801499999999999,0.7586999999999993,-0.14360000000000017,0.3593000000000002,0.6869000000000005,-0.15580000000000016,0.6084000000000005,0.8850000000000158,0.5399999999999672,0.3059999999999796,0.2549999999999919,0.6060000000000265,0.36899999999999267,0.5159999999999965,0.6599999999999806,0.8489999999999931,0.4619999999999891,
0.33859999999999957,0.4798999999999989,0.2737999999999996,0.8099999999999987,0.7789000000000001,-0.13130000000000042,0.37650000000000006,0.7088999999999999,-0.1275000000000004,0.6238000000000001,-0.4260000000000197,-0.3509999999999813,-0.6719999999999793,0.0840000000000174,-0.5340000000000344,-0.5999999999999872,-0.02100000000000435,-0.48599999999998644,-0.4169999999999874,-0.351000000000008,
0.3243999999999989,0.4681999999999995,0.2514000000000003,0.8127999999999993,0.761099999999999,-0.1513,0.3757999999999999,0.6927000000000003,-0.14139999999999997,0.6120999999999999,0.6780000000000719,0.8520000000000394,-0.5639999999999645,1.1610000000000653,0.9690000000000332,0.8129999999999971,-0.09000000000000341,-0.354000000000001,0.0,0.14400000000001079,
0.3470000000000013,0.4966000000000008,0.23260000000000147,0.8515000000000015,0.7934000000000001,-0.12420000000000009,0.3727999999999998,0.6809000000000003,-0.14139999999999997,0.6169000000000002,0.44699999999997075,0.49199999999997246,-0.2610000000000312,0.4769999999999541,0.15900000000000247,-0.1649999999999885,0.07500000000001172,-0.24900000000000588,0.01800000000001134,0.42000000000000703,
0.36190000000000033,0.5129999999999999,0.22390000000000043,0.8674,0.7987000000000002,-0.1296999999999997,0.3753000000000002,0.6726000000000001,-0.1407999999999996,0.6309000000000005,1.2510000000000154,0.6330000000000169,0.3809999999999647,1.1219999999999963,0.8910000000000018,0.26399999999999757,0.5429999999999868,0.27000000000001023,0.4079999999999817,0.0059999999999860165,
0.40360000000000085,0.5341000000000005,0.23659999999999926,0.9047999999999998,0.8284000000000002,-0.12089999999999979,0.39339999999999975,0.6816000000000004,-0.1272000000000002,0.6311,0.8579999999999721,0.6539999999999679,0.09000000000000341,0.8309999999999818,1.1279999999999824,0.42300000000000004,0.5399999999999938,0.15899999999997583,0.27300000000000324,0.30600000000000627,
0.4321999999999999,0.5558999999999994,0.23959999999999937,0.9324999999999992,0.8659999999999997,-0.10679999999999978,0.41139999999999954,0.6868999999999996,-0.1181000000000001,0.6413000000000002,-0.5940000000000012,-0.6659999999999933,-0.5339999999999812,-0.5939999999999479,-0.20099999999995788,-0.1499999999999968,-0.5429999999999868,-0.2879999999999949,-0.4440000000000044,0.035999999999996035,
0.4123999999999999,0.5336999999999996,0.2218,0.912700000000001,0.8593000000000011,-0.11179999999999968,0.3933,0.6772999999999998,-0.13290000000000024,0.6425000000000001,1.2060000000000137,0.49500000000001876,0.0389999999999624,0.8189999999999564,0.4289999999999594,-0.06899999999999906,0.36300000000000665,0.17100000000000115,0.01800000000001134,0.19799999999999152,
0.45260000000000034,0.5502000000000002,0.22309999999999874,0.9399999999999995,0.8735999999999997,-0.11409999999999965,0.4054000000000002,0.6829999999999998,-0.13229999999999986,0.6490999999999998,1.883999999999979,1.106999999999978,-0.7019999999999627,1.6890000000000072,1.9799999999999685,-0.06899999999999906,0.6299999999999972,0.22500000000000853,0.3420000000000023,0.7080000000000286,
0.5153999999999996,0.1997,0.5870999999999995,0.9962999999999997,0.9395999999999987,-0.11639999999999961,0.6905000000000001,0.4264000000000001,-0.12089999999999979,0.6727000000000007,1.029,-0.1649999999999885,0.7559999999999967,0.9060000000000201,0.5880000000000152,0.8129999999999704,0.4800000000000004,1.070999999999982,0.5489999999999995,0.8699999999999708,
0.5496999999999996,0.19420000000000037,0.6122999999999994,1.0265000000000004,0.9591999999999992,-0.0893000000000006,0.7065000000000001,0.4620999999999995,-0.1025999999999998,0.7016999999999998,1.5060000000000073,-0.8850000000000158,1.5210000000000257,1.358999999999977,0.6870000000000509,0.6299999999999972,0.3119999999999923,0.9810000000000052,0.6719999999999793,1.0380000000000056,
0.5998999999999999,0.16469999999999985,0.6630000000000003,1.0717999999999996,1.1710999999999991,-0.0683000000000007,0.7168999999999999,0.4947999999999997,-0.0802000000000005,0.3346999999999998,1.2720000000000198,-0.18299999999999983,0.8190000000000097,0.9419999999999895,0.759000000000043,-0.24599999999995958,-0.32099999999999795,0.6240000000000112,0.4560000000000297,0.37500000000000533,
0.6423000000000005,0.15859999999999985,0.6903000000000006,1.1031999999999993,1.1964000000000006,-0.07649999999999935,0.7061999999999999,0.5156000000000001,-0.0649999999999995,0.34719999999999995,-0.16500000000004178,-0.15600000000000946,-0.15900000000005576,-0.10500000000002174,0.14699999999997715,0.11399999999997412,0.22199999999998887,0.03300000000000303,0.39899999999997604,0.23699999999998056,
0.6367999999999991,0.15339999999999954,0.6849999999999987,1.0996999999999986,1.2012999999999998,-0.07270000000000021,0.7135999999999996,0.5167000000000002,-0.0517000000000003,0.3550999999999993,0.9600000000000541,-0.19799999999996487,0.822000000000056,1.1790000000000767,0.6780000000000186,-0.11100000000000776,-1.0079999999999956,0.07499999999998508,0.12000000000001343,0.11100000000000776,
