-0.03550000000000075,0.13179999999999925,-0.03340000000000032,-1.0705,-0.8023000000000007,-0.4057000000000004,1.0024999999999995,-1.0765000000000002,0.4652000000000003,-1.1054000000000004,0.18000000000003347,0.03300000000002967,-0.5429999999999868,-0.15899999999997583,-0.5819999999999759,0.19800000000001816,0.5340000000000078,0.6600000000000072,0.23699999999998056,-0.05700000000002703,
-0.029499999999999638,0.13290000000000024,-0.05149999999999988,-1.0757999999999992,-0.8216999999999999,-0.3990999999999998,1.0202999999999998,-1.0545,0.47309999999999963,-1.1073000000000013,0.21899999999999586,0.6239999999999846,0.1049999999999951,-2.6645352591003757E-14,0.05399999999998073,-0.09900000000000908,0.32099999999999795,0.2279999999999749,-0.15600000000000946,-0.053999999999954085,
-0.022199999999999775,0.15369999999999973,-0.04800000000000004,-1.0758,-0.8199000000000005,-0.4024000000000001,1.0309999999999997,-1.0469000000000008,0.4678999999999993,-1.1090999999999998,0.047999999999994714,-0.2129999999999832,-0.3300000000000036,-0.13499999999997847,-0.1529999999999898,0.29699999999997395,0.4589999999999961,0.46500000000000874,0.2370000000000072,0.2669999999999906,
-0.02059999999999995,-0.05900000000000016,0.14660000000000029,-1.0802999999999994,-0.8250000000000002,-0.39250000000000096,-1.0314000000000005,1.0462999999999996,0.47579999999999956,-1.1002,-0.00900000000000567,-0.05099999999998772,0.34199999999997566,-0.024000000000024002,-0.03300000000000303,0.09600000000004272,0.12300000000003308,0.057000000000000384,0.0420000000000087,-0.05699999999997374,
-0.02090000000000014,-0.060699999999999754,0.15799999999999947,-1.0811000000000002,-0.8261000000000003,-0.38929999999999954,-1.0272999999999994,1.0481999999999996,0.47719999999999985,-1.1020999999999992,0.2850000000000019,0.2729999999999766,0.1470000000000038,0.026999999999990365,0.029999999999983373,0.17999999999995353,0.22199999999996223,0.5069999999999908,0.20099999999998452,0.2039999999999509,
-0.011400000000000077,-0.051600000000000534,0.1628999999999996,-1.0802000000000005,-0.8251000000000008,-0.3833000000000011,-1.0199000000000007,1.0650999999999993,0.48389999999999933,-1.0953000000000008,0.07499999999998508,-0.09599999999998943,0.011999999999998678,-0.0629999999999864,-0.09299999999996977,0.2400000000000535,0.5010000000000314,0.48000000000002707,0.3090000000000259,0.25200000000002554,
-0.008900000000000574,-0.05480000000000018,0.16329999999999956,-1.0823,-0.8281999999999998,-0.3752999999999993,-1.0031999999999996,1.0811000000000002,0.4942000000000002,-1.0869,0.44700000000002404,-0.21899999999999586,0.37500000000000533,-0.1499999999999968,-0.2850000000000019,0.689999999999964,1.1099999999999977,1.5060000000000073,0.782999999999987,0.8940000000000214,
0.006000000000000227,-0.062100000000000044,0.17579999999999973,-1.0873,-0.8376999999999999,-0.3523000000000005,-0.9661999999999997,1.1313000000000004,0.5202999999999998,-1.0570999999999993,0.774000000000008,0.023999999999997357,-0.22499999999998188,-0.035999999999996035,-0.3720000000000123,0.17399999999999416,0.33899999999998265,0.2609999999999779,0.047999999999994714,0.29699999999997395,
0.031800000000000495,-0.06130000000000013,0.16830000000000034,-1.0884999999999998,-0.8501000000000003,-0.3465000000000007,-0.9549000000000003,1.1399999999999997,0.5218999999999996,-1.0472000000000001,0.3209999999999713,-0.035999999999996035,0.2129999999999832,-0.13500000000000512,-0.27300000000000324,0.5220000000000091,0.49500000000001876,0.7860000000000067,0.3119999999999923,0.39299999999999,
0.04249999999999954,-0.0625,0.17539999999999978,-1.093,-0.8592000000000004,-0.3291000000000004,-0.9383999999999997,1.1662,0.5322999999999993,-1.0341000000000005,-0.05999999999999339,-0.03300000000000303,-0.22199999999998887,0.03300000000000303,-0.05999999999999339,0.0420000000000087,-0.23099999999999454,-0.3029999999999866,-0.020999999999977703,-0.14399999999998414,
0.04049999999999976,-0.0636000000000001,0.16800000000000015,-1.0918999999999999,-0.8612000000000002,-0.3277000000000001,-0.9460999999999995,1.1561000000000003,0.5316000000000001,-1.0389,0.351000000000008,0.03000000000001002,0.12599999999999945,-0.2400000000000002,-0.39899999999997604,0.732000000000026,1.1639999999999784,0.6810000000000116,0.8880000000000088,0.743999999999998,
0.052200000000000024,-0.06259999999999977,0.17220000000000013,-1.0998999999999999,-0.8744999999999994,-0.30329999999999924,-0.9073000000000002,1.1788000000000007,0.5612000000000004,-1.0141,0.13499999999997847,0.16199999999999548,0.04199999999998205,0.12599999999999945,-0.09300000000002306,0.6239999999999846,0.15900000000000247,0.27300000000000324,0.057000000000000384,0.2519999999999989,
0.056699999999999307,-0.05719999999999992,0.17359999999999953,-1.0957,-0.8776000000000002,-0.28249999999999975,-0.9020000000000001,1.1879000000000008,0.5631000000000004,-1.0057,1.3560000000000105,1.067999999999989,1.0980000000000256,0.3960000000000097,0.354000000000001,1.5990000000000038,1.5930000000000177,0.9329999999999838,1.5449999999999964,1.1310000000000286,
0.10189999999999966,-0.021600000000000286,0.2102000000000004,-1.0824999999999996,-0.8658000000000001,-0.22919999999999963,-0.8488999999999995,1.2190000000000003,0.6146000000000003,-0.9679999999999991,1.0350000000000126,0.6270000000000042,0.708000000000002,0.1499999999999968,0.49500000000001876,0.2639999999999709,-0.16500000000001513,0.2879999999999683,0.6089999999999929,0.365999999999973,
0.13640000000000008,-7.00000000000145E-4,-1.0774999999999997,0.23380000000000045,-0.8492999999999995,-0.2204000000000006,-0.8544,0.6349,1.2285999999999992,-0.9558,1.0769999999999946,1.1790000000000234,0.743999999999998,0.5340000000000078,0.8910000000000018,0.5220000000000358,0.5549999999999855,0.4860000000000131,0.2310000000000212,0.5670000000000108,
0.1722999999999999,0.038600000000000634,-1.0526999999999997,-0.8195999999999994,0.2516000000000007,-0.2029999999999994,-0.8359000000000005,0.6511000000000005,-0.9368999999999996,1.2363,-0.6570000000000142,-0.3960000000000363,-0.19500000000002515,-0.5070000000000174,-0.18000000000003347,-2.6645352591003757E-14,0.2099999999999902,0.03299999999997638,-0.02100000000000435,-0.1949999999999985,
0.15039999999999942,0.025399999999999423,-1.0592000000000006,0.2455999999999996,-0.8365,-0.2030000000000003,-0.8289000000000009,0.6521999999999997,1.2298,-0.9375999999999998,1.023000000000014,1.3140000000000018,0.4800000000000004,1.0529999999999973,1.0799999999999876,-0.3479999999999883,-0.25499999999996525,-0.16800000000000814,-0.2820000000000089,-0.04800000000002136,
0.1844999999999999,0.06919999999999948,-1.0432000000000006,-0.8005000000000004,0.2806999999999995,-0.2145999999999999,-0.8373999999999997,0.6465999999999994,-0.9392000000000005,1.2203999999999997,0.9240000000000048,1.3890000000000136,0.48000000000002707,1.023000000000014,1.4610000000000323,-0.2370000000000072,-0.10200000000000209,-0.11400000000000077,0.017999999999984695,-0.36599999999999966,
0.21530000000000005,0.11549999999999994,-1.0271999999999997,-0.7664,0.3294000000000006,-0.22250000000000014,-0.8407999999999998,0.6427999999999994,-0.938600000000001,1.2081999999999997,1.7609999999999992,3.105000000000011,1.3079999999999892,2.384999999999984,2.1779999999999866,-1.4459999999999873,-0.6359999999999832,-0.9299999999999642,0.5190000000000428,-1.5419999999999767,
0.274,0.2190000000000003,-0.6869000000000005,-0.9836,0.40200000000000014,-0.2706999999999997,-0.8619999999999992,-0.9212999999999996,0.6118000000000006,1.1568000000000005,0.30600000000000627,0.8909999999999751,1.4340000000000153,0.21899999999999586,1.2479999999999958,-0.6659999999999933,-0.1770000000000138,0.36599999999999966,-0.6510000000000016,-0.6480000000000086,
0.28420000000000023,0.24869999999999948,-0.6391,-0.9763000000000002,0.4436,-0.2928999999999995,-0.8678999999999997,-0.9090999999999996,0.5901000000000005,1.1352000000000002,0.8849999999999891,1.6500000000000181,1.3379999999999992,0.5519999999999925,1.1430000000000007,-1.647000000000025,-1.1789999999999967,-0.22200000000004216,-1.7460000000000342,-1.4340000000000153,
0.31369999999999987,0.3037000000000001,-0.5945,-0.9579000000000004,0.4817,-0.34780000000000033,-0.9071999999999996,-0.916500000000001,0.5318999999999994,1.0873999999999997,0.27599999999999625,0.5519999999999925,0.22499999999998188,0.2549999999999919,0.33299999999999663,0.384000000000011,0.774000000000008,0.5760000000000431,0.19200000000003214,0.3420000000000023,
0.32289999999999974,0.32209999999999983,-0.5870000000000006,-0.9494000000000007,0.4927999999999999,-0.33499999999999996,-0.8813999999999993,-0.8972999999999995,0.5383000000000004,1.0987999999999998,0.30600000000000627,1.2479999999999958,0.9390000000000231,0.5370000000000275,1.2479999999999958,-1.3650000000000162,-0.735000000000019,0.020999999999977703,-1.8480000000000096,-0.9899999999999842,
0.33309999999999995,0.3636999999999997,-0.9314999999999998,-0.5556999999999999,0.5343999999999998,-0.3805000000000005,-0.9058999999999999,0.4767000000000001,-0.8966000000000003,1.0658000000000003,0.779999999999994,1.3470000000000049,0.45600000000000307,1.0529999999999973,0.9210000000000118,-0.6779999999999919,-0.43799999999999173,-1.3379999999999992,0.27899999999998926,-1.0320000000000196,
0.35909999999999975,0.40859999999999985,-0.9162999999999997,-0.5206,0.5651000000000002,-0.40310000000000024,-0.9204999999999997,0.43210000000000015,-0.8873000000000006,1.0313999999999997,1.4850000000000296,3.246000000000002,0.8369999999999944,2.466000000000008,2.394000000000016,-0.4679999999999751,0.44699999999997075,-1.4010000000000122,2.2950000000000337,-0.5309999999999881,
0.40860000000000074,-0.4383999999999997,-0.8883999999999999,0.5167999999999999,0.6449000000000007,-0.4186999999999994,-0.8107999999999995,0.38539999999999974,-0.9056000000000006,1.0137,1.565999999999974,2.048999999999994,1.6050000000000164,2.1000000000000085,1.6529999999999845,0.17399999999999416,0.7860000000000067,-0.6359999999999832,0.17100000000000115,-0.6929999999999836,
0.4607999999999999,-0.3700999999999999,-0.8348999999999993,0.5868000000000002,0.7000000000000002,-0.4128999999999996,-0.7845999999999993,0.3642000000000003,-0.8999000000000006,0.9906000000000006,0.5700000000000038,0.6269999999999776,-0.12900000000004574,0.7379999999999853,0.48599999999998644,1.424999999999983,1.7940000000000023,0.9299999999999908,1.4940000000000087,0.6539999999999946,
0.4798,-0.3492000000000006,-0.8392000000000008,0.6113999999999997,0.7161999999999997,-0.36540000000000017,-0.7247999999999992,0.3952,-0.8501000000000003,1.0124000000000004,0.12000000000001343,0.006000000000012662,0.3120000000000456,0.31800000000000495,0.1920000000000055,-0.18299999999999983,-0.1890000000000125,-0.20400000000000418,-0.1439999999999575,-0.27000000000001023,
0.48380000000000045,-0.3490000000000002,-0.8287999999999993,0.6219999999999999,0.7225999999999999,-0.37150000000000016,-0.7310999999999996,0.38839999999999986,-0.8548999999999989,1.0034,0.8849999999999891,1.026000000000007,0.48599999999998644,1.128000000000009,0.8009999999999984,1.1609999999999854,1.172999999999984,0.23399999999998755,0.9959999999999702,0.6329999999999902,
0.5133000000000001,-0.31479999999999997,-0.8125999999999998,0.6596000000000002,-0.7477999999999998,-0.33280000000000065,-0.6920000000000002,0.39619999999999944,-0.8216999999999999,-0.9187000000000012,1.449000000000007,0.9930000000000039,0.6209999999999916,1.6680000000000028,1.7669999999999852,1.6530000000000378,1.7549999999999866,1.1760000000000304,1.2870000000000115,2.667000000000046,
0.5616000000000003,-0.28169999999999984,-0.7919,0.7152000000000003,-0.6889000000000003,-0.2776999999999994,-0.6335000000000006,0.43540000000000045,-0.7787999999999995,-0.8297999999999996,1.6409999999999858,1.3289999999999935,0.5759999999999899,1.9200000000000017,1.2930000000000241,1.7879999999999896,1.9050000000000367,0.8399999999999874,1.7370000000000019,1.9079999999999764,
-0.23740000000000006,0.6162999999999998,-0.7727000000000004,-0.6457999999999995,0.7792000000000003,-0.5699999999999994,-0.21809999999999974,0.46340000000000003,-0.7662000000000004,-0.7208999999999994,0.4440000000000044,0.5910000000000082,-0.011999999999972033,0.3809999999999647,0.6089999999999929,0.5669999999999575,0.3059999999999796,-0.414000000000021,1.0139999999999816,-0.1710000000000278,
-0.2225999999999999,0.6360000000000001,-0.7730999999999995,-0.6331000000000007,0.7995000000000001,-0.5511000000000008,-0.20790000000000042,0.44959999999999933,-0.732400000000001,-0.7266000000000004,0.9630000000000205,1.6380000000000194,0.4469999999999974,1.0800000000000143,1.4010000000000122,1.1040000000000116,1.155000000000026,0.8670000000000311,0.9930000000000572,0.9330000000000371,
-0.19049999999999923,0.6906000000000008,-0.7581999999999995,-0.5971000000000002,0.8462000000000005,-0.5143000000000004,-0.16939999999999955,0.47850000000000037,-0.6992999999999991,-0.6954999999999991,-0.19500000000002515,-0.4680000000000284,-0.40200000000002234,0.0,0.09000000000000341,-0.07800000000000473,-0.06900000000002571,-0.417000000000014,-0.22800000000002818,-0.20700000000002383,
-0.19700000000000006,0.6749999999999998,-0.7716000000000003,-0.5971000000000002,0.8492000000000006,-0.5169000000000006,-0.1717000000000004,0.4645999999999999,-0.7069000000000001,-0.7023999999999999,0.6209999999999916,1.48200000000001,0.48299999999999343,0.5850000000000222,1.490999999999989,0.9450000000000092,0.5879999999999885,0.05399999999998073,0.5820000000000025,0.33899999999998265,
-0.17630000000000035,0.7244000000000002,-0.7555000000000005,-0.5775999999999994,0.8989000000000003,-0.4854000000000003,-0.1521000000000008,0.46639999999999926,-0.6875,-0.6911000000000005,0.8940000000000214,1.3529999999999909,0.47399999999998776,0.6749999999999456,1.1999999999999744,0.2069999999999972,0.16200000000002213,-0.4379999999999651,0.43799999999999173,-0.08699999999995711,
-0.14649999999999963,0.7694999999999999,-0.7397000000000009,-0.5551000000000013,0.9388999999999994,-0.47850000000000037,-0.14670000000000005,0.4518000000000004,-0.6729000000000003,-0.6939999999999991,1.0109999999999886,1.5930000000000177,0.5220000000000091,0.8730000000000437,1.6980000000000128,0.5790000000000362,0.36899999999999267,-1.8480000000000096,-0.0029999999999930083,-0.9570000000000078,
-0.11280000000000001,-0.7223000000000006,0.8226000000000004,-0.5259999999999998,0.9954999999999998,-0.45919999999999916,0.3902000000000001,-0.1344000000000003,-0.673,-0.7258999999999993,2.445000000000004,0.8489999999999931,2.0099999999999785,1.7849999999999966,2.229000000000001,0.5219999999999825,-0.09299999999999642,1.1789999999999967,1.5660000000000007,0.2789999999999626,
-0.031299999999999883,-0.4664999999999999,-0.6940000000000008,0.8895999999999997,-0.9998000000000005,-0.44179999999999975,-0.6208,0.3871000000000002,-0.0951000000000004,-0.8030999999999997,1.872000000000007,1.0050000000000026,0.6000000000000405,0.8820000000000228,0.828000000000042,-0.22500000000000853,0.2099999999999902,-0.4320000000000057,-0.17699999999998717,-0.01800000000001134,
0.03110000000000035,-0.43299999999999983,-0.6739999999999995,0.9190000000000005,-0.9721999999999991,-0.44930000000000003,-0.6138000000000003,0.37270000000000003,-0.10099999999999998,-0.8037000000000001,0.4589999999999961,0.3390000000000093,0.5880000000000152,0.7919999999999927,0.49199999999997246,0.19800000000001816,0.5610000000000248,-0.11099999999998111,0.2850000000000019,0.012000000000025324,
0.04640000000000022,-0.4216999999999995,-0.654399999999999,0.9454000000000002,-0.9558,-0.4426999999999994,-0.5950999999999995,0.36900000000000066,-0.09149999999999991,-0.8032999999999992,1.2179999999999858,0.6299999999999706,0.3749999999999787,0.6329999999999902,0.4320000000000057,0.24599999999995958,0.8670000000000044,0.017999999999984695,0.42000000000000703,0.5159999999999698,
0.08699999999999974,-0.4007000000000005,-0.6418999999999997,0.9664999999999999,-0.9413999999999998,-0.4345000000000008,-0.5661999999999994,0.36960000000000015,-0.07749999999999968,-0.7861000000000002,2.3009999999999664,1.559999999999988,1.568999999999967,1.5749999999999797,1.623000000000001,0.6060000000000265,1.6379999999999661,0.2279999999999749,0.33299999999997,0.9419999999999895,
0.16369999999999862,-0.3487000000000009,-0.5896000000000008,1.0189999999999992,-0.8872999999999998,-0.4142999999999999,-0.5116000000000005,0.3771999999999993,-0.06640000000000068,-0.7547000000000006,3.222000000000005,1.559999999999988,1.3079999999999892,1.5420000000000034,1.42199999999999,1.4159999999999773,2.6910000000000434,1.7280000000000229,2.0610000000000195,1.974000000000009,
0.2710999999999988,-0.2967000000000013,-0.5460000000000012,1.0703999999999994,-0.8399000000000001,-0.36710000000000065,-0.42189999999999905,0.4348000000000001,0.0022999999999999687,-0.6889000000000003,1.7220000000000368,0.5610000000000248,0.030000000000036664,0.2549999999999919,0.7709999999999617,0.24299999999999322,1.5539999999999754,-0.39300000000001667,-0.09600000000001607,0.9059999999999935,
-0.27800000000000047,0.3285,-0.5449999999999999,-0.8142000000000014,1.078899999999999,-0.3700999999999999,-0.3590000000000009,0.4216999999999995,-0.6587000000000005,-9.00000000000567E-4,1.2809999999999988,1.155000000000026,0.4800000000000004,0.6990000000000229,0.9360000000000301,0.9749999999999925,0.5790000000000095,0.5729999999999968,1.188000000000029,0.735000000000019,
-0.2353000000000005,0.3670000000000009,-0.5289999999999999,-0.7909000000000006,1.1101,-0.3376000000000001,-0.33970000000000056,0.4407999999999994,-0.6190999999999995,0.023600000000000065,-0.1770000000000138,0.18599999999993955,-0.27599999999999625,-0.14399999999998414,0.23399999999998755,-0.18299999999999983,-0.40499999999996206,-0.6359999999999566,-0.2999999999999936,-0.4049999999999887,
-0.24120000000000097,0.37319999999999887,-0.5381999999999998,-0.7957000000000001,1.1178999999999997,-0.3437000000000001,-0.3531999999999993,0.41960000000000086,-0.6290999999999993,0.010100000000000442,0.45600000000005636,1.0470000000000645,0.31800000000000495,0.48299999999999343,0.16800000000000814,1.0229999999999873,0.5009999999999781,0.9959999999999702,0.9689999999999532,0.6659999999999666,
-0.2259999999999991,0.408100000000001,-0.5275999999999996,-0.7796000000000003,1.1235,-0.30960000000000054,-0.3365,0.45279999999999987,-0.5968000000000009,0.03229999999999933,0.36300000000000665,1.2239999999999718,0.2579999999999849,0.6750000000000256,0.40200000000002234,-0.36000000000001364,-0.24000000000002686,-0.6120000000000125,0.05100000000004101,-0.2279999999999749,
-0.21389999999999887,0.4489000000000001,-0.5190000000000001,-0.7570999999999994,1.1369000000000007,-0.321600000000001,-0.3445000000000009,0.43239999999999945,-0.5950999999999995,0.024700000000000166,0.5909999999999549,1.6739999999999888,0.15300000000001646,0.8880000000000088,0.32699999999998397,0.08100000000005103,-0.9029999999999472,-0.5669999999999842,0.42899999999998606,-0.2879999999999949,
-0.19420000000000037,0.5046999999999997,-0.5138999999999996,-0.7274999999999991,1.1478000000000002,-0.3188999999999993,-0.37459999999999916,0.4135,-0.5808,0.015100000000000335,1.404000000000032,1.6620000000000168,0.9299999999999642,1.8479999999999563,1.3410000000000188,-0.5880000000000152,-0.2190000000000225,-0.7889999999999997,0.6419999999999959,0.2609999999999779,
-0.1473999999999993,-0.4829000000000008,0.5601000000000003,-0.6659000000000006,1.1925000000000008,-0.3384999999999998,0.3872,-0.3818999999999999,-0.5594000000000001,0.0237999999999996,-0.15000000000002345,-0.4199999999999804,0.33000000000003027,0.32700000000003726,0.12299999999997979,0.08699999999998376,-0.5309999999999881,-0.9809999999999786,-0.16800000000000814,-0.4619999999999891,
-0.1524000000000001,-0.4969000000000001,0.5711000000000013,-0.6549999999999994,1.1966,-0.33560000000000034,0.3695000000000004,-0.4145999999999992,-0.5650000000000004,0.008399999999999963,0.026999999999990365,0.31499999999995865,0.14399999999993085,0.27299999999994995,0.06899999999999906,-0.5460000000000065,-0.11400000000000077,-0.0029999999999930083,0.0,0.03000000000001002,
-0.1515000000000004,-0.4864000000000015,0.575899999999999,-0.645900000000001,1.1989,-0.35380000000000056,0.36570000000000036,-0.41469999999999896,-0.5650000000000004,0.009400000000000297,0.6150000000000055,0.5910000000000615,0.6450000000000422,0.5040000000000511,0.384000000000011,-0.020999999999977703,-1.050000000000031,-1.0800000000000676,-0.07500000000001172,-0.07200000000001872,
-0.13100000000000023,-0.46669999999999945,0.5974000000000004,-0.6290999999999993,1.2117000000000004,-0.3544999999999998,0.33069999999999933,-0.4507000000000012,-0.5675000000000008,0.006999999999999673,0.0809999999999711,-0.24300000000001987,0.11699999999999378,0.31499999999995865,0.2579999999999849,-0.40500000000001535,-0.4649999999999821,-0.9119999999999528,0.13500000000000512,0.17399999999999416,
-0.1283000000000012,-0.4748000000000001,0.6013000000000002,-0.6186000000000007,1.2203,-0.3680000000000003,0.3151999999999999,-0.48109999999999964,-0.5630000000000006,0.012799999999999478,0.6840000000000579,0.45300000000001006,0.8039999999999914,1.14900000000004,-0.2519999999999989,-0.32399999999999096,-0.9000000000000075,-1.9919999999999938,0.15000000000002345,0.19500000000002515,
-0.10549999999999926,-0.4596999999999998,-0.5802999999999994,0.6280999999999999,1.2119,-0.3788,0.2851999999999997,-0.5579999999999998,-0.5474999999999994,0.019300000000000317,0.8729999999999905,0.4260000000000197,1.3020000000000032,1.0769999999999946,0.9960000000000235,0.22199999999998887,-0.4890000000000061,0.3300000000000036,-1.044000000000045,0.22199999999998887,
-0.07639999999999958,-0.4454999999999991,-0.5368999999999993,0.6639999999999997,-1.2178000000000004,-0.3714000000000004,0.2688999999999995,-0.5469999999999997,-0.5823000000000009,0.05719999999999992,1.097999999999999,0.5220000000000091,1.040999999999972,0.8009999999999984,0.9030000000000271,-0.7349999999999923,-1.1309999999999754,-0.14099999999999113,-1.3409999999999656,-0.37799999999999834,
-0.03979999999999961,-0.4280999999999988,-0.5022000000000002,0.6906999999999996,-1.1876999999999995,-0.39590000000000014,0.2312000000000003,-0.5516999999999994,-0.6269999999999998,0.04459999999999997,-0.06899999999999906,-0.06600000000000605,0.18000000000000682,0.0840000000000174,-0.22500000000000853,-0.09899999999998244,0.22800000000000153,0.06000000000002004,0.15600000000000946,-0.047999999999994714,
-0.04209999999999958,-0.430299999999999,-0.4962,0.6935000000000002,-1.1951999999999998,-0.39919999999999956,0.23880000000000035,-0.5496999999999987,-0.6217999999999995,0.04300000000000015,0.4199999999999804,0.43499999999994543,0.23699999999998056,0.335999999999963,0.6449999999999889,-0.11400000000000077,-0.6000000000000139,-0.16500000000004178,-0.7920000000000194,0.11999999999998678,
-0.028100000000000236,-0.41580000000000084,-0.4883000000000006,0.704699999999999,-1.1737000000000002,-0.4029999999999996,0.21879999999999988,-0.5552000000000001,-0.6482000000000001,0.04699999999999971,0.2520000000000522,0.14400000000003743,0.4770000000000607,0.1290000000000724,0.14700000000003044,-0.8009999999999984,-0.44099999999998474,0.11699999999999378,-0.7919999999999661,0.4710000000000214,
-0.019699999999998496,-0.4109999999999996,-0.4723999999999986,0.7090000000000014,-1.1687999999999992,-0.4296999999999995,0.2041000000000004,-0.5513000000000003,-0.674599999999999,0.06270000000000042,1.0139999999999816,0.7619999999999827,0.8549999999999791,0.21899999999996922,0.7619999999999827,0.11399999999997412,0.3719999999999857,0.7110000000000216,-0.46800000000005504,0.8189999999999831,
0.01410000000000089,-0.38560000000000016,-0.4438999999999993,0.7163000000000004,-1.1433999999999997,-0.4259000000000004,0.21649999999999991,-0.5275999999999996,-0.6902000000000008,0.08999999999999986,0.6479999999999819,0.779999999999994,1.040999999999972,0.5789999999999829,0.7919999999999661,0.5880000000000152,0.4740000000000144,1.2510000000000154,0.5070000000000441,1.097999999999999,
0.03570000000000029,-0.35960000000000036,-0.40920000000000023,0.7355999999999998,-1.1170000000000009,-0.4062999999999999,0.2323000000000004,-0.4858999999999991,-0.6732999999999993,0.12659999999999982,0.5610000000000248,0.22500000000000853,1.1219999999999963,0.3390000000000093,0.9450000000000358,0.389999999999997,0.9449999999999825,0.9209999999999852,0.2609999999999779,0.4290000000000127,
0.054400000000001114,-0.3521000000000001,-0.37180000000000035,0.7469000000000001,-1.0854999999999997,-0.3933,0.2637999999999998,-0.4551999999999996,-0.6646000000000001,0.14090000000000025,-0.003000000000046299,0.3029999999999866,-0.22800000000000153,-0.24600000000001288,-0.19500000000002515,-0.1499999999999968,-0.24900000000000588,-0.09000000000003006,-0.12300000000000644,0.14399999999998414,
0.05429999999999957,-0.3420000000000005,-0.3794000000000004,0.7386999999999997,-0.9702000000000002,-0.3982999999999999,0.2554999999999996,-0.4582000000000006,-0.6687000000000003,-0.4925000000000006,0.381000000000018,0.5220000000000091,0.9270000000000245,0.19800000000001816,0.4619999999999891,0.7919999999999927,0.6960000000000033,0.8220000000000294,0.3089999999999993,1.133999999999995,
0.06700000000000017,-0.3246000000000002,-0.3484999999999996,0.7453000000000003,-0.9548000000000005,-0.3719000000000001,0.2786999999999997,-0.4307999999999996,-0.6584000000000003,-0.45470000000000077,1.0079999999999956,0.4770000000000074,0.9059999999999668,0.19499999999997186,0.6330000000000169,-0.2519999999999989,0.31800000000000495,0.22800000000000153,-0.2190000000000225,0.6659999999999933,
0.10060000000000002,-0.3087,-0.3183000000000007,0.7517999999999994,-0.9337,-0.3803000000000001,0.2892999999999999,-0.4231999999999996,-0.6657000000000011,-0.432500000000001,1.416000000000004,0.6000000000000405,0.9390000000000498,-0.1619999999999422,0.9839999999999982,1.0320000000000196,1.4400000000000013,1.5600000000000147,0.8640000000000381,2.5170000000000226,
0.14780000000000015,-0.2886999999999986,-0.28699999999999903,-0.9009,0.7464000000000013,-0.34589999999999943,0.33729999999999993,-0.3711999999999991,-0.34860000000000024,-0.6368999999999998,1.1339999999999684,0.5219999999999558,0.9059999999999668,1.092000000000013,0.23399999999993426,-0.387000000000004,-0.24299999999999322,-0.33000000000003027,0.40800000000000836,-0.23700000000003385,
0.1855999999999991,-0.2713000000000001,-0.25680000000000014,-0.8644999999999996,-0.9662000000000006,-0.35879999999999956,0.32920000000000016,-0.3822000000000001,-0.33499999999999996,0.2107000000000001,0.015000000000071623,-0.2039999999999509,0.012000000000025324,0.2519999999999989,-0.09299999999994313,-0.1079999999999881,-0.1890000000000125,0.29099999999998793,0.8790000000000031,0.4919999999999991,
0.1861000000000015,-0.27809999999999846,-0.2563999999999993,-0.8560999999999996,0.7240000000000002,-0.36239999999999917,0.32289999999999974,-0.3725000000000005,-0.30569999999999986,-0.6466999999999992,-0.19200000000003214,0.11099999999995447,-0.03600000000002268,-0.13500000000000512,0.030000000000036664,-0.17700000000004046,-0.0029999999999930083,-0.14400000000001079,0.03000000000001002,-0.1920000000000588,
0.17970000000000041,-0.2744,-0.25760000000000005,-0.8605999999999998,0.7250000000000014,-0.3683000000000005,0.3228,-0.37730000000000086,-0.3046999999999995,-0.6531000000000011,0.389999999999997,-0.029999999999983373,0.1649999999999885,0.4229999999999734,-0.5070000000000441,-0.37500000000000533,-0.38399999999998435,-0.1079999999999881,0.45899999999996943,0.04500000000002835,
-0.2753999999999994,0.19270000000000032,-0.25210000000000043,-0.8465000000000007,0.7081,0.3100000000000005,-0.3808000000000007,-0.38090000000000046,-0.28940000000000055,-0.6516000000000002,-0.07800000000003138,-0.015000000000018332,0.2069999999999972,0.15000000000002345,-0.7530000000000037,-0.07200000000001872,-0.9029999999999472,-0.1470000000000038,0.5490000000000261,-0.5100000000000104,
-0.27800000000000047,0.1921999999999997,-0.24520000000000053,-0.8414999999999999,0.6829999999999998,0.3075999999999999,-0.41089999999999893,-0.3858000000000006,-0.2710999999999997,-0.6686000000000005,0.6510000000000282,1.020000000000021,1.1459999999999937,1.3499999999999979,-0.7349999999999923,0.05099999999998772,-0.7080000000000286,0.3270000000000106,1.1339999999999684,-0.4440000000000044,
-0.25629999999999953,-0.20700000000000074,0.2262000000000004,-0.7965,-0.8964999999999996,0.30929999999999946,-0.37490000000000023,-0.4344999999999999,-0.23330000000000073,0.23879999999999946,-0.3450000000000486,0.5819999999999759,0.5639999999999645,0.6630000000000003,0.5909999999999549,-0.5579999999999785,-0.15300000000001646,-0.2970000000000006,0.5760000000000165,-0.10199999999997544,
-0.26780000000000115,-0.18760000000000154,0.24499999999999922,-0.7744,-0.8768000000000011,0.2907000000000002,-0.3800000000000008,-0.4443999999999999,-0.21410000000000018,0.23540000000000028,0.5010000000000048,0.41400000000004766,0.5279999999999951,0.5729999999999968,1.0170000000000279,-0.6810000000000116,-0.13199999999998546,-0.5669999999999842,0.14400000000001079,-0.2069999999999972,
-0.251100000000001,-0.17379999999999995,0.26259999999999906,-0.7553000000000001,-0.8429000000000002,0.2679999999999998,-0.3844000000000003,-0.4632999999999994,-0.20929999999999982,0.22850000000000037,0.11100000000000776,-0.0870000000000104,-0.2129999999999832,0.2129999999999832,-0.14699999999997715,-0.011999999999998678,-0.11100000000000776,0.11400000000000077,-0.1049999999999951,-0.06600000000000605,
-0.24740000000000073,-0.1767000000000003,0.2554999999999996,-0.7482000000000006,-0.8477999999999994,0.26759999999999984,-0.38810000000000056,-0.45949999999999935,-0.21279999999999966,0.22630000000000017,0.2940000000000076,0.831000000000035,0.3330000000000233,0.6030000000000335,0.774000000000008,-0.1259999999999728,0.1890000000000125,-0.24299999999999322,0.7170000000000076,0.12599999999999945,
-0.23760000000000048,-0.14899999999999913,0.2666000000000004,-0.7280999999999995,-0.8219999999999992,0.26340000000000074,-0.38180000000000014,-0.4675999999999991,-0.1888999999999994,0.23050000000000015,0.5130000000000301,0.6839999999999513,0.48899999999997945,0.45600000000000307,0.6389999999999496,-0.03900000000001569,0.045000000000001705,0.2970000000000006,0.14399999999998414,0.18899999999998585,
-0.22049999999999947,-0.12620000000000076,0.2828999999999997,-0.7128999999999994,-0.8007000000000009,0.2621000000000002,-0.3803000000000001,-0.4576999999999991,-0.18409999999999993,0.23679999999999968,0.17999999999995353,0.5880000000000152,0.06000000000002004,0.9959999999999702,0.1320000000000121,-0.07500000000001172,0.15300000000001646,0.8759999999999835,0.8819999999999961,0.14100000000001778,
-0.21450000000000102,-0.10660000000000025,0.2849000000000004,-0.6797000000000004,-0.7963000000000005,0.25959999999999983,-0.37519999999999953,-0.42849999999999966,-0.15470000000000006,0.24150000000000027,-0.0029999999999397176,0.09299999999999642,0.008999999999979025,0.8430000000000071,0.32700000000003726,0.6179999999999986,0.19799999999996487,0.36300000000000665,0.6030000000000069,0.1920000000000055,
-0.214599999999999,-0.10350000000000037,0.2851999999999997,-0.6516000000000002,-0.7853999999999992,0.2801999999999998,-0.3686000000000007,-0.41639999999999944,-0.13459999999999983,0.24790000000000045,0.026999999999937074,0.6899999999999906,0.7889999999999731,0.7469999999999644,0.47999999999994714,0.6179999999999986,0.39900000000002933,1.001999999999983,-0.0870000000000104,0.2549999999999919,
-0.08050000000000068,-0.2137000000000011,0.3114999999999988,-0.6267000000000014,-0.769400000000001,-0.3552999999999997,0.30079999999999973,-0.383,-0.13750000000000018,0.2564000000000002,-0.2999999999999936,0.0900000000000567,-0.2999999999999403,0.04200000000006199,-0.09599999999998943,-0.17100000000000115,-0.29099999999998793,-0.2699999999999836,0.0420000000000087,-0.2099999999999902,
-0.21069999999999922,-0.09050000000000047,0.30150000000000077,-0.6252999999999993,-0.7726000000000006,0.29110000000000014,-0.36099999999999977,-0.39199999999999946,-0.1360999999999999,0.2494000000000005,-0.19500000000002515,0.4229999999999734,-0.03600000000002268,0.6959999999999766,-0.023999999999997357,0.6869999999999976,0.0,0.5909999999999815,-0.25800000000001155,-0.07200000000001872,
-0.07640000000000136,-0.21720000000000006,0.3003,-0.6021000000000001,-0.7734000000000005,-0.36099999999999977,0.31400000000000006,-0.3723000000000001,-0.14470000000000027,0.2469999999999999,0.36300000000000665,0.32099999999999795,0.5460000000000065,0.2879999999999683,0.07799999999997809,0.31500000000001194,0.4800000000000004,0.8370000000000211,0.28500000000002856,0.34200000000002895,
-0.06430000000000113,-0.20650000000000013,0.3185000000000002,-0.5925000000000011,-0.7708000000000013,-0.35049999999999937,0.33000000000000007,-0.3443999999999994,-0.13519999999999932,0.25840000000000085,1.2450000000000294,0.9959999999999702,1.7819999999999503,2.322000000000024,0.7380000000000386,0.10499999999996845,0.2970000000000006,0.24299999999996658,-0.03900000000001569,-0.378000000000025,
-0.022800000000000153,-0.17330000000000112,0.37789999999999857,-0.5151000000000003,-0.7462,-0.3470000000000004,0.3399000000000001,-0.3363000000000005,-0.13649999999999984,0.24580000000000002,0.5940000000000012,0.10500000000002174,0.22800000000005483,1.1279999999999824,0.05399999999998073,0.13799999999999812,0.1679999999999815,0.15600000000000946,0.19799999999999152,-0.31800000000000495,
-0.0030000000000001137,-0.1698000000000004,-0.4775000000000009,0.3855000000000004,-0.7444000000000006,-0.3424000000000005,0.3454999999999995,-0.12990000000000013,-0.33110000000000017,0.23519999999999985,0.14399999999998414,0.06300000000001305,0.13799999999999812,0.3029999999999866,-0.24600000000001288,-0.48299999999999343,-0.4979999999999851,-0.5729999999999968,0.014999999999991687,-0.8520000000000127,
0.0017999999999993577,-0.16769999999999996,-0.472900000000001,0.39559999999999995,-0.752600000000001,-0.35850000000000026,0.32889999999999997,-0.14900000000000002,-0.33060000000000045,0.20679999999999943,0.06899999999999906,0.11999999999998678,0.4230000000000267,0.3059999999999796,-0.029999999999983373,0.22800000000000153,0.23099999999999454,0.13799999999999812,-0.035999999999996035,0.08100000000002439,
0.004099999999999326,-0.1637000000000004,-0.4588000000000001,0.4057999999999993,-0.7536000000000005,-0.3509000000000002,0.3365999999999998,-0.14440000000000008,-0.3318000000000003,0.20950000000000024,0.11100000000006105,0.07800000000003138,-0.05999999999996675,0.15300000000006975,-0.2909999999999613,-0.6419999999999959,-0.34800000000001496,-0.45300000000001006,0.09000000000000341,-0.7650000000000023,
-0.16109999999999935,0.007800000000001361,-0.460799999999999,0.4109000000000016,-0.11399999999999899,0.3249999999999993,-0.3723000000000001,-0.15950000000000042,-0.3288000000000002,0.7711999999999994,-0.1710000000000278,0.2609999999999779,0.6299999999999706,0.32099999999994466,0.49499999999996547,-0.4769999999999808,-0.3270000000000106,-0.1920000000000055,-0.45000000000001705,-0.6840000000000046,
-0.16680000000000028,0.016500000000000625,-0.43979999999999997,0.42159999999999975,-0.09750000000000014,0.30909999999999993,-0.38320000000000043,-0.1659000000000006,-0.34380000000000077,0.7483999999999993,-0.3719999999999857,-0.5190000000000161,-0.36599999999999966,-0.44699999999997075,-0.33299999999997,-0.18599999999999284,-0.8219999999999761,-0.44699999999997075,-0.5579999999999785,-1.1939999999999618,
-0.1791999999999998,-7.999999999999119E-4,-0.45199999999999996,0.4067000000000007,-0.10859999999999914,0.30290000000000017,-0.41059999999999963,-0.18079999999999963,-0.36240000000000006,0.7086000000000006,-0.23999999999997357,0.3420000000000023,0.5250000000000021,0.2129999999999832,0.11699999999999378,-0.42899999999998606,-0.774000000000008,-0.8220000000000027,-0.8489999999999931,-0.7319999999999993,
-0.18719999999999892,0.010600000000000165,-0.4344999999999999,0.41380000000000017,-0.10469999999999935,0.28860000000000063,-0.4363999999999999,-0.20819999999999972,-0.3906999999999998,0.6842000000000006,-0.7680000000000753,-0.21000000000004349,0.30899999999997263,0.2489999999999526,0.19499999999997186,-0.07200000000001872,-0.6540000000000212,-0.15000000000002345,-0.36300000000000665,-0.6750000000000256,
-0.21280000000000143,0.0035999999999987153,-0.4242000000000008,0.4220999999999986,-0.09820000000000029,0.2862,-0.4582000000000006,-0.2132000000000005,-0.40280000000000005,0.6616999999999997,-0.1649999999999352,-0.07499999999993179,-0.5369999999999742,-0.3779999999999717,-0.30899999999997263,-0.22500000000000853,-0.05699999999997374,-0.3779999999999717,-0.25800000000001155,-0.2549999999999919,
-0.21829999999999927,0.001100000000000989,-0.44209999999999994,0.40949999999999953,-0.10849999999999937,0.2786999999999997,-0.46009999999999973,-0.22579999999999956,-0.41140000000000043,0.6532,-0.08100000000002439,0.17999999999995353,-0.012000000000025324,0.30899999999997263,0.13799999999994483,-0.7830000000000137,-0.7200000000000273,-0.6840000000000312,-0.5820000000000025,-0.9360000000000035,
-0.22100000000000009,0.00709999999999944,-0.4425000000000008,0.4197999999999986,-0.10390000000000121,0.25259999999999927,-0.48410000000000064,-0.2486000000000006,-0.4308000000000005,0.6219999999999999,-0.4619999999999891,0.11100000000006105,0.15000000000002345,0.10800000000006804,0.2610000000000845,-0.14999999999997016,-0.8519999999999861,-0.9449999999999825,-0.36299999999998,-0.6150000000000055,
-0.23639999999999972,0.010800000000001475,-0.4375,-0.0951999999999984,0.4234000000000009,0.24760000000000026,-0.5125000000000002,-0.2801,0.6014999999999997,-0.44289999999999985,-1.1880000000000024,0.32699999999998397,0.0,-0.003000000000046299,-0.3540000000000276,-1.4040000000000052,-0.359999999999987,-0.46500000000000874,-0.6149999999999789,-0.354000000000001,
-0.2759999999999998,0.02170000000000094,-0.4375,-0.09529999999999994,0.41159999999999997,0.2008000000000001,-0.5244999999999997,-0.2956000000000003,0.5810000000000004,-0.4546999999999999,-0.48599999999998644,0.26699999999996393,0.14399999999998414,-0.23399999999998755,-0.10800000000001475,-0.6240000000000112,-0.6270000000000042,-0.36299999999998,-0.8670000000000044,-0.42599999999999305,
-0.29219999999999935,-0.43270000000000053,0.03059999999999974,-0.10309999999999953,0.4079999999999995,0.17999999999999972,-0.30769999999999964,-0.5453999999999999,0.5521000000000003,-0.46889999999999965,0.36599999999999966,0.15600000000006276,0.378000000000025,-0.029999999999983373,-0.2579999999999849,-0.33299999999997,-0.27000000000001023,0.1770000000000138,-0.4169999999999874,0.4499999999999904,
-0.27999999999999936,-0.42749999999999844,0.04320000000000057,-0.10409999999999897,0.3994,0.16890000000000072,-0.3167,-0.5394999999999994,0.5382000000000007,-0.45389999999999997,-0.11700000000004707,-0.49500000000007205,0.10199999999997544,0.08999999999995012,0.2849999999999753,0.11699999999999378,0.2340000000000142,0.2129999999999832,0.0629999999999864,0.2400000000000002,
-0.28390000000000093,0.04659999999999975,-0.44400000000000084,-0.10110000000000063,0.40889999999999915,0.1728000000000005,-0.5324,-0.3088999999999995,0.5403000000000002,-0.44589999999999996,0.16200000000004877,0.765000000000029,0.3480000000000416,0.27900000000004255,0.28500000000002856,-0.36300000000000665,-0.1529999999999898,-0.5220000000000091,-0.4499999999999904,0.13799999999999812,
-0.2784999999999993,-0.09179999999999922,-0.43239999999999945,0.07210000000000072,0.4184000000000001,0.1607000000000003,0.5253000000000005,-0.3262999999999998,-0.5374999999999996,-0.4413,-0.9960000000000235,-0.6120000000000125,-0.3930000000000433,-0.10500000000002174,-0.6150000000000055,-0.8849999999999891,-0.32099999999999795,-0.38399999999998435,-0.16199999999999548,0.024000000000024002,
-0.3117000000000001,-0.11219999999999963,0.0686,-0.4455000000000009,0.3978999999999999,0.13120000000000065,0.5146000000000006,-0.5428999999999995,-0.3390999999999993,-0.4404999999999992,0.2519999999999989,0.11400000000000077,1.3800000000000345,0.39900000000002933,0.36300000000000665,-0.2340000000000142,-0.22500000000000853,0.5820000000000025,-0.40800000000000836,0.44399999999997775,
-0.3033000000000001,-0.10839999999999961,0.11460000000000115,-0.4321999999999999,0.41000000000000014,0.12340000000000018,0.5071000000000003,-0.5234999999999994,-0.35269999999999957,-0.42569999999999997,0.37200000000003897,0.31200000000001893,1.031999999999993,0.438000000000045,0.5729999999999968,-0.4469999999999974,0.05099999999998772,-0.06300000000001305,-1.4759999999999973,0.24299999999999322,
-0.2908999999999988,-0.09799999999999898,0.1490000000000009,-0.4175999999999984,0.42910000000000004,0.10850000000000026,0.5087999999999999,-0.5255999999999998,-0.4018999999999995,-0.4176000000000002,0.18299999999999983,0.7980000000000054,1.1459999999999937,0.9449999999999825,0.8220000000000027,-0.09299999999999642,0.45600000000000307,0.3089999999999993,-0.4380000000000184,0.006000000000012662,
-0.28479999999999883,-0.0713999999999988,0.1872000000000007,-0.386099999999999,0.45650000000000013,0.10540000000000038,0.524,-0.5152999999999999,-0.4165000000000001,-0.41739999999999977,0.26999999999995694,-0.29100000000006787,-0.07200000000004536,-0.3810000000000713,-0.37200000000003897,0.07799999999997809,0.026999999999990365,-0.1049999999999951,0.11100000000000776,0.33299999999999663,
-0.27580000000000027,-0.08110000000000106,0.1847999999999992,-0.3988000000000014,0.44409999999999883,0.10799999999999965,0.5248999999999997,-0.5187999999999997,-0.41279999999999983,-0.4062999999999999,-0.0840000000000174,0.7380000000000386,0.8460000000000001,0.9780000000000122,0.7260000000000133,0.22800000000000153,0.8249999999999957,0.6509999999999749,-0.3090000000000259,0.4109999999999747,
-0.27860000000000085,0.2129999999999992,-0.05649999999999977,-0.36620000000000097,0.4682999999999993,0.1155999999999997,-0.49710000000000054,0.5523999999999996,-0.4231000000000007,-0.3926000000000007,0.045000000000054996,0.5820000000000292,0.31800000000000495,0.768000000000022,0.19500000000002515,0.4410000000000114,0.43500000000002537,0.40200000000002234,-0.4079999999999817,0.48600000000003973,
-0.277099999999999,0.23240000000000016,-0.34060000000000024,-0.04589999999999961,0.4748000000000001,0.13030000000000008,-0.4825999999999997,-0.4367000000000001,0.5658000000000003,-0.3763999999999994,-0.7980000000000587,1.3169999999999682,1.0769999999999946,0.30899999999997263,1.100999999999992,0.777000000000001,1.5179999999999794,-0.2069999999999972,1.1189999999999767,2.057999999999973,
-0.30370000000000097,0.2762999999999991,-0.3047000000000004,0.5114999999999998,-0.03560000000000052,0.15620000000000012,-0.4320000000000004,-0.4436,-0.3078000000000003,0.6030999999999995,-1.0799999999999876,0.381000000000018,0.06300000000001305,0.3749999999999787,0.3420000000000023,0.32099999999999795,0.6390000000000029,-0.34500000000002196,0.8699999999999974,0.17399999999999416,
-0.33970000000000056,0.2889999999999997,-0.3026,0.5239999999999991,-0.024200000000000443,0.16690000000000005,-0.4107000000000003,-0.4551000000000007,-0.2788000000000004,0.6088999999999993,-0.36599999999994637,-0.0029999999999930083,0.4139999999999944,0.05700000000002703,0.06000000000002004,0.22199999999998887,0.5700000000000038,-0.04499999999997506,0.8190000000000097,0.2820000000000089,
-0.35189999999999877,0.28889999999999993,-0.28880000000000017,0.5259,-0.022199999999999775,0.17429999999999968,-0.39170000000000016,-0.4565999999999999,-0.25150000000000006,0.6182999999999996,0.39599999999992974,0.06299999999995975,0.05999999999996675,0.11400000000000077,-0.18600000000004613,-0.1470000000000038,-0.03000000000001002,-0.1770000000000138,0.08099999999999774,0.10200000000000209,
-0.3387000000000011,0.2909999999999986,-0.2868000000000013,0.5297000000000001,-0.028400000000001313,0.16939999999999955,-0.3927000000000005,-0.46250000000000036,-0.24880000000000013,0.6216999999999997,-0.728999999999953,0.41400000000004766,0.6420000000000492,0.20400000000000418,0.27600000000004954,0.3090000000000259,0.6660000000000199,0.07800000000000473,0.2999999999999936,0.5340000000000078,
-0.36299999999999955,0.3048000000000002,-0.26539999999999964,0.5365000000000002,-0.019199999999999662,0.17970000000000041,-0.37049999999999983,-0.4599000000000002,-0.23880000000000035,0.6395,-0.2550000000000452,0.335999999999963,0.19799999999996487,0.2969999999999473,-0.15000000000002345,-0.03000000000001002,0.6030000000000069,-0.4199999999999804,0.7470000000000176,0.3090000000000259,
-0.37150000000000105,0.31599999999999895,-0.2588000000000008,0.5463999999999984,-0.024200000000000443,0.17870000000000008,-0.3503999999999996,-0.47389999999999954,-0.21389999999999976,0.6498000000000008,-0.24599999999995958,1.1100000000000243,2.1600000000000286,1.455000000000073,0.702000000000016,-0.11400000000000077,0.78599999999998,-0.804000000000018,1.1249999999999893,0.31199999999996564,
-0.3796999999999997,0.35299999999999976,-0.18679999999999986,0.5949000000000009,-7.999999999999119E-4,0.17490000000000006,-0.32420000000000027,-0.5007000000000001,-0.1764000000000001,0.6601999999999997,-0.8579999999999721,0.13800000000005141,0.36000000000001364,-0.03600000000002268,-0.7409999999999783,-0.08399999999999075,0.735000000000019,-0.07199999999999207,0.3720000000000123,0.4230000000000267,
-0.4082999999999988,0.3576000000000015,-0.1747999999999994,0.5937000000000001,-0.02549999999999919,0.17210000000000036,-0.29969999999999963,-0.5030999999999999,-0.1639999999999997,0.6743000000000006,-0.20100000000001117,0.5999999999999339,0.48299999999999343,0.5789999999999829,-0.381000000000018,0.2699999999999836,0.6269999999999776,-0.4469999999999974,0.5549999999999855,0.3119999999999923,
-0.41499999999999915,0.37759999999999927,-0.15869999999999962,0.6129999999999995,-0.03819999999999979,0.18109999999999982,-0.2788000000000004,-0.5179999999999998,-0.14550000000000018,0.6847000000000003,-0.3420000000000556,-0.20400000000000418,-0.19800000000001816,-0.2129999999999832,-0.10500000000002174,-0.3059999999999796,-0.09299999999996977,-0.1049999999999951,-0.0809999999999711,-0.18299999999999983,
-0.426400000000001,0.37079999999999913,-0.16530000000000022,0.6059000000000001,-0.041700000000000514,0.1709000000000005,-0.2818999999999994,-0.5214999999999996,-0.14819999999999922,0.6786000000000003,0.45000000000001705,0.4770000000000607,0.8009999999999984,0.0840000000000174,-0.15299999999996317,0.4529999999999834,0.8729999999999905,-0.22800000000000153,1.2179999999999858,0.31800000000000495,
-0.41140000000000043,0.38670000000000115,-0.13860000000000028,0.6087000000000007,-0.04679999999999929,0.18599999999999994,-0.2527999999999997,-0.5290999999999997,-0.1075999999999997,0.6892000000000005,-0.779999999999994,0.36299999999995336,-0.12299999999997979,0.13799999999999812,-0.18299999999999983,-0.2879999999999949,0.6119999999999859,-0.27300000000000324,0.5819999999999759,0.14999999999997016,
0.3987999999999996,-0.43740000000000023,-0.1426999999999996,0.6133000000000006,-0.05289999999999928,-0.23240000000000016,0.1764000000000001,-0.5381999999999998,-0.0882000000000005,0.6941999999999995,1.410000000000018,-0.9629999999999939,0.5460000000000065,0.27300000000000324,-0.2580000000000382,1.2509999999999888,0.3029999999999866,0.07499999999998508,2.058,0.5100000000000104,
0.4458000000000002,-0.46950000000000003,-0.12449999999999939,0.6224000000000007,-0.061500000000000554,-0.19070000000000054,0.18649999999999967,-0.5357000000000003,-0.019600000000000506,0.7111999999999998,0.5910000000000082,-0.6899999999999906,0.18899999999998585,0.3719999999999857,-0.13500000000000512,0.6540000000000212,-0.2999999999999936,-0.026999999999990365,0.6060000000000265,0.20100000000001117,
0.46550000000000047,-0.4924999999999997,-0.11819999999999986,0.6348000000000003,-0.06600000000000072,-0.16889999999999983,0.17649999999999988,-0.5366,6.00000000000378E-4,0.7179000000000002,0.8160000000000167,-0.2670000000000172,0.6540000000000212,1.1430000000000007,0.5880000000000152,0.4079999999999817,-0.12000000000001343,0.9329999999999838,0.6119999999999859,0.08399999999999075,
-0.09639999999999915,0.492700000000001,-0.5014000000000003,0.6729000000000003,-0.04640000000000022,-0.5055000000000005,-0.15530000000000044,0.17249999999999943,0.020999999999999908,0.7206999999999999,-0.15600000000000946,0.14699999999997715,-0.0389999999999624,-0.18599999999999284,0.045000000000001705,-0.37799999999999834,0.15600000000000946,0.07500000000001172,-0.006000000000012662,0.27599999999999625,
0.49760000000000026,-0.10159999999999947,-0.502699999999999,0.6667000000000005,-0.04490000000000016,-0.15010000000000012,-0.5181000000000004,0.17499999999999982,0.020799999999999486,0.7298999999999998,0.7889999999999731,0.6119999999999592,-0.438000000000045,0.8369999999999678,0.4320000000000057,0.5279999999999951,0.3720000000000123,-0.42300000000000004,0.8310000000000084,0.18000000000000682,
-0.08120000000000083,0.5238999999999994,-0.5173000000000005,0.6945999999999994,-0.03049999999999997,-0.5057,-0.13250000000000028,0.16089999999999982,0.048499999999999766,0.7359,0.8400000000000141,1.3500000000000512,0.11100000000000776,0.8160000000000167,0.9209999999999852,0.738000000000012,1.0980000000000256,0.22200000000001552,1.48200000000001,0.9330000000000105,
-0.05320000000000036,-0.5136000000000003,0.5689000000000011,0.7218,1.9999999999953388E-4,-0.48109999999999964,0.16830000000000034,-0.09589999999999943,0.0979000000000001,0.7670000000000003,0.719999999999974,-1.0020000000000095,1.1069999999999247,1.485000000000003,0.9239999999999782,1.2179999999999858,-0.33299999999999663,1.067999999999989,1.4400000000000013,1.103999999999985,
-0.029200000000001225,-0.5470000000000006,0.6057999999999986,0.7713000000000001,0.030999999999998806,-0.4405000000000001,0.15720000000000045,-0.0602999999999998,0.14590000000000014,0.8037999999999998,0.3480000000000416,0.05400000000003402,1.080000000000041,1.2809999999999988,1.2870000000000381,0.23099999999999454,-0.35700000000002063,0.387000000000004,0.4949999999999921,0.417000000000014,
-0.017599999999999838,0.6417999999999999,0.07390000000000008,0.8140000000000001,0.5357000000000003,-0.4328000000000003,-0.047399999999999665,0.8177000000000003,0.16239999999999988,0.6376,0.06600000000000605,0.8460000000000001,0.5879999999999619,0.48599999999998644,0.13199999999995882,0.7229999999999936,0.5849999999999955,0.4979999999999851,0.36899999999999267,-0.1649999999999885,
-0.015399999999999636,0.6699999999999999,0.5400999999999989,0.0934999999999988,0.8301999999999996,-0.4087000000000005,-0.027899999999999814,0.6321000000000003,0.8342999999999998,0.17469999999999963,-0.0420000000000087,-0.047999999999994714,-0.06599999999995276,0.09300000000004971,-0.08699999999995711,0.40500000000001535,0.351000000000008,0.1049999999999951,0.36000000000001364,0.03300000000002967,
-0.016799999999999926,0.6684000000000001,0.5379000000000005,0.827300000000001,0.09660000000000046,-0.3952,-0.016199999999999548,0.6356000000000002,0.17580000000000062,0.8463000000000003,0.48899999999997945,0.7980000000000054,0.8789999999999765,0.659999999999954,0.7949999999999591,0.6480000000000086,0.8489999999999931,0.09900000000000908,0.5999999999999872,0.6179999999999986,
-5.000000000006111E-4,0.6950000000000003,0.5671999999999997,0.8492999999999995,0.7281999999999993,-0.3735999999999997,0.012100000000000222,0.6389000000000005,0.1958000000000002,-0.4817999999999998,-0.5609999999999715,0.5430000000000135,0.6090000000000195,0.7200000000000273,1.1910000000000487,0.5999999999999872,0.9120000000000061,0.3029999999999866,0.22199999999998887,0.4890000000000061,
-0.019199999999999662,0.7131000000000007,0.5875000000000004,0.8733000000000004,0.7679000000000009,-0.35360000000000014,0.042500000000000426,0.649,0.20319999999999983,-0.4654999999999996,0.33299999999997,1.5959999999999575,1.7639999999999922,2.2379999999999534,2.6909999999999634,0.34800000000001496,1.3140000000000018,0.12899999999999245,0.8550000000000058,1.4280000000000026,
-0.008100000000000662,0.7662999999999993,0.6463000000000001,0.8575999999999997,0.21229999999999905,-0.34199999999999964,0.08630000000000049,0.6532999999999998,-0.4178999999999995,0.9359000000000002,-0.03299999999997638,1.206000000000067,1.1190000000000033,1.2870000000000381,1.2420000000000364,-0.27000000000001023,0.6449999999999889,0.08100000000002439,0.6089999999999929,0.381000000000018,
-0.009199999999999875,0.8065000000000015,0.6836000000000002,0.25370000000000026,0.900500000000001,-0.351,0.10780000000000012,0.6560000000000006,0.9486000000000008,-0.39759999999999973,-0.045000000000001705,0.8579999999999188,0.9449999999999825,0.8789999999999765,1.6649999999999565,-0.2820000000000089,0.5909999999999815,0.34199999999997566,0.3269999999999573,0.4529999999999834,
0.8350999999999988,0.7150999999999996,0.2829999999999995,0.9559999999999995,1.0318999999999985,0.1274999999999995,0.6673999999999998,0.9594999999999994,-0.3825000000000003,0.2505999999999995,-0.026999999999937074,-0.03599999999996939,-0.09299999999994313,0.006000000000039307,-0.15899999999994918,0.04500000000002835,-0.11699999999999378,-0.19799999999996487,-0.14399999999998414,0.04500000000002835,
