0.43330999999999964,0.12380000000000013,0.8047199999999997,-0.37141,0.7840799999999994,-0.39608999999999916,0.6601600000000012,0.47154000000000096,1.6221000000000005,1.4900700000000002,0.6188999999999911,-2.6645352591003757E-14,0.6188999999999911,0.0,0.0,0.0,0.0,0.0,0.0,0.0,
0.45393999999999934,0.12379999999999924,0.8253499999999994,-0.37141,0.7840799999999994,-0.39608999999999916,0.6601600000000012,0.47154000000000096,1.6221000000000005,1.4900700000000002,0.6192000000000331,0.6192000000000331,1.2381000000000242,0.0,0.6189000000000178,0.565800000000003,0.0,0.0,0.0,0.565800000000003,
0.47458000000000045,0.14444000000000035,0.8666200000000002,-0.37141,0.12380000000000013,-0.37722999999999907,0.6601600000000012,0.47154000000000096,1.6221000000000005,1.6975500000000006,0.6188999999999911,-3.0000000001528804E-4,-3.0000000001528804E-4,0.0,-0.6192000000000064,0.565800000000003,0.0,0.565800000000003,-0.565800000000003,0.0,
0.49521000000000015,0.14442999999999984,0.8666099999999997,-0.37141,0.10315999999999992,-0.35836999999999897,0.6601600000000012,0.49040000000000106,1.6032400000000004,1.6975500000000006,0.0,-0.6188999999999911,0.0,0.0,-1.2377999999999822,0.0,-0.565800000000003,-0.565800000000003,0.0,-0.565800000000003,
0.49521000000000015,0.12380000000000013,0.8666099999999997,-0.37141,0.06190000000000051,-0.35836999999999897,0.6413000000000011,0.47154000000000096,1.6032400000000004,1.6786900000000005,0.0,0.0,3.0000000001528804E-4,3.0000000001528804E-4,0.0,0.0,0.0,0.0,-0.565800000000003,0.565800000000003,
0.49521000000000015,0.12380000000000013,0.8666200000000002,-0.3713999999999995,0.8047200000000005,-0.35836999999999897,0.6413000000000011,0.47154000000000096,1.5843800000000003,1.4712100000000001,0.6192000000000064,0.6192000000000064,1.2380999999999975,0.0,0.6188999999999911,0.565800000000003,0.0,0.0,0.565800000000003,0.565800000000003,
0.5158500000000004,0.14444000000000035,0.9078900000000001,-0.3713999999999995,0.08253999999999984,-0.33950999999999887,0.6413000000000011,0.47154000000000096,1.6032400000000004,1.6975500000000006,1.2377999999999822,-3.0000000001528804E-4,0.6185999999999758,0.6185999999999492,-1.2384000000000128,1.1318999999999946,0.0,0.0,0.0,0.565800000000003,
0.5571099999999998,0.14442999999999984,0.9285099999999993,-0.3507800000000012,0.8253499999999994,-0.30177999999999905,0.6413000000000011,0.47154000000000096,1.6032400000000004,1.4712100000000001,0.6189000000000178,3.0000000001528804E-4,0.6192000000000331,0.6192000000000597,0.6189000000000444,0.565800000000003,0.0,0.0,0.0,0.0,
0.5777400000000004,0.14444000000000035,0.9491500000000004,-0.3301399999999992,0.8459800000000008,-0.28291999999999895,0.6413000000000011,0.47154000000000096,1.6032400000000004,1.4712100000000001,0.0,-3.0000000001528804E-4,0.6188999999999911,-0.6192000000000331,-2.6645352591003757E-14,0.5657999999999497,0.0,0.0,0.0,0.0,
0.5777400000000004,0.14442999999999984,0.9697800000000001,-0.3507800000000003,0.84598,-0.2640600000000006,0.6413000000000011,0.47154000000000096,1.6032400000000004,1.4712100000000001,0.6192000000000064,-0.6188999999999911,3.0000000001528804E-4,3.000000000419334E-4,3.0000000001528804E-4,0.565800000000003,0.0,0.0,0.5660999999999916,-0.565800000000003,
0.5983800000000006,0.12380000000000013,0.9697900000000006,-0.3507699999999989,0.8459900000000005,-0.24520000000000053,0.6413000000000011,0.47154000000000096,1.6221100000000002,1.45235,0.6191999999999798,0.6192000000000064,0.6188999999999911,1.2380999999999975,0.0,0.565800000000003,0.0,0.0,0.565800000000003,-0.565800000000003,
0.14444000000000035,0.6190199999999999,0.9904200000000003,0.8459900000000005,-0.309499999999999,0.6413000000000011,-0.22634000000000043,0.47154000000000096,1.43349,1.6409700000000003,-2.6645352591003757E-14,1.2377999999999822,1.238099999999971,1.2377999999999822,0.6188999999999378,0.565800000000003,1.1319000000000479,0.565800000000003,0.0,0.565800000000003,
0.14443999999999946,0.6602799999999993,1.0316899999999993,-0.28887000000000107,0.8872499999999999,0.6601600000000012,-0.18860999999999883,0.49040000000000106,1.6598300000000004,1.43349,-2.999999999886427E-4,2.6645352591003757E-14,-2.9999999996199733E-4,-0.6191999999999531,-0.6191999999999798,0.0,0.0,0.0,0.565800000000003,-0.5657999999999763,
0.14442999999999984,0.6602800000000002,1.0316800000000006,0.8666100000000005,-0.3095099999999995,0.6601600000000012,-0.18860999999999883,0.49040000000000106,1.4146300000000007,1.6786900000000005,-0.6188999999999911,0.6192000000000064,2.999999999886427E-4,2.999999999886427E-4,-0.6189000000000178,0.0,0.0,0.0,-0.5661000000000183,0.565800000000003,
0.12380000000000013,0.6809200000000004,1.0316900000000002,0.8666200000000002,-0.3301400000000001,0.6601600000000012,-0.18860999999999883,0.49040000000000106,1.3957600000000001,1.6975500000000006,0.0,0.6185999999999758,-3.0000000001528804E-4,-3.0000000001528804E-4,0.0,-0.565800000000003,0.5657999999999497,0.0,-0.565800000000003,0.0,
0.12380000000000013,0.7015399999999996,1.0316799999999997,0.8666099999999997,-0.3301400000000001,0.6413000000000011,-0.1697500000000005,0.49040000000000106,1.3769,1.6975500000000006,0.0,-0.6188999999999911,3.0000000001528804E-4,3.0000000001528804E-4,0.0,0.0,0.0,0.0,-0.5657999999999763,0.0,
0.12380000000000013,0.6809099999999999,1.0316900000000002,0.8666200000000002,-0.3301400000000001,0.6413000000000011,-0.1697500000000005,0.49040000000000106,1.3580400000000008,1.6975500000000006,-0.6188999999999911,3.0000000001528804E-4,2.6645352591003757E-14,-0.6188999999999911,-0.6188999999999645,0.0,0.0,-0.565800000000003,-1.131600000000006,0.565800000000003,
0.10317000000000043,0.6809200000000004,1.031690000000001,0.8459900000000005,0.16507000000000094,0.6413000000000011,-0.1697500000000005,0.47154000000000096,1.3203200000000006,1.7352700000000008,0.6188999999999911,0.6186000000000025,-3.0000000001528804E-4,0.6186000000000025,0.6188999999999911,0.0,0.565800000000003,0.0,-0.565800000000003,0.0,
0.12380000000000013,0.7015400000000005,1.0316800000000006,0.8666100000000005,0.18570000000000064,0.6413000000000011,-0.1508900000000004,0.47154000000000096,1.3014600000000005,1.7352700000000008,-0.6188999999999911,2.999999999886427E-4,2.999999999886427E-4,-0.6186000000000025,-0.6189000000000178,-0.565800000000003,-0.565800000000003,-1.131600000000006,-0.565800000000003,-0.565800000000003,
0.10317000000000043,0.7015500000000001,1.0316900000000002,0.8459900000000005,0.16507000000000005,0.622440000000001,-0.1697500000000005,0.43382000000000076,1.2826000000000004,1.7164100000000007,0.6188999999999911,-3.0000000001528804E-4,0.6188999999999911,0.6185999999999758,0.6188999999999911,0.565800000000003,0.0,0.0,-0.5660999999999916,0.0,
0.12380000000000013,0.7015399999999996,1.05232,0.8666099999999997,0.18569999999999975,0.6413000000000011,-0.1697500000000005,0.43382000000000076,1.2637300000000007,1.7164100000000007,2.6645352591003757E-14,0.6192000000000331,2.6645352591003757E-14,0.6192000000000331,1.2381000000000242,-0.5660999999999916,-0.5660999999999916,-0.5660999999999916,-1.1318999999999946,-0.5660999999999916,
0.12380000000000102,0.7221800000000007,1.0523200000000008,0.8872500000000008,0.22697000000000056,0.6224300000000014,-0.18862000000000023,0.41495000000000104,1.2260000000000009,1.697540000000001,0.0,0.0,0.6188999999999911,-2.6645352591003757E-14,0.6188999999999911,-5.3290705182007514E-14,-1.131600000000006,-1.131600000000006,-0.565800000000003,-0.565800000000003,
0.12380000000000102,0.7221800000000007,1.0729500000000005,0.8872499999999999,0.24760000000000026,0.6224299999999996,-0.22634000000000043,0.37723000000000084,1.2071400000000008,1.6786800000000008,-0.6189000000000178,-0.6189000000000178,2.999999999886427E-4,2.6645352591003757E-14,-0.6189000000000178,0.0,-0.565800000000003,-0.565800000000003,-0.565800000000003,-0.565800000000003,
0.10317000000000043,0.7015500000000001,1.0729600000000001,0.8872500000000008,0.22696999999999967,0.6224299999999996,-0.24520000000000053,0.35837000000000074,1.1882800000000007,1.6598200000000007,0.6188999999999645,-3.0000000001528804E-4,0.6186000000000025,0.6188999999999645,0.6189000000000178,-0.565800000000003,-0.565800000000003,-0.565800000000003,-1.131600000000006,-0.565800000000003,
0.12379999999999924,0.7015399999999996,1.0935800000000002,0.9078799999999996,0.24760000000000026,0.6035699999999995,-0.2640600000000006,0.33951000000000064,1.1505600000000005,1.6409600000000006,5.3290705182007514E-14,2.6645352591003757E-14,0.6192000000000064,2.6645352591003757E-14,0.0,0.565800000000003,0.0,0.0,-0.565800000000003,0.0,
0.12380000000000102,0.7015400000000005,1.1142200000000004,0.9078800000000005,0.24760000000000026,0.6224299999999996,-0.2640600000000006,0.33951000000000064,1.1317000000000004,1.6409600000000006,-0.6189000000000711,2.9999999996199733E-4,2.9999999996199733E-4,2.9999999996199733E-4,-0.6186000000000291,3.000000000419334E-4,-0.565800000000003,-1.131600000000006,0.0,-0.565800000000003,
0.10316999999999865,0.7015499999999992,1.1142299999999992,0.9078899999999992,0.2269799999999993,0.622440000000001,-0.2829200000000007,0.30179000000000045,1.1317000000000004,1.6221000000000005,-0.6188999999999645,0.6189000000000444,-2.9999999996199733E-4,5.3290705182007514E-14,-2.99999999935352E-4,-5.3290705182007514E-14,-0.565800000000003,-0.565800000000003,-0.565800000000003,-2.6645352591003757E-14,
0.08253999999999984,0.7221800000000007,1.1142200000000004,0.907890000000001,-0.45393999999999934,0.6224399999999992,-0.3017800000000008,0.28293000000000035,1.1128400000000003,1.5466600000000001,-2.999999999886427E-4,-2.6645352591003757E-14,0.6188999999999911,-3.000000000419334E-4,-3.000000000419334E-4,0.0,-0.565800000000003,-0.565800000000003,-0.565800000000003,-0.565800000000003,
0.08253000000000021,0.7221799999999998,1.1348500000000001,0.9078799999999996,-0.45395000000000074,0.6224399999999992,-0.3206400000000009,0.26407000000000025,1.0939800000000002,1.5278,0.0,0.6189000000000178,2.6645352591003757E-14,0.6192000000000331,3.000000000419334E-4,0.565800000000003,0.0,0.0,0.0,0.0,
0.08253000000000021,0.7428100000000004,1.134850000000001,0.9285200000000007,-0.45393999999999934,0.6412999999999993,-0.3206400000000009,0.26407000000000025,1.0939800000000002,1.5278,-0.6186000000000291,-0.6189000000000444,2.99999999935352E-4,-0.6189000000000444,-0.6189000000000178,0.0,0.0,0.0,0.0,-0.565800000000003,
0.06190999999999924,0.7221799999999989,1.1348599999999989,0.9078899999999992,-0.47456999999999994,0.6412999999999993,-0.3206400000000009,0.26407000000000025,1.0939800000000002,1.50894,-0.6192000000000064,-0.6188999999999645,-0.6191999999999798,-2.999999999886427E-4,-0.6192000000000064,-2.999999999886427E-4,-2.999999999886427E-4,-2.999999999886427E-4,-2.999999999886427E-4,-1.1318999999999946,
0.04126999999999903,0.7015500000000001,1.1142199999999995,0.9078799999999996,-0.49521000000000015,0.6412899999999997,-0.32065000000000055,0.2640600000000006,1.0939700000000006,1.4712100000000001,0.6189000000000178,1.237800000000009,0.6189000000000178,0.6189000000000178,0.6189000000000178,0.0,0.0,0.0,0.5660999999999916,0.0,
0.06189999999999962,0.7428100000000004,1.1348500000000001,0.9285100000000002,-0.47457999999999956,0.6412899999999997,-0.32065000000000055,0.2640600000000006,1.1128400000000003,1.4712100000000001,5.3290705182007514E-14,0.0,2.6645352591003757E-14,3.0000000001528804E-4,0.6192000000000064,0.0,0.565800000000003,0.0,0.0,-0.565800000000003,
0.0619000000000014,0.7428100000000004,1.134850000000001,0.9285200000000007,-0.45393999999999934,0.6412899999999997,-0.30179000000000045,0.2640600000000006,1.1128400000000003,1.45235,-5.3290705182007514E-14,0.6191999999999798,0.6191999999999531,-2.6645352591003757E-14,-0.6189000000000178,0.0,0.0,0.565800000000003,0.0,0.565800000000003,
0.06189999999999962,0.7634499999999997,1.1554899999999995,0.9285199999999998,-0.47456999999999994,0.6412899999999997,-0.30179000000000045,0.2829200000000007,1.1128400000000003,1.4712100000000001,5.3290705182007514E-14,0.6192000000000331,2.6645352591003757E-14,0.6189000000000178,0.6189000000000178,0.0,0.565800000000003,0.0,0.565800000000003,-0.565800000000003,
0.0619000000000014,0.7840900000000008,1.1554900000000004,0.9491500000000004,-0.45393999999999934,0.6412899999999997,-0.28293000000000035,0.2829200000000007,1.1317000000000004,1.45235,-5.3290705182007514E-14,-0.6192000000000331,-0.6192000000000331,-2.6645352591003757E-14,-0.6192000000000597,-0.565800000000003,2.999999999886427E-4,-0.565800000000003,-1.131600000000006,0.0,
0.06189999999999962,0.7634499999999997,1.1348499999999992,0.9491499999999995,-0.47458000000000133,0.6224299999999996,-0.2829200000000007,0.2640600000000006,1.0939800000000002,1.45235,-0.6188999999999645,2.6645352591003757E-14,5.3290705182007514E-14,5.3290705182007514E-14,-0.6188999999999112,0.5660999999999916,0.565800000000003,0.565800000000003,0.565800000000003,0.0,
0.041270000000000806,0.7634500000000006,1.134850000000001,0.9491500000000013,-0.4952099999999984,0.6412999999999993,-0.2640600000000006,0.2829200000000007,1.1128400000000003,1.45235,0.6188999999999645,1.2377999999999822,0.6191999999999798,0.6188999999999645,0.6188999999999645,0.0,0.565800000000003,0.5660999999999916,-0.565800000000003,0.0,
0.06189999999999962,0.80471,1.1554900000000004,0.9697800000000001,-0.47457999999999956,0.6412999999999993,-0.24520000000000053,0.30179000000000045,1.0939800000000002,1.45235,5.3290705182007514E-14,-1.2377999999999822,0.0,3.0000000001528804E-4,-0.6189000000000178,0.0,0.565800000000003,0.0,0.565800000000003,0.565800000000003,
0.0619000000000014,0.7634500000000006,1.1554900000000004,0.9697900000000006,-0.49521000000000015,0.6412999999999993,-0.22634000000000043,0.30179000000000045,1.1128400000000003,1.4712100000000001,0.6191999999999531,1.238099999999971,0.6188999999999911,0.6188999999999911,0.6192000000000064,0.0,0.565800000000003,0.0,-0.565800000000003,0.565800000000003,
0.08253999999999984,0.8047199999999997,1.17612,0.9904200000000003,-0.47456999999999994,0.6412999999999993,-0.20748000000000033,0.30179000000000045,1.0939800000000002,1.4900700000000002,-0.6192000000000064,-0.6192000000000064,-2.6645352591003757E-14,-2.6645352591003757E-14,-0.6192000000000064,-0.565800000000003,0.0,-0.565800000000003,0.0,-1.131600000000006,
0.06189999999999962,0.7840799999999994,1.1761199999999992,0.9904199999999994,-0.49521000000000015,0.6224399999999992,-0.20748000000000033,0.28293000000000035,1.0939800000000002,1.45235,1.2381000000000242,1.2381000000000242,1.2381000000000242,1.2380999999999975,0.6189000000000178,0.0,0.0,0.565800000000003,-0.565800000000003,1.131600000000006,
0.10317000000000043,0.8253500000000003,1.21739,1.0316899999999993,-0.47457999999999956,0.6224399999999992,-0.20748000000000033,0.30179000000000045,1.07512,1.4900700000000002,-0.6192000000000064,0.0,-0.6192000000000064,-0.6191999999999531,-0.6189000000000178,0.0,0.5660999999999916,0.0,0.0,0.0,
0.08253000000000021,0.8253500000000003,1.1967499999999998,1.011050000000001,-0.49521000000000015,0.6224399999999992,-0.1886100000000006,0.30179000000000045,1.07512,1.4900700000000002,-5.3290705182007514E-14,-5.3290705182007514E-14,0.6191999999999798,-5.3290705182007514E-14,0.0,-0.5660999999999916,0.0,0.0,0.0,0.0,
0.08252999999999844,0.8253499999999985,1.217389999999999,1.0110499999999991,0.2682399999999987,0.6035699999999995,-0.1886100000000006,0.30179000000000045,1.07512,1.5466600000000001,3.000000000419334E-4,5.3290705182007514E-14,2.6645352591003757E-14,5.3290705182007514E-14,1.2381000000000242,0.0,0.0,0.565800000000003,0.0,0.0,
0.08253999999999984,0.8253500000000003,1.21739,1.011050000000001,-0.49521000000000015,0.6035699999999995,-0.1886100000000006,0.32065000000000055,1.07512,1.4900700000000002,0.6189000000000178,0.0,0.0,2.999999999886427E-4,5.3290705182007514E-14,0.0,0.0,0.0,-0.5660999999999916,0.0,
0.10317000000000043,0.8253500000000003,1.21739,1.0110600000000005,0.3095100000000013,0.6035699999999995,-0.1886100000000006,0.32065000000000055,1.0562500000000004,1.5277899999999995,0.0,0.6192000000000064,0.0,0.0,0.0,-0.565800000000003,-0.565800000000003,-0.565800000000003,-1.697400000000009,-0.565800000000003,
0.10317000000000043,0.8459900000000005,1.21739,1.0110600000000005,0.3095100000000013,0.5847099999999994,-0.2074700000000007,0.30179000000000045,0.9996700000000001,1.5089299999999994,-0.6192000000000597,-0.6192000000000597,-0.6189000000000178,-0.6192000000000597,-0.6192000000000597,0.0,0.565800000000003,0.0,-0.565800000000003,0.0,
0.08252999999999844,0.8253499999999985,1.1967599999999994,0.9904199999999985,0.2888699999999993,0.5847099999999994,-0.1886100000000006,0.30179000000000045,0.98081,1.5089299999999994,0.6192000000000597,5.3290705182007514E-14,0.0,5.3290705182007514E-14,0.0,2.999999999886427E-4,-0.565800000000003,-0.565800000000003,0.0,-0.565800000000003,
0.10317000000000043,0.8253500000000003,1.1967599999999994,0.9904200000000003,0.2888699999999993,0.584719999999999,-0.2074700000000007,0.28293000000000035,0.98081,1.4900699999999993,0.0,0.6192000000000064,5.3290705182007514E-14,0.0,0.6192000000000597,0.0,0.0,0.0,-1.131600000000006,0.0,
0.10317000000000043,0.8459900000000005,1.1967600000000012,0.9904200000000003,0.3095100000000013,0.584719999999999,-0.2074700000000007,0.28293000000000035,0.9430899999999998,1.4900699999999993,0.6189000000000178,0.6185999999999758,-3.000000000419334E-4,0.0,0.6188999999999645,-2.999999999886427E-4,-0.5660999999999916,-0.5660999999999916,-0.5660999999999916,2.6645352591003757E-14,
0.12380000000000102,0.8666099999999997,1.1967499999999998,0.9904200000000003,0.3301400000000001,0.5847099999999994,-0.22634000000000043,0.2640600000000006,0.92422,1.4900700000000002,-5.3290705182007514E-14,-0.6189000000000178,0.0,-2.999999999886427E-4,-0.6192000000000064,0.0,-0.565800000000003,-0.565800000000003,-1.131600000000006,-0.565800000000003,
0.12379999999999924,0.8459799999999991,1.1967499999999998,0.9904100000000007,0.3094999999999999,0.5847099999999994,-0.24520000000000053,0.24520000000000053,0.8864999999999998,1.4712100000000001,-0.6188999999999645,-0.6188999999999645,2.999999999886427E-4,2.999999999886427E-4,-0.6189000000000178,0.0,-0.565800000000003,0.0,0.0,0.0,
0.10317000000000043,0.8253500000000003,1.1967599999999994,0.9904200000000003,0.2888699999999993,0.5847099999999994,-0.2640600000000006,0.24520000000000053,0.8864999999999998,1.4712100000000001,0.6191999999999531,-5.3290705182007514E-14,0.0,-5.3290705182007514E-14,2.999999999886427E-4,0.0,-0.565800000000003,-0.565800000000003,-1.131600000000006,-0.565800000000003,
0.12380999999999887,0.8253499999999985,1.1967599999999994,0.9904199999999985,0.2888799999999989,0.5847099999999994,-0.2829200000000007,0.22634000000000043,0.8487799999999996,1.45235,-2.99999999935352E-4,5.3290705182007514E-14,0.6189000000000178,5.3290705182007514E-14,-2.99999999935352E-4,0.0,-0.565800000000003,-0.565800000000003,0.0,0.0,
0.12380000000000102,0.8253500000000003,1.21739,0.9904200000000003,0.28887000000000107,0.5847099999999994,-0.3017800000000008,0.20748000000000033,0.8487799999999996,1.45235,0.6191999999999531,-5.3290705182007514E-14,0.0,0.6188999999999645,0.6191999999999531,2.999999999886427E-4,-0.565800000000003,0.0,-1.131600000000006,-0.565800000000003,
0.14443999999999946,0.8253499999999985,1.21739,1.0110499999999991,-0.5364500000000003,0.584719999999999,-0.3206400000000009,0.20748000000000033,0.8110599999999994,1.35804,-2.99999999935352E-4,5.3290705182007514E-14,0.0,5.3290705182007514E-14,-0.6209999999999916,0.5655000000000143,-2.999999999886427E-4,-0.5660999999999916,-2.999999999886427E-4,-3.0000000001528804E-4,
0.1444300000000016,0.8253500000000003,1.21739,1.011050000000001,0.3094999999999999,0.6035699999999995,-0.32065000000000055,0.1886100000000006,0.8110499999999998,1.4334799999999994,-0.6186000000000824,-5.3290705182007514E-14,0.0,-0.6189000000000711,-1.2378000000000355,0.0,-0.565800000000003,-0.565800000000003,-1.131600000000006,-0.565800000000003,
0.12380999999999887,0.8253499999999985,1.21739,0.9904199999999985,0.2682399999999987,0.6035699999999995,-0.33951000000000064,0.1697500000000005,0.7733299999999996,1.4146199999999993,0.6186000000000291,5.3290705182007514E-14,0.0,5.3290705182007514E-14,0.6189000000000711,0.565800000000003,0.565800000000003,0.5657999999999497,0.565800000000003,0.565800000000003,
0.14442999999999984,0.8253500000000003,1.21739,0.9904200000000003,0.28887000000000107,0.6224299999999996,-0.32065000000000055,0.18860999999999883,0.7921899999999997,1.4334799999999994,2.999999999886427E-4,0.6188999999999645,0.0,-5.3290705182007514E-14,-5.3290705182007514E-14,0.0,-0.565800000000003,-0.565800000000003,-0.565800000000003,-0.565800000000003,
0.14443999999999946,0.8459799999999991,1.21739,0.9904199999999985,0.2888699999999993,0.6224299999999996,-0.33951000000000064,0.16974999999999874,0.7733299999999996,1.4146199999999993,-2.999999999886427E-4,5.3290705182007514E-14,0.0,-2.99999999935352E-4,-0.6191999999999531,0.0,0.565800000000003,0.5661000000000449,0.0,0.0,
0.14442999999999984,0.8459800000000008,1.21739,0.9904100000000007,0.26823000000000086,0.6224299999999996,-0.32065000000000055,0.18862000000000023,0.7733299999999996,1.4146199999999993,2.999999999886427E-4,2.99999999935352E-4,-0.6189000000000178,-0.6186000000000291,2.99999999935352E-4,2.999999999886427E-4,0.0,0.0,0.0,-0.565800000000003,
0.14443999999999946,0.8459899999999987,1.1967599999999994,0.9697899999999997,0.2682399999999987,0.6224399999999992,-0.32065000000000055,0.18862000000000023,0.7733299999999996,1.3957599999999992,-2.999999999886427E-4,0.6186000000000291,-2.999999999886427E-4,-2.999999999886427E-4,0.6189000000000711,0.565800000000003,0.565800000000003,0.565800000000003,1.131600000000006,0.0,
0.14442999999999984,0.8666099999999997,1.1967499999999998,0.9697800000000001,0.28887000000000107,0.6412999999999993,-0.30179000000000045,0.20748000000000033,0.8110499999999998,1.3957599999999992,0.6192000000000064,2.999999999886427E-4,0.6192000000000064,0.6192000000000064,-5.3290705182007514E-14,-0.565800000000003,2.999999999886427E-4,-0.565800000000003,0.0,-0.565800000000003,
0.16507000000000005,0.8666199999999993,1.21739,0.9904200000000003,0.2888699999999993,0.6224399999999992,-0.3017800000000008,0.18862000000000023,0.8110499999999998,1.3768999999999991,0.0012000000000078614,0.6201000000000256,0.0012000000000078614,0.0012000000000078614,0.0012000000000611522,0.565800000000003,0.0,0.5657999999999497,-0.565800000000003,0.0,
0.1651100000000003,0.8872900000000001,1.2174300000000002,0.9904600000000006,0.28891000000000133,0.6412999999999993,-0.3017800000000008,0.20747999999999855,0.7921899999999997,1.3768999999999991,-9.000000000192188E-4,-8.999999999659281E-4,-0.6200999999999723,-0.6201000000000256,-0.619800000000037,-0.565800000000003,0.0,0.0,0.5660999999999916,-0.565800000000003,
0.16507999999999967,0.8872600000000013,1.1967600000000012,0.9697899999999997,0.2682500000000001,0.6224399999999992,-0.3017800000000008,0.20747999999999855,0.8110599999999994,1.358039999999999,0.0,-5.3290705182007514E-14,-5.3290705182007514E-14,0.0,-0.6192000000000064,-2.999999999886427E-4,0.5655000000000143,-2.999999999886427E-4,-2.999999999886427E-4,-0.5660999999999916,
0.16507999999999967,0.8872599999999995,1.1967599999999994,0.9697899999999997,0.24760999999999989,0.6224299999999996,-0.28293000000000035,0.20746999999999893,0.8110499999999998,1.3391699999999993,0.6189000000000178,1.2377999999999822,1.2381000000000242,1.2381000000000242,0.6189000000000178,0.0,0.565800000000003,0.0,-0.565800000000003,0.0,
0.18571000000000026,0.9285199999999989,1.2380300000000002,1.0110600000000005,0.2682400000000005,0.6224299999999996,-0.26407000000000025,0.20746999999999893,0.7921899999999997,1.3391699999999993,-9.000000000192188E-4,-0.6197999999999837,-0.6201000000000256,-0.6201000000000256,-0.619800000000037,0.0,0.0,3.000000000419334E-4,0.0,-0.565800000000003,
0.18567999999999962,0.9078599999999994,1.2173599999999993,0.9903899999999997,0.24757999999999925,0.6224299999999996,-0.26407000000000025,0.20748000000000033,0.7921899999999997,1.3203099999999992,5.999999999772854E-4,9.000000000192188E-4,0.6201000000000256,0.6200999999999723,9.000000000192188E-4,0.0,0.5660999999999916,0.0,0.0,0.0,
0.18569999999999887,0.9078900000000001,1.2380300000000002,1.0110599999999987,0.24760999999999989,0.6224299999999996,-0.24520000000000053,0.20748000000000033,0.7921899999999997,1.3203099999999992,0.6210000000000448,0.6201000000000256,9.000000000192188E-4,9.000000000725095E-4,0.6201000000000256,-0.565800000000003,-0.565800000000003,-0.565800000000003,-0.565800000000003,-0.565800000000003,
0.20640000000000036,0.9285600000000009,1.2380600000000008,1.0110900000000012,0.26828000000000074,0.6035699999999995,-0.2640600000000006,0.18862000000000023,0.7733299999999996,1.301449999999999,0.6179999999999986,1.236899999999963,1.236899999999963,1.236899999999963,1.2365999999999744,0.565800000000003,0.565800000000003,0.5657999999999497,0.565800000000003,0.0,
0.2270000000000003,0.9697899999999997,1.2792899999999996,1.05232,0.3094999999999999,0.6224299999999996,-0.24520000000000053,0.20747999999999855,0.7921899999999997,1.301449999999999,-0.6209999999999916,-0.6200999999999723,-0.6197999999999837,-0.6197999999999837,-0.6209999999999916,-0.565800000000003,0.0,0.0,0.0,-0.565800000000003,
0.2063000000000006,0.9491200000000006,1.2586300000000001,1.0316600000000005,0.28880000000000017,0.6035699999999995,-0.24520000000000053,0.20747999999999855,0.7921899999999997,1.282589999999999,-0.6179999999999986,-0.6171000000000326,0.0017999999999851468,-0.6171000000000326,-0.6150000000000055,0.0,0.0,0.0,-0.565800000000003,0.0,
0.18570000000000064,0.9285499999999995,1.0110899999999994,1.2586899999999996,0.2683,0.6035699999999995,-0.24520000000000053,0.7733299999999996,0.20747999999999855,1.282589999999999,0.6179999999999986,0.6171000000000326,0.6167999999999907,-0.0017999999999851468,0.6150000000000055,-0.565800000000003,-0.565800000000003,0.0,-0.565800000000003,-0.565800000000003,
0.2063000000000006,0.9491200000000006,1.2586300000000001,1.031649999999999,0.28880000000000017,0.5847099999999994,-0.2640600000000006,0.18861999999999846,0.7733299999999996,1.263729999999999,-5.3290705182007514E-14,8.999999999659281E-4,0.6197999999999837,0.0012000000000078614,-0.6179999999999986,0.5660999999999916,0.0,0.0,-0.565800000000003,0.0,
0.20629999999999882,0.9491499999999995,1.0316899999999993,0.2682000000000002,1.2792899999999996,0.6035799999999991,-0.2640600000000006,0.7544699999999995,1.263729999999999,0.18861999999999846,0.6209999999999916,0.0,0.0,0.6209999999999916,0.0,-0.5660999999999916,-0.5660999999999916,-0.5660999999999916,-0.5660999999999916,-0.5660999999999916,
0.22699999999999854,0.9491499999999995,1.0316899999999993,0.28889999999999993,1.2792899999999996,0.5847099999999994,-0.28293000000000035,0.7355999999999998,1.2448599999999992,0.16974999999999874,-0.6209999999999916,-9.000000000192188E-4,-0.0012000000000078614,-0.6210000000000448,-0.6201000000000256,-0.565800000000003,-0.565800000000003,-0.565800000000003,-0.565800000000003,-0.565800000000003,
0.20629999999999882,0.9491199999999989,0.26819999999999844,1.031649999999999,1.2586199999999987,0.5658499999999993,-0.30179000000000045,1.225999999999999,0.7167399999999997,0.15088999999999864,0.6210000000000448,9.000000000725095E-4,0.6210000000000448,9.000000000725095E-4,0.0012000000000611522,0.0,0.0,-0.565800000000003,-0.565800000000003,-0.565800000000003,
0.2270000000000003,0.9491500000000013,0.28889999999999993,1.0316800000000015,1.2586600000000008,0.5658499999999993,-0.30179000000000045,1.207139999999999,0.6978799999999996,0.13202999999999854,-0.6209999999999916,-0.6201000000000256,-1.23899999999999,-0.619800000000037,-0.6201000000000256,5.3290705182007514E-14,-0.5657999999999497,3.0000000006857874E-4,-0.5657999999999497,-0.5657999999999497,
0.2063000000000006,0.9284800000000004,1.0110200000000003,0.24760000000000026,1.23799,0.5658500000000011,-0.32064999999999877,0.6790200000000013,1.2071500000000013,0.11317000000000021,0.0029999999999930083,-0.6170999999999793,0.0017999999999851468,0.0,0.0017999999999851468,-0.565800000000003,-0.565800000000003,-0.565800000000003,-0.565800000000003,-0.565800000000003,
0.20640000000000036,0.9079100000000011,1.0110799999999998,0.24760000000000026,1.2380499999999994,0.546990000000001,-0.33950999999999887,0.6601600000000012,1.1882900000000012,0.09431000000000012,0.6179999999999986,-5.3290705182007514E-14,0.0,-0.6179999999999986,0.0,-3.000000000419334E-4,-1.1319000000000479,-1.1319000000000479,-0.5661000000000715,-0.5661000000000449,
0.2270000000000003,0.9079099999999993,1.0110799999999998,0.2270000000000003,1.2380499999999994,0.5469799999999996,-0.37724000000000046,0.6224299999999996,1.1694199999999988,0.07543999999999862,-0.6209999999999916,-8.999999999659281E-4,-0.6200999999999723,-0.6209999999999916,-0.6197999999999837,3.000000000419334E-4,5.3290705182007514E-14,-0.5657999999999497,-0.5657999999999497,-0.5657999999999497,
0.2063000000000006,0.9078800000000005,0.9904100000000007,0.2063000000000006,1.21739,0.546990000000001,-0.3772399999999987,0.6035700000000013,1.1505600000000005,0.0565800000000003,0.6209999999999916,8.999999999659281E-4,0.0011999999999545707,0.6209999999999916,0.6197999999999837,0.0,-0.565800000000003,-0.565800000000003,-0.565800000000003,-0.565800000000003,
0.2270000000000003,0.9079099999999993,0.9904499999999992,0.2270000000000003,1.2380499999999994,0.546990000000001,-0.3960999999999988,0.5847100000000012,1.1317000000000004,0.0377200000000002,0.0,-0.6200999999999723,-0.0012000000000078614,0.0,-0.6200999999999723,0.0,-0.565800000000003,-0.565800000000003,0.0,-0.565800000000003,
0.2270000000000003,0.8872400000000003,0.9904099999999989,0.2270000000000003,1.2173800000000004,0.546990000000001,-0.4149599999999989,0.5658500000000011,1.1317000000000004,0.0188600000000001,-0.003000000000046299,-0.619800000000037,-0.6197999999999837,-0.6210000000000448,-9.000000000192188E-4,0.0,-0.565800000000003,-0.565800000000003,-0.565800000000003,0.0,
0.22689999999999877,0.866579999999999,0.9697499999999994,0.20629999999999882,1.2173499999999997,0.546990000000001,-0.433819999999999,0.546990000000001,1.1128400000000003,0.0188600000000001,0.6210000000000448,-1.2383999999999595,-2.99999999935352E-4,5.3290705182007514E-14,5.3290705182007514E-14,-0.5661000000000183,-5.092800000000004,-1.1319000000000212,-1.6976999999999975,-1.6976999999999975,
0.24760000000000026,0.8253000000000004,0.2063000000000006,0.9697400000000016,1.2173500000000015,0.5281200000000004,-0.6035799999999991,1.0562500000000004,0.5092600000000003,-0.03772999999999982,-0.6179999999999986,0.0029999999999930083,0.0029999999999930083,0.0020999999999737895,0.0020999999999737895,3.0000000001528804E-4,2.999999999886427E-4,0.0,0.0,2.999999999886427E-4,
0.2270000000000003,0.8254000000000001,0.20640000000000036,0.9698100000000007,1.2174200000000006,0.5281300000000009,-0.6035699999999995,1.0562500000000004,0.5092600000000003,-0.0377200000000002,0.6179999999999986,0.6150000000000055,-0.0029999999999930083,-0.00210000000002708,-0.00210000000002708,-2.6645352591003757E-14,-0.565800000000003,-0.565800000000003,-1.131600000000006,-0.565800000000003,
0.24760000000000026,0.8459000000000003,0.2063000000000006,0.9697399999999998,1.2173499999999997,0.52813,-0.6224299999999996,1.0373900000000003,0.47154000000000007,-0.0565800000000003,0.0,-0.6150000000000055,-0.6179999999999986,0.00210000000002708,0.0018000000000384375,-0.565800000000003,0.0,-0.565800000000003,0.5661000000000183,0.0,
0.24760000000000026,0.8254000000000001,0.18570000000000064,0.9698100000000007,1.217410000000001,0.5092699999999999,-0.6224299999999996,1.0185300000000002,0.4904100000000007,-0.0565800000000003,0.0,-0.0029999999999930083,-0.6179999999999986,-0.6213000000000335,-9.000000000192188E-4,0.0,0.0,0.0,-0.565800000000003,0.0,
0.24760000000000026,0.1651000000000007,0.8253000000000004,0.9490999999999996,1.2173800000000004,0.5092699999999999,1.0185300000000002,-0.6224299999999996,0.4715500000000006,-0.0565800000000003,0.0,-5.3290705182007514E-14,0.6209999999999916,0.6209999999999916,0.0,-2.999999999886427E-4,-0.5660999999999916,0.5655000000000143,0.5654999999999877,-2.999999999886427E-4,
0.24760000000000026,0.16509999999999891,0.8460000000000001,0.9697999999999993,1.2173800000000004,0.5092600000000003,0.9996600000000004,-0.6035799999999991,0.49040000000000017,-0.05658999999999992,0.0,-0.0029999999999930083,-0.6209999999999916,-0.6209999999999916,-0.6201000000000256,0.0,-0.565800000000003,0.0,0.0,0.0,
0.24760000000000026,0.16499999999999915,0.8253000000000004,0.9490999999999996,1.1967099999999995,0.5092600000000003,0.9808000000000003,-0.6035799999999991,0.49040000000000017,-0.05658999999999992,0.6179999999999986,0.0029999999999930083,0.6209999999999916,0.6209999999999916,0.6200999999999723,-0.565800000000003,0.0,2.999999999886427E-4,-0.565800000000003,0.0,
0.2682000000000002,0.16509999999999891,0.8460000000000001,0.9697999999999993,1.2173799999999986,0.49040000000000017,0.9808000000000003,-0.6035699999999995,0.47154000000000007,-0.05658999999999992,-0.6180000000000518,-0.6209999999999916,-0.003000000000046299,-0.6209999999999916,-0.6200999999999723,0.0,-0.565800000000003,0.0,0.0,2.999999999886427E-4,
0.2475999999999985,0.1443999999999992,0.8458999999999985,0.9490999999999996,1.1967099999999995,0.49040000000000017,0.9619400000000002,-0.6035699999999995,0.47154000000000007,-0.0565800000000003,5.3290705182007514E-14,0.003000000000046299,-0.6149999999999523,-0.6179999999999453,0.00210000000002708,-0.565800000000003,-0.565800000000003,0.0,0.0,-0.565800000000003,
0.24760000000000026,0.14450000000000074,0.8254000000000001,0.9285000000000014,1.1967800000000004,0.47154000000000007,0.9430800000000001,-0.6035699999999995,0.47154000000000007,-0.0754400000000004,0.0,0.6179999999999986,0.6179999999999986,0.6209999999999916,0.0,2.999999999886427E-4,2.999999999886427E-4,0.565800000000003,2.999999999886427E-4,0.565800000000003,
0.24760000000000026,0.1651000000000007,0.8460000000000001,0.9492000000000012,1.1967800000000004,0.4715499999999997,0.9430899999999998,-0.5847099999999994,0.4715499999999997,-0.0565800000000003,-0.6179999999999986,-0.6179999999999986,-1.23899999999999,-1.2390000000000434,-1.2384000000000128,-2.999999999886427E-4,-0.5660999999999916,-2.999999999886427E-4,0.5655000000000143,-0.5660999999999916,
0.2270000000000003,0.14450000000000074,0.8047000000000004,0.9078999999999997,1.1555,0.47154000000000007,0.92422,-0.584719999999999,0.49040000000000017,-0.07545000000000002,-0.6209999999999916,-0.6209999999999916,0.0,0.0,0.0,-0.565800000000003,0.0,2.999999999886427E-4,0.0,0.0,
0.2063000000000006,0.12380000000000102,0.8047000000000004,0.9078999999999997,1.1555,0.45267999999999997,0.92422,-0.5847099999999994,0.49040000000000017,-0.07545000000000002,0.6209999999999916,-5.3290705182007514E-14,0.6209999999999916,0.6179999999999986,0.6179999999999986,0.0,-0.565800000000003,0.0,-1.131600000000006,-0.565800000000003,
0.2270000000000003,0.12379999999999924,0.8254000000000001,0.9284999999999997,1.1761,0.45267999999999997,0.9053599999999999,-0.5847099999999994,0.45267999999999997,-0.09431000000000012,0.6179999999999986,0.6179999999999986,0.6150000000000055,0.0,0.0,0.565800000000003,0.565800000000003,0.565800000000003,1.131600000000006,0.565800000000003,
0.24760000000000026,0.1443999999999992,0.8459000000000003,0.9284999999999997,1.1761,0.47154000000000007,0.92422,-0.5658499999999993,0.49040000000000017,-0.07545000000000002,0.0,0.6179999999999986,0.0,0.6179999999999986,0.6179999999999986,-1.131600000000006,-0.565800000000003,0.0,-0.565800000000003,-0.565800000000003,
0.24760000000000026,0.16499999999999915,0.8459000000000003,0.9490999999999996,1.1966999999999999,0.4338199999999999,0.9053599999999999,-0.5658499999999993,0.47154000000000007,-0.09431000000000012,-0.6210000000000448,-0.6179999999999986,-0.6179999999999986,-0.6179999999999986,-1.23899999999999,0.565800000000003,0.0,0.0,0.0,0.0,
0.22689999999999877,0.1443999999999992,0.8253000000000004,0.9284999999999997,1.1554000000000002,0.45267999999999997,0.9053599999999999,-0.5658499999999993,0.47154000000000007,-0.09431000000000012,0.0029999999999930083,-0.6179999999999986,-0.6180000000000518,-0.6179999999999986,0.0029999999999930083,0.0,0.0,-5.3290705182007514E-14,-0.565800000000003,2.999999999886427E-4,
0.22699999999999854,0.12379999999999924,0.8046999999999986,0.9078999999999997,1.1555,0.45267999999999997,0.9053599999999999,-0.5658500000000011,0.45267999999999997,-0.0943000000000005,0.6210000000000448,0.003000000000046299,0.6210000000000448,0.6210000000000448,0.6210000000000448,0.0,-2.999999999886427E-4,-0.5660999999999916,0.0,-0.5660999999999916,
0.24770000000000003,0.12390000000000079,0.8254000000000001,0.9286000000000012,1.1762000000000015,0.45267999999999997,0.9053500000000003,-0.5847200000000008,0.45267999999999997,-0.11317000000000021,-0.0029999999999930083,-0.0029999999999930083,0.0,-0.0029999999999930083,-0.6210000000000448,0.565800000000003,0.5660999999999916,0.5661000000000449,0.565800000000003,0.565800000000003,
0.24760000000000026,0.12380000000000102,0.8254000000000001,0.9285000000000014,1.1555,0.47154000000000007,0.92422,-0.5658499999999993,0.47154000000000007,-0.09431000000000012,0.6209999999999916,0.0029999999999930083,-0.6179999999999986,-0.6180000000000518,-0.6179999999999986,0.0,-0.565800000000003,-0.565800000000003,-0.565800000000003,-0.565800000000003,
0.2683,0.12390000000000079,0.8048000000000002,0.9078999999999997,1.1349,0.47154000000000007,0.9053599999999999,-0.5847099999999994,0.45267999999999997,-0.11317000000000021,0.0,-0.0029999999999930083,-0.6209999999999916,0.0,0.0,0.0,0.0,-0.565800000000003,0.0,-0.565800000000003,
0.2683,0.12380000000000102,0.7841000000000005,0.9078999999999997,1.1349,0.47154000000000007,0.9053599999999999,-0.6035699999999995,0.45267999999999997,-0.1320300000000003,-0.0029999999999930083,-0.6210000000000448,0.0,0.0,-0.6209999999999916,0.0,0.0,0.0,-0.565800000000003,0.0,
0.2682000000000002,0.10309999999999953,0.7841000000000005,0.9078999999999997,1.1142000000000003,0.47154000000000007,0.9053599999999999,-0.6035699999999995,0.4338199999999999,-0.1320300000000003,0.0,-1.235999999999997,-1.23899999999999,-1.23899999999999,-0.6179999999999986,-2.6645352591003757E-14,0.0,-0.565800000000003,-0.565800000000003,-0.565800000000003,
0.2682000000000002,0.06189999999999962,0.8666,0.7428000000000008,1.0936000000000003,0.4715399999999992,0.9053599999999999,0.4149599999999998,-0.6224299999999996,-0.1508900000000004,0.0029999999999930083,0.0,0.0029999999999930083,0.0029999999999930083,-0.6179999999999986,2.6645352591003757E-14,-0.5660999999999916,-2.999999999886427E-4,-3.000000000419334E-4,-0.5660999999999916,
0.2683,0.06189999999999962,0.8666999999999998,0.7429000000000006,1.0730000000000004,0.47154000000000007,0.8864900000000002,0.41495000000000015,-0.622440000000001,-0.16976000000000013,1.235999999999997,0.6179999999999986,-0.0029999999999930083,-0.6210000000000448,-0.6209999999999916,0.0,-0.5658000000000296,-2.6645352591003757E-14,-0.565800000000003,-0.565800000000003,
0.3094999999999999,0.08249999999999957,0.8666,0.7221999999999991,1.0523000000000007,0.47154000000000007,0.8676299999999992,0.41494999999999926,-0.6413000000000011,-0.18862000000000023,-0.6179999999999986,-1.23899999999999,-1.23899999999999,-1.23899999999999,-0.6179999999999986,0.5657999999999763,3.0000000001528804E-4,-0.565800000000003,-0.565800000000003,-0.565800000000003,
0.28889999999999993,0.0411999999999999,0.8253000000000004,0.6808999999999994,1.0317000000000007,0.4903999999999993,0.8676399999999997,0.39608999999999916,-0.6601600000000012,-0.20748000000000033,0.0,-1.235999999999997,-0.6179999999999986,-0.6179999999999986,-0.6210000000000448,2.6645352591003757E-14,-0.5657999999999763,3.000000000419334E-4,2.6645352591003757E-14,2.6645352591003757E-14,
0.28889999999999993,0.0,0.8047000000000004,0.6602999999999994,1.0109999999999992,0.49040000000000017,0.8487800000000005,0.39610000000000056,-0.6601600000000003,-0.20747999999999944,0.0,0.0,0.0029999999999930083,-0.6179999999999986,0.0029999999999930083,0.5660999999999916,-0.565800000000003,-0.565800000000003,-0.565800000000003,2.999999999886427E-4,
0.28889999999999993,0.0,0.8048000000000002,0.6396999999999995,1.011099999999999,0.5092699999999999,0.8299200000000004,0.37724000000000046,-0.6790200000000004,-0.20746999999999982,-0.6209999999999916,-0.6209999999999916,-1.2419999999999831,-1.23899999999999,-1.23899999999999,-3.0000000001528804E-4,-3.0000000001528804E-4,-0.5661000000000183,2.6645352591003757E-14,-0.5661000000000183,
0.2682000000000002,-0.02069999999999972,0.7634000000000007,0.5983999999999998,0.9697999999999993,0.5092599999999994,0.8299099999999999,0.35836999999999986,-0.6790199999999995,-0.22634000000000043,0.0029999999999930083,-1.235999999999997,-0.6150000000000588,-0.6179999999999986,-1.235999999999997,2.6645352591003757E-14,-0.5657999999999763,-0.5657999999999763,-0.5658000000000296,2.6645352591003757E-14,
0.2683,-0.06189999999999962,0.7428999999999988,0.5777999999999999,0.9285999999999994,0.5092600000000003,0.8110500000000007,0.33951000000000064,-0.6978800000000005,-0.22633999999999954,-0.6179999999999986,-1.235999999999997,-0.6209999999999916,-0.6179999999999986,-0.6209999999999916,0.0,-0.565800000000003,0.5657999999999763,0.0,-0.565800000000003,
0.24770000000000003,-0.10309999999999953,0.7221999999999991,0.5571999999999999,0.9078999999999997,0.5092600000000003,0.7921900000000006,0.35836999999999986,-0.6978800000000005,-0.24519999999999964,-0.6209999999999916,-0.6210000000000448,-0.6179999999999986,-0.6209999999999916,-0.6179999999999986,2.999999999886427E-4,-0.565800000000003,-0.565800000000003,-0.565800000000003,0.0,
0.2270000000000003,0.7015999999999991,-0.12380000000000102,0.5365000000000002,0.8872999999999998,0.5092699999999999,0.33950999999999976,0.7733300000000005,-0.7167400000000006,-0.24519999999999964,-0.6179999999999986,-0.6179999999999986,-0.6179999999999986,-0.6179999999999986,-0.6179999999999986,0.0,0.0,-0.565800000000003,0.0,0.0,
0.20640000000000036,0.6809999999999992,-0.14440000000000097,0.5159000000000002,0.8666999999999998,0.5092699999999999,0.33950999999999976,0.7544700000000004,-0.7167400000000006,-0.24519999999999964,-0.003000000000046299,-0.0029999999999930083,-0.6209999999999916,0.0,-0.0029999999999930083,-2.999999999886427E-4,-0.5660999999999916,-0.5660999999999916,-2.999999999886427E-4,-2.999999999886427E-4,
0.20629999999999882,0.6808999999999994,-0.1651000000000007,0.5159000000000002,0.8666,0.5092600000000003,0.32064000000000004,0.7356000000000007,-0.7167500000000002,-0.24520999999999926,-0.6179999999999986,0.0,-1.8569999999999887,-0.6210000000000448,-0.6179999999999986,-0.565800000000003,3.0000000001528804E-4,-0.5658000000000296,-0.565800000000003,2.999999999886427E-4,
0.18569999999999887,-0.2270000000000003,0.6808999999999994,0.8460000000000001,0.49519999999999875,0.49040000000000017,0.7167399999999997,0.32065000000000055,-0.24519999999999964,-0.7356100000000003,-0.6209999999999916,-0.6179999999999986,0.0,0.0,-0.6179999999999986,0.0,-0.565800000000003,-2.6645352591003757E-14,0.0,0.5660999999999916,
0.16499999999999915,-0.24760000000000026,0.6808999999999994,0.4745999999999988,0.8460000000000001,0.49040000000000017,0.6978799999999996,0.32064999999999966,-0.7167400000000006,-0.24519999999999964,0.0029999999999930083,0.0,0.0029999999999930083,0.6209999999999916,0.0,-0.565800000000003,-0.565800000000003,0.0,-0.565800000000003,0.0,
0.16509999999999891,-0.24760000000000026,0.6809999999999992,0.8460000000000001,0.4952999999999985,0.47154000000000007,0.6790199999999995,0.32064999999999966,-0.24519999999999964,-0.7356000000000007,0.0,-1.23899999999999,-0.0029999999999930083,-5.3290705182007514E-14,-0.0029999999999930083,0.0,-0.565800000000003,-0.565800000000003,-2.6645352591003757E-14,0.0,
0.16509999999999891,-0.28889999999999993,0.6808999999999994,0.8459999999999983,0.49519999999999875,0.47154000000000007,0.6601599999999994,0.30178999999999956,-0.24520000000000053,-0.7356000000000007,-0.6209999999999916,0.0,0.0,-0.6179999999999986,-0.6179999999999986,0.0,0.0,0.0,0.565800000000003,0.565800000000003,
0.1443999999999992,-0.28889999999999993,0.6808999999999994,0.8253999999999984,0.4745999999999988,0.47154000000000007,0.6601599999999994,0.30178999999999956,-0.22634000000000043,-0.7167400000000006,-0.6179999999999986,-1.2390000000000434,-0.6179999999999986,-0.6209999999999916,0.0,-0.565800000000003,-1.1318999999999946,-0.5660999999999916,0.0,0.565800000000003,
0.12379999999999924,-0.3302000000000014,0.6602999999999994,0.8046999999999986,0.4745999999999988,0.45267999999999997,0.6224299999999996,0.28291999999999984,-0.22634000000000043,-0.6978800000000005,0.6180000000000518,0.003000000000046299,0.6180000000000518,1.2390000000000434,0.6180000000000518,0.0,0.0,0.565800000000003,0.565800000000003,0.565800000000003,
0.14440000000000097,-0.33009999999999984,0.6809000000000012,0.49520000000000053,0.8460000000000001,0.45267999999999997,0.6224299999999996,0.30177999999999994,-0.6790200000000004,-0.20748000000000033,-0.6179999999999986,-1.23899999999999,-0.6179999999999986,-0.6179999999999986,-0.6179999999999986,0.0,-0.565800000000003,-0.565800000000003,0.0,0.0,
0.12380000000000102,-0.3713999999999995,0.6603000000000012,0.4746000000000006,0.8254000000000001,0.45267999999999997,0.6035699999999995,0.28291999999999984,-0.6790200000000004,-0.20748000000000033,0.0,0.0,0.0,0.6179999999999986,-0.0029999999999930083,-0.565800000000003,-0.565800000000003,-0.565800000000003,0.0,-0.565800000000003,
0.12380000000000102,-0.3713999999999995,0.6603000000000012,0.49520000000000053,0.8253000000000004,0.4338199999999999,0.5847099999999994,0.26405999999999974,-0.6790200000000004,-0.22634000000000043,-0.6209999999999916,-0.6209999999999916,-0.6210000000000448,-0.6179999999999986,-0.6179999999999986,0.565800000000003,0.565800000000003,0.0,0.565800000000003,0.565800000000003,
0.1031000000000013,0.6395999999999997,-0.3920999999999992,0.4746000000000006,0.8047000000000004,0.45267999999999997,0.26405999999999974,0.6035699999999995,-0.6601600000000003,-0.20748000000000033,0.0029999999999930083,-0.6150000000000055,-1.235999999999997,0.0,0.0029999999999930083,0.0,0.0,-0.565800000000003,0.5660999999999916,0.0,
0.10320000000000107,0.6190999999999995,-0.43329999999999913,0.4746000000000006,0.8048000000000002,0.45267999999999997,0.26405999999999974,0.5847099999999994,-0.6412900000000006,-0.20748000000000033,0.6179999999999986,0.6150000000000055,0.6179999999999986,0.6179999999999986,0.6150000000000055,-0.565800000000003,2.999999999886427E-4,-0.565800000000003,0.0,2.999999999886427E-4,
0.12380000000000102,0.6395999999999997,-0.4126999999999992,0.49520000000000053,0.8253000000000004,0.4338199999999999,0.26406999999999936,0.5658499999999993,-0.6412900000000006,-0.2074700000000007,-5.3290705182007514E-14,0.0029999999999930083,-1.2360000000000504,0.0029999999999930083,0.6209999999999916,0.565800000000003,-0.5660999999999916,0.565800000000003,0.565800000000003,0.565800000000003,
0.12379999999999924,0.6396999999999995,-0.45390000000000086,0.4953000000000003,0.8460000000000001,0.45267999999999997,0.24519999999999964,0.5847099999999994,-0.6224300000000005,-0.1886100000000006,-1.23899999999999,-1.23899999999999,-1.23899999999999,-1.2419999999999831,-1.23899999999999,0.0,3.0000000001528804E-4,-0.5657999999999763,2.6645352591003757E-14,-0.5657999999999763,
0.08249999999999957,0.5983999999999998,-0.49520000000000053,0.45390000000000086,0.8047000000000004,0.45267999999999997,0.24521000000000015,0.5658500000000002,-0.6224299999999996,-0.20746999999999982,1.23899999999999,0.6179999999999986,0.0,1.23899999999999,0.6209999999999916,0.5661000000000183,0.0,0.0,0.0,0.565800000000003,
0.12379999999999924,0.6189999999999998,-0.49520000000000053,0.49520000000000053,0.8254000000000001,0.4715500000000006,0.24521000000000015,0.5658500000000002,-0.6224299999999996,-0.18860999999999972,-0.6209999999999916,0.0,-1.8569999999999887,-0.6210000000000448,-0.0029999999999930083,-3.0000000001528804E-4,-3.0000000001528804E-4,0.0,-3.0000000001528804E-4,-3.0000000001528804E-4,
0.10309999999999953,0.6189999999999998,0.47449999999999903,-0.5571000000000002,-0.10320000000000107,0.47154000000000007,0.24519999999999964,-0.6224400000000001,0.5658500000000002,0.8299099999999999,-0.6179999999999986,-0.6179999999999986,-0.6179999999999986,-0.6209999999999916,-0.6179999999999986,0.0,0.0,0.0,-0.565800000000003,0.0,
0.08249999999999957,0.5983999999999998,0.4538999999999991,-0.5777999999999999,0.8047000000000004,0.47154000000000007,0.24519999999999964,-0.6224400000000001,0.5469900000000001,-0.18862000000000023,-0.6179999999999986,-0.6209999999999916,0.0,-0.6179999999999986,-0.6179999999999986,-2.6645352591003757E-14,-0.565800000000003,2.999999999886427E-4,-0.565800000000003,-0.565800000000003,
0.06189999999999962,0.5777000000000001,0.4538999999999991,-0.5983999999999998,0.7841000000000005,0.4715399999999992,0.22633999999999954,-0.6224300000000005,0.52813,-0.20748000000000033,-0.6209999999999916,-0.6179999999999986,-0.6179999999999986,-1.23899999999999,0.0,0.565800000000003,0.0,0.0,-0.5661000000000183,0.0,
0.0411999999999999,0.5571000000000002,0.43329999999999913,0.7841000000000005,-0.6396999999999995,0.4903999999999993,0.22633999999999954,-0.6224300000000005,-0.20748000000000033,0.5092599999999994,0.0029999999999930083,0.6209999999999916,0.0,-5.3290705182007514E-14,-0.6150000000000055,0.0,0.565800000000003,0.565800000000003,0.565800000000003,0.0,
0.04129999999999967,0.5777999999999999,0.43329999999999913,0.7840999999999987,-0.6601999999999997,0.4903999999999993,0.24519999999999964,-0.6035700000000004,-0.18862000000000023,0.5092599999999994,-0.0029999999999930083,0.6179999999999986,0.0,0.0,-0.003000000000046299,2.6645352591003757E-14,0.5658000000000296,2.6645352591003757E-14,3.0000000001528804E-4,-1.1315999999999793,
0.0411999999999999,0.5983999999999998,0.43329999999999913,0.7840999999999987,-0.6603000000000012,0.49040000000000017,0.2640600000000006,-0.6035699999999995,-0.18860999999999972,0.47154000000000007,-0.6179999999999986,-0.6209999999999916,-0.6209999999999916,-0.6209999999999916,-1.23899999999999,0.0,0.5660999999999916,0.565800000000003,0.0,0.0,
0.02059999999999995,0.5777000000000001,0.4125999999999994,0.763399999999999,-0.7016000000000009,0.49040000000000017,0.28293000000000035,-0.5847099999999994,-0.18860999999999972,0.47154000000000007,-0.6179999999999986,-0.6179999999999986,-0.6179999999999986,-0.6179999999999986,-0.6179999999999986,-0.565800000000003,-0.565800000000003,-0.565800000000003,-0.565800000000003,-1.131600000000006,
0.0,0.5571000000000002,0.39199999999999946,0.742799999999999,-0.28889999999999993,0.47154000000000007,0.26407000000000025,-0.6035699999999995,-0.20746999999999982,0.8299200000000004,0.0,0.6209999999999916,0.0029999999999930083,0.0029999999999930083,0.0029999999999930083,0.0,0.565800000000003,0.565800000000003,0.565800000000003,0.0,
0.0,0.5777999999999999,0.3920999999999992,0.7428999999999988,-0.28880000000000017,0.47154000000000007,0.28293000000000035,-0.5847099999999994,-0.18860999999999972,0.8299200000000004,-1.2390000000000434,-0.6209999999999916,-1.2419999999999831,-0.6209999999999916,-0.6209999999999916,0.0,1.131600000000006,0.0,0.0,0.0,
-0.04130000000000145,0.5571000000000002,0.3506999999999998,0.7221999999999991,-0.3094999999999999,0.47154000000000007,0.32065000000000055,-0.5847099999999994,-0.18860999999999972,0.8299200000000004,-1.235999999999997,-5.3290705182007514E-14,0.0029999999999930083,-0.6179999999999986,-1.2360000000000504,-0.565800000000003,1.1318999999999946,0.0,0.0,-0.565800000000003,
-0.08250000000000135,0.5570999999999984,0.35079999999999956,0.7015999999999991,-0.35070000000000157,0.45267999999999997,0.35838000000000036,-0.5847099999999994,-0.18860999999999972,0.8110600000000003,-0.6179999999999986,-0.6179999999999986,-0.6179999999999986,-0.6179999999999986,-1.23899999999999,0.0,-0.5661000000000183,-2.6645352591003757E-14,-0.5661000000000183,-0.5661000000000183,
-0.1031000000000013,0.5364999999999984,0.3301999999999996,0.6809999999999992,-0.39200000000000124,0.45267999999999997,0.33950999999999976,-0.5847100000000003,-0.20748000000000033,0.7921899999999997,-1.23899999999999,0.0,-0.6209999999999916,0.0,-1.23899999999999,0.0,0.565800000000003,0.0,0.565800000000003,0.0,
-0.14440000000000097,0.5364999999999984,0.3094999999999999,0.6809999999999992,0.16509999999999891,0.45267999999999997,0.35836999999999986,-0.5847100000000003,-0.18862000000000023,0.8676299999999992,-0.6179999999999986,0.0,0.0,-0.6209999999999916,0.0,-0.5657999999999763,0.565800000000003,2.6645352591003757E-14,-0.5657999999999763,-1.1315999999999793,
-0.16500000000000092,0.5364999999999984,0.3094999999999999,0.6602999999999994,0.16509999999999891,0.43382000000000076,0.37722999999999995,-0.5847099999999994,-0.20747999999999944,0.8299099999999999,-1.23899999999999,-0.6179999999999986,-0.6179999999999986,0.0,-0.6179999999999986,-0.5661000000000183,0.565800000000003,0.0,0.565800000000003,0.0,
-0.2063000000000006,0.5158999999999985,0.28889999999999993,0.6602999999999994,0.14449999999999896,0.41495000000000015,0.39609000000000005,-0.5847099999999994,-0.18861999999999934,0.8299099999999999,-2.474999999999987,-0.6209999999999916,-0.6179999999999986,-0.6179999999999986,-1.23899999999999,-0.565800000000003,0.0,0.0,-0.565800000000003,-1.1315999999999793,
-0.28880000000000017,0.49519999999999875,0.2683,0.6396999999999995,0.10319999999999929,0.39609000000000005,0.39609000000000005,-0.5847099999999994,-0.20747999999999944,0.7921900000000006,-1.2390000000000434,0.0,0.0,-0.6179999999999986,-0.6179999999999986,-1.131600000000006,0.5660999999999916,-0.565800000000003,0.0,-0.565800000000003,
-0.3301000000000016,0.49519999999999875,0.6190999999999995,0.2683,0.08259999999999934,0.35836999999999986,0.4149599999999998,-0.20747999999999944,-0.6035699999999995,0.7733300000000005,-1.23899999999999,-0.6179999999999986,0.0,-0.6210000000000448,0.0,-0.565800000000003,0.0,-0.565800000000003,0.0,-1.131600000000006,
-0.3714000000000013,0.4745999999999988,0.2475999999999985,0.6190999999999995,0.08259999999999934,0.33950999999999976,0.4149599999999998,-0.6035699999999995,-0.22633999999999954,0.7356100000000003,-1.235999999999997,0.0,0.0,-0.6209999999999916,-0.6209999999999916,-1.131600000000006,-0.565800000000003,-0.565800000000003,-2.6645352591003757E-14,-0.565800000000003,
-0.4126000000000012,0.4745999999999988,0.5983999999999998,0.2475999999999985,0.06189999999999962,0.30178999999999956,0.3960999999999997,-0.22634000000000043,-0.6224299999999996,0.7167500000000002,-1.23899999999999,-0.6179999999999986,0.0,0.0,-0.6179999999999986,-0.5660999999999916,-0.5660999999999916,-0.5660999999999916,-0.5660999999999916,-1.1318999999999946,
-0.45390000000000086,0.45399999999999885,0.5983999999999998,0.04129999999999967,0.2475999999999985,0.28291999999999984,0.37722999999999995,-0.24521000000000015,0.6790200000000004,-0.6412999999999993,-2.474999999999987,-0.6209999999999916,-0.6179999999999986,-0.6179999999999986,-0.6179999999999986,-1.6973999999999823,-0.565800000000003,-0.5654999999999877,-1.6977000000000242,-0.5658000000000296,
0.43329999999999913,-0.5364000000000004,0.02069999999999972,0.5777999999999999,0.22699999999999854,0.35836999999999986,0.22634000000000043,0.6224299999999996,-0.26405999999999974,-0.6601600000000003,0.0,-1.23899999999999,-1.2390000000000434,-0.6210000000000448,0.0,0.565800000000003,-1.131600000000006,-0.565800000000003,0.0,-0.565800000000003,
0.43329999999999913,-0.020600000000001728,-0.5777000000000001,0.5570999999999984,0.22699999999999854,0.37722999999999995,0.6035699999999995,0.18862000000000023,-0.26405999999999974,-0.6790200000000004,-0.6179999999999986,-0.6179999999999986,-1.2390000000000434,0.0,0.0,0.0,0.0,0.0,0.0,0.565800000000003,
0.4126999999999992,-0.04120000000000168,0.5570999999999984,-0.6190000000000015,0.22699999999999854,0.37722999999999995,0.6035699999999995,-0.26405999999999974,0.18862000000000023,-0.6601600000000003,0.0,0.0,-0.6179999999999986,-0.6179999999999986,0.0,-0.565800000000003,-1.1315999999999793,0.0,-0.565800000000003,-0.565800000000003,
0.4126999999999992,-0.04120000000000168,0.5364999999999984,-0.6396000000000015,0.22699999999999854,0.35836999999999986,0.5658500000000002,-0.26405999999999974,0.16976000000000013,-0.6790200000000004,-0.6179999999999986,-0.6209999999999916,0.0,-1.23899999999999,0.0,-0.565800000000003,-0.565800000000003,-0.565800000000003,-1.131600000000006,3.0000000001528804E-4,
0.3920999999999992,-0.0619000000000014,0.5364999999999984,-0.6809000000000012,0.22699999999999854,0.33950999999999976,0.5469900000000001,-0.28291999999999984,0.13203999999999994,-0.6790099999999999,-0.6209999999999916,-1.235999999999997,-0.6179999999999986,-1.8569999999999887,0.0,-1.1318999999999946,-1.6976999999999975,-3.0000000001528804E-4,-1.1318999999999946,-0.5661000000000183,
0.3713999999999995,-0.1031000000000013,0.5158999999999985,0.22699999999999854,-0.7428000000000008,0.30177999999999994,0.49040000000000017,-0.28293000000000035,-0.6978800000000005,0.09431000000000012,-0.6179999999999986,-0.6209999999999916,0.0,0.0,-0.6179999999999986,-0.565800000000003,-0.565800000000003,0.0,-0.565800000000003,-0.565800000000003,
0.35079999999999956,-0.12380000000000102,0.5158999999999985,0.22699999999999854,-0.7634000000000007,0.28291999999999984,0.47154000000000007,-0.28293000000000035,-0.7167400000000006,0.07545000000000002,0.0,0.0,-0.6209999999999916,0.0,-0.6179999999999986,0.0,0.0,0.0,0.565800000000003,0.0,
0.35079999999999956,-0.12380000000000102,0.49519999999999875,0.22699999999999854,-0.7840000000000007,0.28291999999999984,0.47154000000000007,-0.28293000000000035,-0.6978800000000005,0.07545000000000002,5.3290705182007514E-14,5.3290705182007514E-14,0.6180000000000518,0.6180000000000518,-0.6209999999999383,-0.565800000000003,-1.131600000000006,3.0000000001528804E-4,-0.565800000000003,-1.1319000000000212,
0.35080000000000133,-0.12379999999999924,0.5158000000000005,0.08250000000000135,0.24760000000000026,0.26405999999999974,0.4338199999999999,-0.28291999999999984,0.7356099999999994,-0.7167400000000006,-0.0029999999999930083,-0.6209999999999916,0.0,0.6179999999999986,0.6179999999999986,0.0,0.0,0.5657999999999763,-0.5660999999999916,0.565800000000003,
0.35070000000000157,-0.14449999999999896,0.5158000000000005,0.1031000000000013,0.2682000000000002,0.26405999999999974,0.4338199999999999,-0.2640600000000006,0.7167399999999997,-0.6978800000000005,-0.6179999999999986,-1.235999999999997,0.0,0.6209999999999916,0.6179999999999986,-0.565800000000003,-0.565800000000003,0.0,-1.131600000000006,0.0,
0.3301000000000016,-0.18569999999999887,0.5158000000000005,0.12380000000000102,0.28880000000000017,0.24519999999999964,0.4149599999999998,-0.2640600000000006,0.6790199999999995,-0.6978800000000005,-0.6179999999999986,-0.6209999999999916,-0.6179999999999986,0.6179999999999986,0.0,0.0,0.0,0.565800000000003,-0.565800000000003,0.565800000000003,
0.30950000000000166,-0.20639999999999858,0.49520000000000053,0.14440000000000097,0.28880000000000017,0.24519999999999964,0.4149599999999998,-0.24520000000000053,0.6601599999999994,-0.6790200000000004,0.6209999999999916,0.0029999999999930083,0.6209999999999916,1.23899999999999,0.6209999999999916,0.0,0.0,0.565800000000003,-0.565800000000003,0.5660999999999916,
0.3302000000000014,-0.20629999999999882,0.5159000000000002,0.18570000000000064,0.3094999999999999,0.24519999999999964,0.4149599999999998,-0.22634000000000043,0.6412999999999993,-0.6601500000000007,-0.003000000000046299,-0.6210000000000448,-0.0029999999999930083,0.6179999999999986,1.2390000000000434,-0.5657999999999763,-0.5657999999999763,-0.5657999999999763,-1.1315999999999793,-0.5657999999999763,
0.33009999999999984,-0.2270000000000003,0.5158000000000005,0.2063000000000006,0.35080000000000133,0.22634000000000043,0.39610000000000056,-0.24519999999999964,0.60358,-0.6790099999999999,-0.6179999999999986,-0.6179999999999986,0.0,0.0,0.0,0.0,0.0,0.565800000000003,0.0,0.565800000000003,
0.3094999999999999,-0.24760000000000026,0.5158000000000005,0.2063000000000006,0.35080000000000133,0.22634000000000043,0.39610000000000056,-0.22633999999999954,0.60358,-0.6601499999999998,0.0,-0.6209999999999916,0.0,1.23899999999999,0.6179999999999986,0.0,0.565800000000003,0.5660999999999916,-0.5657999999999763,0.565800000000003,
0.3094999999999999,-0.2683,0.5158000000000005,0.24760000000000026,0.3714000000000013,0.22634000000000043,0.41496000000000066,-0.20746999999999982,0.5847200000000008,-0.6412899999999997,1.23899999999999,0.6209999999999916,1.23899999999999,1.23899999999999,1.8569999999999887,0.0,0.0,0.0,-0.5661000000000183,0.565800000000003,
0.35079999999999956,-0.24760000000000026,0.5571000000000002,0.28889999999999993,0.4333000000000009,0.22634000000000043,0.41496000000000066,-0.20746999999999982,0.5658500000000002,-0.6224299999999996,-0.0029999999999930083,-0.6209999999999916,0.6179999999999986,0.6179999999999986,0.6179999999999986,0.0,0.565800000000003,0.565800000000003,0.0,0.0,
0.3506999999999998,-0.2683,0.5777000000000001,0.3094999999999999,0.45390000000000086,0.22634000000000043,0.43382000000000076,-0.18860999999999972,0.5658500000000002,-0.6224299999999996,0.0,-0.6179999999999986,-0.6179999999999986,0.0,0.0,-0.5661000000000183,-0.5661000000000183,-0.5661000000000183,-0.5661000000000183,-3.0000000001528804E-4,
0.3506999999999998,-0.28889999999999993,0.5571000000000002,0.3094999999999999,0.45390000000000086,0.20746999999999982,0.41495000000000015,-0.20748000000000033,0.5469799999999996,-0.6224400000000001,0.0029999999999930083,0.0029999999999930083,0.6209999999999916,0.0,0.6209999999999916,0.0,0.5657999999999763,0.565800000000003,0.0,0.565800000000003,
0.35079999999999956,-0.28880000000000017,0.5777999999999999,0.3094999999999999,0.4746000000000006,0.20746999999999982,0.43380999999999936,-0.18862000000000023,0.5469799999999996,-0.60358,0.6179999999999986,-0.6209999999999916,0.6150000000000055,1.235999999999997,1.235999999999997,0.0,0.0,0.0,0.0,0.5660999999999916,
0.3713999999999995,-0.3094999999999999,0.5983,0.3506999999999998,0.5158000000000005,0.20746999999999982,0.43380999999999936,-0.18862000000000023,0.5469799999999996,-0.5847100000000003,0.6209999999999916,0.0,0.6209999999999916,0.0029999999999930083,0.6209999999999916,0.0,0.0,0.565800000000003,0.0,0.0,
0.3920999999999992,-0.3094999999999999,0.6189999999999998,0.35079999999999956,0.5365000000000002,0.20746999999999982,0.43380999999999936,-0.16976000000000013,0.5469799999999996,-0.5847100000000003,-0.6209999999999916,-1.235999999999997,0.0,0.0,0.0,0.5660999999999916,0.5661000000000183,0.0,0.0,0.565800000000003,
0.3713999999999995,-0.3506999999999998,0.6189999999999998,0.35079999999999956,0.5365000000000002,0.22633999999999954,0.45267999999999997,-0.16976000000000013,0.5469799999999996,-0.5658500000000002,0.6179999999999986,-0.003000000000046299,0.6179999999999986,0.0,0.6179999999999986,-1.1318999999999946,-0.565800000000003,0.0,3.0000000001528804E-4,-0.565800000000003,
0.39199999999999946,-0.35080000000000133,0.35079999999999956,0.6395999999999997,0.5571000000000002,0.18860999999999972,0.4338199999999999,0.5469900000000001,-0.16976000000000013,-0.5847100000000003,0.6210000000000448,0.6210000000000448,1.2390000000000434,0.6210000000000448,1.2390000000000434,0.5660999999999916,0.0,-0.5661000000000183,0.0,0.565800000000003,
0.41270000000000095,-0.33009999999999984,0.392100000000001,0.6603000000000012,0.5984000000000016,0.20747999999999944,0.4338199999999999,0.5281199999999995,-0.16976000000000013,-0.5658500000000002,0.6179999999999986,-0.6209999999999916,0.6150000000000055,0.6179999999999986,1.235999999999997,0.0,0.565800000000003,0.5661000000000183,0.0,0.0,
0.4333000000000009,-0.35079999999999956,0.4126000000000012,0.6809000000000012,0.6396000000000015,0.20747999999999944,0.45267999999999997,0.5469900000000001,-0.16976000000000013,-0.5658500000000002,1.23899999999999,0.6209999999999916,0.6209999999999916,1.23899999999999,0.6209999999999916,0.565800000000003,0.565800000000003,-3.0000000001528804E-4,1.131600000000006,1.131600000000006,
0.4746000000000006,-0.33009999999999984,0.4333000000000009,0.7222000000000008,0.6603000000000012,0.22633999999999954,0.47154000000000007,0.5469799999999996,-0.13203999999999994,-0.52813,-0.0029999999999930083,-0.6209999999999916,0.6179999999999986,0.6179999999999986,0.6179999999999986,0.0,0.565800000000003,0.5661000000000183,0.0,0.0,
0.4745000000000008,0.45390000000000086,0.7428000000000008,0.6809000000000012,0.7428000000000008,0.22633999999999954,0.5658500000000002,-0.13203999999999994,-0.52813,0.8110499999999998,0.6209999999999916,0.0029999999999930083,0.0,0.6209999999999916,0.6209999999999916,0.0,-0.5661000000000183,0.0,0.0,0.0,
0.49520000000000053,0.4540000000000006,0.7428000000000008,0.7016000000000009,0.7635000000000005,0.22633999999999954,0.5469799999999996,-0.13203999999999994,-0.52813,0.8110499999999998,0.6179999999999986,0.6179999999999986,0.6179999999999986,-0.003000000000046299,0.6179999999999986,0.0,0.5661000000000183,0.0,0.565800000000003,0.0,
0.5158000000000005,0.4746000000000006,0.7634000000000007,0.7014999999999993,0.7841000000000005,0.22633999999999954,0.5658500000000002,-0.13203999999999994,-0.5092699999999999,0.8110499999999998,0.6209999999999916,1.23899999999999,0.6209999999999916,0.6209999999999916,1.23899999999999,0.0,-0.5661000000000183,0.5660999999999916,0.0,-0.565800000000003,
0.5365000000000002,0.5159000000000002,0.7841000000000005,0.7221999999999991,0.8254000000000001,0.22633999999999954,0.5469799999999996,-0.11317000000000021,-0.5092699999999999,0.7921899999999997,0.6179999999999986,