12.2358,8.46888,-1.23899999999999,-0.565800000000003
12.1945,8.45002,-1.235999999999997,0.0
12.1533,8.45002,-2.47799999999998,-0.565800000000003
12.0707,8.43116,-1.8569999999999887,0.0
12.0088,8.43116,-1.2360000000000504,-0.5660999999999916
11.9676,8.41229,-1.23899999999999,0.5660999999999916
11.9263,8.43116,-1.23899999999999,0.0
11.885,8.43116,-2.474999999999987,0.0
11.8025,8.43116,-1.23899999999999,0.0
11.7612,8.43116,-1.235999999999997,0.0
11.72,8.43116,-1.2390000000000434,0.0
11.6787,8.43116,-1.23899999999999,0.0
11.6374,8.43116,-3.0929999999999858,0.0
11.5343,8.43116,-1.23899999999999,0.0
11.493,8.43116,-1.23899999999999,0.565800000000003
11.4517,8.45002,-1.235999999999997,0.0
11.4105,8.45002,-1.860000000000035,0.565800000000003
11.3485,8.46888,-2.474999999999987,0.0
11.266,8.46888,-1.23899999999999,0.565800000000003
11.2247,8.48774,-1.235999999999997,0.0
11.1835,8.48774,-1.23899999999999,0.0
11.1422,8.48774,-1.2390000000000434,0.0
11.1009,8.48774,-2.474999999999987,0.0
11.0184,8.48774,-1.23899999999999,0.0
10.9771,8.48774,-1.235999999999997,0.0
10.9359,8.48774,-1.23899999999999,-0.565800000000003
10.8946,8.46888,-1.23899999999999,0.0
10.8533,8.46888,-2.4750000000000405,-0.565800000000003
10.7708,8.45002,-1.23899999999999,-0.565800000000003
10.7295,8.43116,-1.8569999999999887,0.0
10.6676,8.43116,-1.235999999999997,0.0
10.6264,8.43116,-1.23899999999999,-0.5660999999999916
10.5851,8.41229,-2.4750000000000405,0.0
10.5026,8.41229,-1.23899999999999,0.0
10.4613,8.41229,-1.23899999999999,0.0
10.42,8.41229,-1.235999999999997,0.0
10.3788,8.41229,-1.23899999999999,0.0
10.3375,8.41229,-2.474999999999987,0.0
10.255,8.41229,-1.2390000000000434,0.0
10.2137,8.41229,-1.23899999999999,0.0
10.1724,8.41229,-1.235999999999997,0.0
10.1312,8.41229,-1.23899999999999,0.0
10.0899,8.41229,-2.474999999999987,0.5660999999999916
10.0074,8.43116,-1.239300000000032,0.0
9.96609,8.43116,-1.8569999999999887,0.565800000000003
9.90419,8.45002,-1.238099999999971,0.565800000000003
9.86292,8.46888,-1.2381000000000242,0.0
9.82165,8.46888,-2.4759000000000064,0.565800000000003
9.73912,8.48774,-1.238099999999971,0.0
9.69785,8.48774,-1.2381000000000242,0.0
9.65658,8.48774,-1.2377999999999822,0.0
9.61532,8.48774,-0.6192000000000064,0.0
9.59468,8.48774,-2.4759000000000064,0.0
9.51215,8.48774,-1.2381000000000242,0.0
9.47088,8.48774,-1.238099999999971,0.0
9.42961,8.48774,-1.2377999999999822,0.0
9.38835,8.48774,-1.2381000000000242,-0.565800000000003
9.34708,8.46888,-1.8569999999999887,-0.565800000000003
9.28518,8.45002,-1.2381000000000242,0.0
9.24391,8.45002,-1.238099999999971,0.0
9.20264,8.45002,-0.6189000000000178,0.0
9.18201,8.45002,-1.2381000000000242,0.0
9.14074,8.45002,-2.475899999999953,0.0
9.05821,8.45002,-0.6192000000000064,0.0
9.03757,8.45002,-1.2378000000000355,0.0
8.99631,8.45002,-1.238099999999971,0.0
8.95504,8.45002,-1.2381000000000242,0.0
8.91377,8.45002,-1.8569999999999887,0.565800000000003
8.85187,8.46888,-1.238099999999971,0.0
8.8106,8.46888,-0.6189000000000178,0.0
8.78997,8.46888,-1.2381000000000242,0.0
8.7487,8.46888,-0.6188999999999645,0.565800000000003
8.72807,8.48774,-2.476199999999995,0.0
8.64553,8.48774,-0.6189000000000178,0.0
8.6249,8.48774,-1.2381000000000242,0.0
8.58363,8.48774,-1.238099999999971,-0.565800000000003
8.54236,8.46888,-1.2378000000000355,-0.565800000000003
8.5011,8.45002,-1.8572999999999773,-0.565800000000003
8.43919,8.43116,-1.2377999999999822,-0.5660999999999916
8.39793,8.41229,-1.2381000000000242,0.0
8.35666,8.41229,-1.238099999999971,-0.565800000000003
8.31539,8.39343,-1.2381000000000242,0.0
8.27412,8.39343,-1.8569999999999887,-0.565800000000003
8.21222,8.37457,-1.2378000000000355,0.0
8.17096,8.37457,-1.238099999999971,0.0
8.12969,8.37457,-0.6192000000000064,-0.565800000000003
8.10905,8.35571,-1.2377999999999822,0.565800000000003
8.06779,8.37457,-1.8569999999999887,0.0
8.00589,8.37457,-1.2381000000000242,0.0
7.96462,8.37457,-1.2380999999999975,0.0
7.92335,8.37457,-1.2380999999999975,0.0
7.88208,8.37457,-1.237800000000009,0.565800000000003
7.84082,8.39343,-2.476199999999995,0.565800000000003
7.75828,8.41229,-1.2380999999999975,0.5660999999999916
7.71701,8.43116,-1.237800000000009,0.0
7.67575,8.43116,-1.2380999999999975,0.565800000000003
7.63448,8.45002,-1.2380999999999975,0.0
7.59321,8.45002,-1.8569999999999887,0.565800000000003
7.53131,8.46888,-1.2381000000000242,0.0
7.49004,8.46888,-1.2377999999999822,0.0
7.44878,8.46888,-1.2380999999999975,0.0
7.40751,8.46888,-1.2380999999999975,0.0
7.36624,8.46888,-2.4759000000000064,0.0
7.28371,8.46888,-1.2380999999999975,0.0
7.24244,8.46888,-1.2380999999999975,-0.565800000000003
7.20117,8.45002,-1.2380999999999975,0.0
7.1599,8.45002,-1.237800000000009,-0.565800000000003
7.11864,8.43116,-2.476199999999995,-1.1318999999999946
7.0361,8.39343,-1.8570000000000153,0.0
6.9742,8.39343,-1.2380999999999975,-0.565800000000003
6.93293,8.37457,-1.8569999999999887,0.0
6.87103,8.37457,-1.2380999999999975,0.0
6.82976,8.37457,-2.4759000000000064,-0.565800000000003
6.74723,8.35571,-1.2380999999999975,0.0
6.70596,8.35571,-1.8570000000000153,0.0
6.64406,8.35571,-1.2380999999999975,0.0
6.60279,8.35571,-1.2377999999999822,0.0
6.56153,8.35571,-2.4762000000000217,-0.565800000000003
6.47899,8.33685,-1.2380999999999975,0.0
6.43772,8.33685,-1.2377999999999822,0.0
6.39646,8.33685,-1.857300000000004,0.0
6.33455,8.33685,-1.237800000000009,0.0
6.29329,8.33685,-3.095099999999986,0.0
6.19012,8.33685,-1.2380999999999975,0.565800000000003
6.14885,8.35571,-1.8570000000000153,0.0
6.08695,8.35571,-1.2380999999999975,0.0
6.04568,8.35571,-1.8569999999999887,0.565800000000003
5.98378,8.37457,-2.4759000000000064,0.0
5.90125,8.37457,-1.857300000000004,0.0
5.83934,8.37457,-1.237800000000009,0.0
5.79808,8.37457,-1.8569999999999887,0.565800000000003
5.73618,8.39343,-1.2380999999999975,0.0
5.69491,8.39343,-3.095100000000013,-0.565800000000003
5.59174,8.37457,-1.2380999999999975,0.0
5.55047,8.37457,-1.8569999999999887,0.0
5.48857,8.37457,-1.2380999999999975,-0.565800000000003
5.4473,8.35571,-1.8570000000000153,0.0
5.3854,8.35571,-3.095099999999986,-0.565800000000003
5.28223,8.33685,-1.237800000000009,-0.565800000000003
5.24097,8.31799,-1.8569999999999887,0.0
5.17907,8.31799,-1.2380999999999975,-0.5660999999999916
5.1378,8.29912,-1.8570000000000153,0.0
5.0759,8.29912,-2.476199999999995,0.0
4.99336,8.29912,-1.8569999999999887,0.0
4.93146,8.29912,-1.2381000000000242,0.0
4.89019,8.29912,-1.8569999999999887,0.0
4.82829,8.29912,-1.2380999999999975,0.0
4.78702,8.29912,-3.0947999999999976,0.0
4.68386,8.29912,-1.2380999999999975,0.0
4.64259,8.29912,-1.8570000000000153,0.0
4.58069,8.29912,-1.2380999999999975,0.5660999999999916
4.53942,8.31799,-1.8569999999999887,0.0
4.47752,8.31799,-3.095100000000013,0.565800000000003
4.37435,8.33685,-1.2380999999999975,0.0
4.33308,8.33685,-1.8569999999999887,0.0
4.27118,8.33685,-1.2380999999999975,0.565800000000003
4.22991,8.35571,-1.8570000000000153,0.0
4.16801,8.35571,-2.4759000000000064,0.0
4.08548,8.35571,-1.8569999999999887,0.565800000000003
4.02358,8.37457,-1.2380999999999975,0.0
3.98231,8.37457,-1.2380999999999975,0.0
3.94104,8.37457,-1.2380999999999975,0.0
3.89977,8.37457,-2.4759000000000064,-0.565800000000003
3.81724,8.35571,-1.857000000000002,0.0
3.75534,8.35571,-1.2380999999999975,-0.565800000000003
3.71407,8.33685,-1.2380999999999975,0.0
3.6728,8.33685,-1.857000000000002,-0.565800000000003
3.6109,8.31799,-2.4759000000000064,0.0
3.52837,8.31799,-1.8569999999999887,0.0
3.46647,8.31799,-1.2381000000000109,0.0
3.4252,8.31799,-1.2380999999999975,0.0
3.38393,8.31799,-1.2380999999999975,0.0
3.34266,8.31799,-3.0947999999999976,0.0
3.2395,8.31799,-1.2380999999999975,0.0
3.19823,8.31799,-1.2380999999999975,0.0
3.15696,8.31799,-1.2381000000000109,0.0
3.11569,8.31799,-1.2377999999999956,0.0
3.07443,8.31799,-2.476199999999995,0.0
2.99189,8.31799,-1.857000000000002,0.0
2.92999,8.31799,-1.2380999999999975,0.0
2.88872,8.31799,-1.2381000000000109,0.0
2.84745,8.31799,-1.8569999999999887,0.565800000000003
2.78555,8.33685,-2.4759000000000064,0.0
2.70302,8.33685,-1.857000000000002,0.565800000000003
2.64112,8.35571,-1.2380999999999975,0.0
2.59985,8.35571,-1.2380999999999975,0.0
2.55858,8.35571,-1.857000000000002,0.0
2.49668,8.35571,-2.4759000000000064,0.0
2.41415,8.35571,-1.2380999999999975,0.0
2.37288,8.35571,-1.2380999999999975,0.0
2.33161,8.35571,-1.2380999999999975,-0.565800000000003
2.29034,8.33685,-1.2377999999999956,0.0
2.24908,8.33685,-2.4762000000000084,-1.1318999999999946
2.16654,8.29912,-1.857000000000002,0.0
2.10464,8.29912,-1.2380999999999975,-0.565800000000003
2.06337,8.28026,-1.2377999999999956,-0.565800000000003
2.02211,8.2614,-1.2381000000000042,0.0
1.98084,8.2614,-2.476199999999995,-0.565800000000003
1.8983,8.24254,-1.857000000000002,0.0
1.8364,8.24254,-1.2381000000000042,0.0
1.79513,8.24254,-1.2377999999999956,0.0
1.75387,8.24254,-1.2381000000000042,-0.565800000000003
1.7126,8.22368,-2.476199999999995,0.0
1.63006,8.22368,-0.6189000000000044,0.0
1.60943,8.22368,-1.2380999999999975,0.0
1.56816,8.22368,-1.2378000000000022,0.0
