-0.3644000000000007,0.6036999999999999,0.3736999999999995,-0.46140000000000025,0.9203999999999999,-0.23219999999999885,0.08000000000000007,0.6871,-0.8335999999999988,0.30180000000000007,0.3060000000000329,0.381000000000018,-0.11099999999998111,0.5010000000000048,0.19500000000002515,-0.19200000000003214,-0.09299999999999642,0.1770000000000138,-0.5790000000000362,0.23100000000004783,
-0.3541999999999996,0.6164000000000005,0.3700000000000001,-0.4447000000000001,0.9269000000000007,-0.23859999999999992,0.07690000000000019,0.6930000000000005,-0.8529,0.30950000000000166,0.2699999999999836,0.2639999999999709,0.0029999999999930083,0.18899999999998585,0.2159999999999762,-0.32700000000003726,0.06899999999999906,-0.22800000000002818,-0.18299999999999983,0.48599999999993315,
-0.3452000000000002,0.6251999999999995,0.3700999999999999,-0.43840000000000057,0.9340999999999999,-0.24950000000000117,0.07920000000000016,0.6853999999999996,-0.859,0.32569999999999943,0.3540000000000276,0.2190000000000225,0.30000000000002025,0.5280000000000218,0.36599999999999966,-0.0809999999999178,-0.15600000000000946,0.12300000000003308,-0.338999999999956,0.6240000000000379,
-0.33339999999999925,0.6325000000000003,0.38010000000000055,-0.42079999999999984,0.9462999999999999,-0.2521999999999984,0.07399999999999984,0.6895000000000007,-0.8702999999999985,0.3465000000000007,0.44399999999997775,0.2279999999999749,0.3179999999999783,0.3089999999999993,0.6179999999999986,-0.15900000000005576,-0.10799999999996146,-0.4380000000000184,-0.06000000000002004,-0.3029999999999866,
-0.3186,0.6400999999999994,0.3906999999999998,-0.41049999999999986,0.9668999999999999,-0.2575000000000003,0.07040000000000113,0.6749,-0.8722999999999992,0.33640000000000114,0.12299999999997979,0.6570000000000142,-0.057000000000000384,0.16199999999999548,-0.1470000000000038,-0.012000000000025324,-0.0900000000000567,0.05999999999996675,-0.28800000000002157,0.8759999999999302,
-0.31450000000000067,0.6619999999999999,0.3887999999999998,-0.4051,0.9619999999999997,-0.25790000000000113,0.06739999999999924,0.676899999999999,-0.8818999999999999,0.3655999999999988,0.6570000000000142,0.4649999999999821,0.2850000000000019,0.6479999999999819,0.7889999999999997,-0.19199999999997885,-0.045000000000001705,0.05400000000003402,-0.23099999999999454,1.599000000000057,
-0.2926000000000002,0.6774999999999993,0.3982999999999999,-0.3835000000000006,0.9882999999999997,-0.2643000000000004,0.06589999999999918,0.6787000000000001,-0.8895999999999997,0.4189000000000007,0.8130000000000237,1.185000000000036,0.5130000000000035,1.1040000000000383,0.9870000000000179,-0.17999999999995353,-0.1679999999999815,-0.2579999999999849,-0.15600000000000946,1.026000000000007,
-0.2654999999999994,0.7170000000000005,0.4154,-0.34669999999999934,0.7558000000000007,-0.2702999999999989,0.0602999999999998,0.6701000000000006,-0.8948,-0.8066999999999993,-0.6180000000000252,-0.6000000000000139,-0.8069999999999844,-0.6960000000000299,-0.6840000000000046,-0.33300000000007657,-0.1260000000000261,-0.14100000000004442,-0.28200000000003556,-0.19200000000003214,
-0.28610000000000024,0.6970000000000001,0.3885000000000005,-0.36990000000000034,0.7330000000000005,-0.2814000000000014,0.05609999999999893,0.6653999999999991,-0.9042000000000012,-0.8131000000000004,0.6869999999999976,0.7049999999999823,0.39299999999999,0.8579999999999988,0.716999999999981,-0.17699999999990723,-0.13199999999995882,0.08700000000006369,-0.10199999999992215,-0.05399999999998073,
-0.2632000000000003,0.7204999999999995,0.4016000000000002,-0.3413000000000004,0.7568999999999999,-0.28729999999999833,0.0517000000000003,0.6683000000000012,-0.9075999999999986,-0.8148999999999997,-0.06599999999997941,-0.017999999999984695,-0.2370000000000072,-0.11999999999998678,-0.035999999999996035,-0.08700000000006369,0.09899999999998244,-0.14400000000006408,-0.08400000000007068,0.014999999999965041,
-0.26539999999999964,0.7199,0.39369999999999994,-0.34529999999999994,0.7557,-0.29020000000000046,0.054999999999999716,0.6634999999999991,-0.910400000000001,-0.8144000000000009,0.2159999999999762,0.359999999999987,-0.13799999999999812,0.3990000000000027,0.11699999999999378,-0.08100000000002439,-0.19800000000001816,0.13799999999999812,-0.05099999999998772,0.012000000000025324,
-0.25820000000000043,0.7318999999999996,0.3891,-0.33199999999999985,0.7595999999999998,-0.29290000000000127,0.04839999999999911,0.668099999999999,-0.9121000000000006,-0.8140000000000001,0.7200000000000273,0.5760000000000165,-0.09000000000000341,0.8730000000000171,0.35700000000002063,-0.335999999999963,-0.3059999999999796,-0.4529999999999834,-0.23399999999998755,-0.1260000000000261,
-0.23419999999999952,0.7511000000000001,0.3860999999999999,-0.3028999999999993,0.7715000000000005,-0.30410000000000004,0.03819999999999979,0.6529999999999996,-0.9199000000000002,-0.8182000000000009,0.10499999999996845,0.2099999999999902,-0.3089999999999993,0.16199999999996884,-0.021000000000030994,-0.2940000000000076,-0.3479999999999883,-0.24299999999996658,-0.1709999999999745,0.06300000000006634,
-0.23070000000000057,0.3757999999999999,0.7580999999999998,-0.2975000000000003,0.7707999999999995,-0.3139000000000003,0.6449000000000007,0.02660000000000018,-0.9255999999999993,-0.8160999999999987,-0.13500000000000512,-0.4410000000000114,0.23399999999998755,-0.02100000000000435,-0.26399999999999757,-0.009000000000032315,0.09599999999996278,-0.2519999999999989,0.05999999999996675,-0.03900000000006898,
-0.23520000000000074,0.36109999999999953,0.7658999999999994,-0.29820000000000046,0.7619999999999996,-0.31420000000000137,0.6480999999999995,0.018200000000000216,-0.9236000000000004,-0.817400000000001,0.29700000000002724,-0.04499999999997506,0.28800000000002157,0.2340000000000142,0.3060000000000329,-0.12299999999997979,-0.08699999999998376,-0.4200000000000337,-0.0029999999999930083,0.05400000000003402,
-0.22529999999999983,0.35960000000000036,0.7755000000000001,-0.2904,0.7722000000000007,-0.3183000000000007,0.6452,0.004199999999999093,-0.9237000000000002,-0.8155999999999999,-0.5970000000000208,-0.34200000000002895,-0.5190000000000161,-0.36300000000000665,-0.44100000000003803,-0.5549999999999855,-0.4590000000000227,-0.0809999999999711,-0.3360000000000163,-0.20400000000000418,
-0.24520000000000053,0.3481999999999994,0.7581999999999995,-0.3025000000000002,0.7574999999999994,-0.3368000000000002,0.6298999999999992,0.0015000000000000568,-0.9349000000000007,-0.8224,0.9150000000000258,0.32700000000003726,0.771000000000015,0.7650000000000023,0.6000000000000139,0.5460000000000065,0.49200000000002575,0.06300000000001305,0.49800000000001177,0.4320000000000057,
-0.21469999999999967,0.35910000000000064,0.7839,-0.27700000000000014,0.7774999999999999,-0.3186,0.6463000000000001,0.0036000000000004917,-0.9183000000000003,-0.8079999999999998,-0.36899999999999267,-0.804000000000018,-0.1529999999999898,-0.21899999999999586,-0.44099999999998474,0.03600000000002268,-0.03300000000000303,-0.4290000000000127,0.0,0.24900000000000588,
-0.22699999999999942,0.33230000000000004,0.7788000000000004,-0.2843,0.7628000000000004,-0.31739999999999924,0.6452,-0.010699999999999932,-0.9183000000000003,-0.7996999999999996,0.21899999999996922,-0.06600000000000605,0.25199999999997225,0.2129999999999832,0.17999999999998018,-0.22500000000006182,-0.015000000000018332,-0.44400000000003104,-0.10800000000001475,-0.030000000000036664,
-0.21970000000000045,0.33009999999999984,0.7871999999999995,-0.27720000000000056,0.7687999999999997,-0.3249000000000013,0.6446999999999994,-0.025500000000000966,-0.9219000000000008,-0.8007000000000009,-0.12299999999997979,-0.36599999999999966,-0.002999999999966363,-0.08999999999997677,-0.2159999999999762,-0.45299999999995677,-0.20699999999997054,-0.5219999999999558,-0.28199999999998226,-0.14099999999999113,
-0.22379999999999978,0.31789999999999985,0.7871000000000006,-0.2801999999999998,0.7616000000000005,-0.33999999999999986,0.6378000000000004,-0.042899999999999494,-0.9313000000000002,-0.8054000000000006,-0.02100000000000435,-0.06300000000001305,0.4259999999999664,0.1049999999999951,0.02399999999997071,-0.09299999999999642,0.31800000000000495,0.047999999999994714,0.15300000000001646,0.20400000000005747,
-0.22449999999999992,0.3157999999999994,0.8012999999999995,-0.27669999999999995,0.7623999999999995,-0.34309999999999974,0.6484000000000005,-0.04129999999999967,-0.9261999999999997,-0.7985999999999986,0.18899999999998585,-0.011999999999998678,0.28800000000002157,0.18000000000000682,0.2400000000000002,-0.27599999999999625,-0.44700000000002404,-0.48600000000003973,-0.32400000000004425,-0.3900000000000503,
-0.2182000000000004,0.31539999999999946,0.8109000000000002,-0.2706999999999997,0.7703999999999995,-0.3522999999999996,0.6334999999999997,-0.057500000000000995,-0.9370000000000012,-0.8116000000000003,0.006000000000012662,-0.15899999999997583,0.14099999999999113,-0.05099999999998772,-0.17699999999998717,0.10799999999996146,0.2970000000000006,-0.27599999999999625,0.22800000000005483,0.23399999999998755,
-0.21799999999999997,0.31010000000000026,0.8155999999999999,-0.2723999999999993,0.7645,-0.3487000000000009,0.6433999999999997,-0.06670000000000087,-0.9293999999999993,-0.8038000000000007,0.03000000000001002,-0.5189999999999895,0.1740000000000208,0.1049999999999951,0.2760000000000229,-0.19199999999992556,0.3180000000000316,-0.4169999999999341,-0.06300000000001305,-0.05099999999993443,
-0.21699999999999964,0.2928000000000006,0.8214000000000006,-0.2688999999999995,0.7737000000000007,-0.3550999999999984,0.6540000000000008,-0.08059999999999867,-0.9314999999999998,-0.8054999999999986,0.29699999999997395,-0.30300000000001326,0.40199999999996905,0.1079999999999881,0.07499999999998508,-0.23700000000003385,-0.024000000000024002,-0.429000000000066,-0.2940000000000076,-0.02100000000005764,
-0.2071000000000005,0.2827000000000002,0.8347999999999995,-0.26529999999999987,0.7762000000000002,-0.36299999999999955,0.6532,-0.09490000000000087,-0.9413,-0.8062000000000005,0.03000000000001002,-0.1049999999999951,0.06900000000002571,0.057000000000000384,0.16199999999999548,-0.5039999999999978,-0.18000000000000682,-0.4559999999999498,-0.21899999999996922,-0.3749999999999787,
-0.20610000000000017,0.27920000000000034,0.8371000000000004,-0.26339999999999986,0.7816000000000001,-0.37979999999999947,0.6471999999999998,-0.1100999999999992,-0.948599999999999,-0.8186999999999998,-0.4469999999999974,-1.0350000000000126,-0.4440000000000044,-0.7229999999999936,-0.5789999999999829,-0.23099999999999454,-0.12300000000000644,-0.27900000000004255,-0.10500000000002174,-0.09599999999998943,
-0.22100000000000009,0.24469999999999992,0.8223000000000003,-0.28749999999999964,0.7623000000000006,-0.3874999999999993,0.6430999999999996,-0.11940000000000062,-0.9520999999999997,-0.8218999999999994,0.774000000000008,0.8279999999999887,0.6869999999999976,0.782999999999987,1.001999999999983,0.3449999999999953,0.34800000000001496,0.31200000000001893,0.26999999999995694,0.3809999999999647,
-0.19519999999999982,0.27229999999999954,0.8452000000000002,-0.2614000000000001,0.7957000000000001,-0.37599999999999945,0.6547000000000001,-0.10899999999999999,-0.9431000000000012,-0.8092000000000006,-0.42899999999998606,-0.8909999999999751,-0.1529999999999898,-0.4109999999999747,-0.5370000000000008,-0.2640000000000242,0.09000000000000341,-0.41100000000000136,-0.23399999999993426,-0.17699999999996052,
-0.20949999999999935,0.24260000000000037,0.8401000000000005,-0.27509999999999923,0.7778,-0.38480000000000025,0.6577000000000002,-0.12270000000000003,-0.950899999999999,-0.8150999999999993,-0.03900000000001569,-1.2960000000000171,0.1649999999999885,-0.14700000000003044,0.27599999999999625,-0.6449999999999889,-0.0660000000000327,-0.8100000000000307,-0.1740000000000208,-0.41700000000004067,
-0.21079999999999988,0.1993999999999998,0.8456000000000001,-0.28000000000000025,0.7869999999999999,-0.4062999999999999,0.6554999999999991,-0.14970000000000105,-0.9566999999999997,-0.8290000000000006,-0.4589999999999961,-0.9029999999999738,-0.5159999999999965,-0.4589999999999961,-0.29099999999998793,-0.40799999999995507,-0.19499999999994522,-0.44699999999997075,-0.31500000000001194,-0.4559999999999498,
-0.22609999999999975,0.16930000000000067,0.8284000000000002,-0.2953000000000001,0.7773000000000003,-0.4198999999999984,0.6490000000000009,-0.16460000000000008,-0.9672000000000001,-0.844199999999999,0.354000000000001,-0.5880000000000152,0.30600000000000627,0.3240000000000176,0.45300000000001006,-0.36600000000005295,-0.18299999999999983,-0.35399999999997434,-0.23099999999999454,-0.36899999999999267,
-0.2142999999999997,0.14970000000000017,0.8386000000000005,-0.28449999999999953,0.8504000000000005,-0.43210000000000015,0.6429000000000009,-0.17639999999999922,-0.9748999999999999,0.7973000000000008,0.3119999999999923,-0.389999999999997,0.2099999999999902,0.2699999999999836,0.12300000000000644,-0.4709999999999681,-0.4680000000000284,-0.5610000000000248,-0.2910000000000146,-0.2190000000000225,
-0.20389999999999997,0.13670000000000027,0.8456000000000001,-0.2755000000000001,0.8545000000000007,-0.4477999999999991,0.6273,-0.19510000000000005,-0.9846000000000004,0.79,0.42599999999999305,0.4079999999999817,0.39599999999998303,0.5100000000000104,0.5069999999999641,-0.22500000000000853,0.10800000000001475,-0.2069999999999972,-0.07799999999997809,0.03000000000001002,
-0.1897000000000002,0.15029999999999966,0.8587999999999996,-0.25849999999999973,0.8713999999999995,-0.45529999999999937,0.6309000000000005,-0.20199999999999996,-0.9871999999999996,0.7910000000000004,0.01800000000001134,-0.5789999999999829,0.06900000000002571,0.057000000000000384,-0.17699999999998717,-0.5910000000000082,0.0059999999999860165,-0.4589999999999961,-0.4620000000000424,-0.054000000000007375,
-0.18909999999999982,0.13100000000000023,0.8611000000000004,-0.2565999999999997,0.8654999999999999,-0.47499999999999964,0.6311,-0.21729999999999983,-1.002600000000001,0.7892000000000001,1.8719999999999803,0.38699999999997736,2.3159999999999847,1.8719999999999803,1.4129999999999843,-0.4259999999999664,0.21000000000001684,-0.07199999999999207,5.3290705182007514E-14,-0.05999999999996675,
-0.12670000000000048,0.14389999999999947,0.9382999999999999,-0.19420000000000037,0.9125999999999994,-0.4891999999999985,0.6381000000000006,-0.21969999999999956,-1.0025999999999993,0.7872000000000012,0.5519999999999925,-0.10200000000000209,0.9809999999999786,0.8129999999999971,0.8190000000000097,0.14999999999997016,0.026999999999990365,0.6419999999999959,0.10199999999997544,0.5759999999999632,
-0.10830000000000073,0.1404999999999994,0.9709999999999992,-0.16710000000000047,0.9398999999999997,-0.4841999999999995,0.6390000000000002,-0.1982999999999997,-0.9992000000000001,0.8064,1.2060000000000404,-0.03299999999997638,1.4880000000000226,1.4310000000000223,1.260000000000021,0.8850000000000158,0.6419999999999959,1.0589999999999833,1.0529999999999973,2.052000000000014,
-0.06809999999999938,0.1394000000000002,-0.11939999999999973,1.0206,-0.6166,-0.454699999999999,0.6604000000000001,-0.9641000000000002,-0.16300000000000026,1.0629,1.1969999999999814,0.47099999999999476,1.6710000000000225,2.0310000000000095,0.768000000000022,-0.05700000000002703,-0.19500000000002515,-0.12299999999997979,0.13500000000000512,-0.387000000000004,
-0.028200000000000003,0.15510000000000002,-0.06369999999999898,1.0883000000000003,-0.5909999999999993,-0.4565999999999999,0.6538999999999993,-0.9681999999999995,-0.15850000000000009,1.0499999999999998,-0.11100000000000776,-0.2549999999999919,-0.12300000000003308,-0.0420000000000087,-0.15600000000000946,-0.05700000000002703,-0.21899999999999586,-0.045000000000054996,-0.15600000000000946,0.05099999999998772,
-0.03190000000000026,0.14660000000000029,-0.06780000000000008,1.0869,-0.5961999999999996,-0.4585000000000008,0.6465999999999994,-0.9697000000000013,-0.1637000000000004,1.0516999999999994,0.8039999999999914,0.3719999999999857,1.424999999999983,1.454999999999993,1.0050000000000026,0.41400000000004766,0.05400000000003402,0.36300000000005994,0.6300000000000239,0.05700000000002703,
-0.0051000000000005485,0.1589999999999998,-0.02030000000000065,1.1353999999999997,-0.5626999999999995,-0.4446999999999992,0.6484000000000005,-0.9575999999999993,-0.1426999999999996,1.0536000000000003,1.93500000000002,0.4860000000000131,2.637000000000036,3.558000000000021,2.021999999999977,-0.023999999999997357,-1.4880000000000226,0.13500000000000512,-0.03900000000001569,-0.9210000000000118,
0.05940000000000012,0.17520000000000024,0.06760000000000055,-0.4953000000000003,1.2540000000000004,-0.4454999999999991,0.5987999999999998,-0.9530999999999992,1.0229,-0.14400000000000013,0.834000000000028,0.1770000000000138,1.3470000000000049,0.8160000000000167,1.9830000000000148,0.06299999999995975,-0.06899999999997242,0.05699999999997374,-0.9599999999999742,-0.1649999999999885,
0.08720000000000105,0.1811000000000007,0.11250000000000071,-0.46809999999999974,0.11589999999999989,-0.44340000000000046,0.5965000000000007,-0.9512,0.9909000000000008,-1.313699999999999,0.7889999999999731,0.4319999999999524,0.8069999999999844,0.5519999999999925,1.3979999999999926,0.2190000000000225,-0.03300000000002967,0.07799999999997809,-0.8730000000000171,-0.7410000000000316,
0.11350000000000016,0.19549999999999912,0.1394000000000002,-0.4497,0.16249999999999964,-0.4360999999999997,0.5953999999999997,-0.9486000000000008,0.9618000000000002,-1.3384,0.1740000000000208,-0.2069999999999439,0.39899999999997604,-0.387000000000004,0.9810000000000052,0.07499999999998508,-0.43799999999999173,0.375000000000032,-1.3920000000000066,-0.6150000000000055,
0.11930000000000085,0.188600000000001,0.1526999999999994,-0.4626000000000001,0.19519999999999982,-0.4336000000000002,0.5808,-0.9360999999999997,0.9154,-1.3589000000000002,-0.14700000000003044,-0.3390000000000093,-0.10799999999996146,0.0870000000000104,-0.14399999999998414,-0.14099999999999113,-0.3449999999999953,-0.28500000000002856,-0.2999999999999936,-0.6209999999999916,
0.11439999999999984,0.17730000000000068,0.14910000000000068,-0.4596999999999998,0.19040000000000035,-0.4382999999999999,0.5693000000000001,-0.9456000000000007,0.9054000000000002,-1.3796,0.5309999999999881,-0.1710000000000278,0.8039999999999914,0.2579999999999849,1.103999999999985,0.19800000000001816,-0.27000000000001023,0.14400000000003743,-1.5750000000000064,-0.702000000000016,
0.13209999999999944,0.17159999999999975,0.1759000000000004,-0.4511000000000003,0.22719999999999985,-0.4316999999999993,0.5602999999999998,-0.9407999999999994,0.8529,-1.4030000000000005,1.0619999999999763,0.5489999999999995,2.0489999999999675,-0.14099999999999113,2.141999999999964,-0.4800000000000004,-2.423999999999973,0.07199999999999207,-4.214999999999982,-1.8629999999999747,
0.16749999999999865,0.18989999999999974,-0.4558,0.2441999999999993,-0.4455000000000009,-0.4476999999999993,0.4795000000000007,0.7124000000000006,-0.9383999999999997,-1.3030999999999988,0.20400000000005747,-0.05099999999998772,0.13799999999999812,0.378000000000025,-0.4139999999999944,0.11100000000000776,-1.2210000000000054,-1.3409999999999922,0.7530000000000037,0.7619999999999827,
0.17430000000000057,0.18820000000000014,-0.45120000000000005,0.25680000000000014,-0.4593000000000007,-0.44399999999999906,0.4388000000000005,0.6677000000000008,-0.9132999999999996,-1.2776999999999994,0.3749999999999787,-0.23699999999998056,0.045000000000001705,0.8370000000000211,-0.2970000000000006,-0.6810000000000649,-0.702000000000016,-1.3650000000000428,-0.438000000000045,-0.01800000000001134,
0.1803000000000008,0.18679999999999986,-0.4497,0.28470000000000084,-0.4692000000000007,0.4154,-0.4667000000000012,0.6221999999999994,-0.9279000000000011,-1.2782999999999998,0.44699999999997075,0.18299999999999983,0.09899999999998244,0.7379999999999853,-0.2129999999999832,-0.7620000000000093,-0.36300000000000665,-0.8430000000000071,0.1740000000000208,0.2909999999999613,
0.19519999999999982,0.19289999999999985,-0.4464000000000006,0.30930000000000035,-0.47630000000000017,0.3899999999999997,-0.47880000000000145,0.5940999999999992,-0.9221000000000004,-1.268600000000001,-0.19799999999996487,0.2190000000000225,-0.23099999999999454,-0.09299999999999642,-0.2999999999999936,-0.014999999999991687,0.2610000000000312,-0.2129999999999832,0.09599999999998943,0.11100000000000776,
0.188600000000001,0.2002000000000006,-0.4541000000000004,0.30620000000000047,-0.48629999999999995,0.38949999999999996,-0.4701000000000004,0.5869999999999997,-0.9189000000000007,-1.2649000000000008,0.023999999999944066,0.5339999999999812,0.0420000000000087,0.9209999999999852,-0.18899999999998585,-0.6180000000000252,-0.2970000000000006,-0.3240000000000176,0.41100000000000136,0.07199999999999207,
0.18939999999999912,0.21799999999999997,-0.4527000000000001,0.3369,-0.4925999999999995,0.3688999999999991,-0.4800000000000004,0.5761999999999992,-0.9052000000000007,-1.262500000000001,0.9300000000000175,0.4169999999999874,0.15900000000000247,2.055000000000007,0.5669999999999575,0.6570000000000142,0.23699999999998056,0.2340000000000142,1.5179999999999794,2.5980000000000203,
0.2203999999999997,0.23189999999999955,-0.4474,0.4054000000000002,-0.4737000000000009,0.3907999999999996,-0.4721000000000011,0.5839999999999996,-0.8546000000000014,-1.1759000000000004,1.2839999999999918,0.5339999999999812,0.3059999999999796,1.2659999999999805,-0.48899999999997945,1.3769999999999882,0.18000000000000682,-0.6300000000000239,0.7440000000000246,1.0829999999999806,
0.26319999999999943,0.24969999999999892,-0.4372000000000007,0.44759999999999955,-0.4900000000000002,0.4366999999999992,-0.46610000000000085,0.5629999999999988,-0.8298000000000005,-1.139800000000001,-0.728999999999953,0.765000000000029,-0.2969999999999473,0.6330000000000169,0.15900000000000247,0.6240000000000112,0.765000000000029,0.31200000000001893,0.9149999999999991,2.3010000000000197,
0.238900000000001,0.2751999999999999,-0.44709999999999894,0.4687000000000001,-0.48470000000000013,0.4574999999999996,-0.4405999999999999,0.5733999999999995,-0.7993000000000006,-1.0631000000000004,0.07799999999997809,0.387000000000004,1.0139999999999816,1.2689999999999735,0.4290000000000127,0.5880000000000418,0.28500000000002856,0.41400000000004766,0.6720000000000326,1.461000000000059,
0.2881,0.24150000000000027,-0.41329999999999956,0.5109999999999992,-0.4703999999999997,-0.43109999999999893,0.47710000000000097,0.587200000000001,-0.7768999999999995,-1.0143999999999984,-0.1740000000000208,-0.3930000000000433,-0.378000000000025,-0.40200000000002234,-0.2580000000000382,-0.2940000000000076,-0.0660000000000327,-0.33900000000003594,-0.18000000000000682,-0.05700000000002703,
0.28229999999999933,0.22839999999999883,-0.4259000000000004,0.4975999999999985,-0.479000000000001,-0.4408999999999992,0.4748999999999999,0.5758999999999999,-0.7828999999999997,-1.0162999999999993,0.5670000000000641,-0.44399999999992446,-0.4289999999999594,0.5220000000000624,0.16200000000004877,0.5009999999999515,-0.5010000000000314,-0.5940000000000278,0.48599999999998644,2.072999999999965,
0.21360000000000134,0.30120000000000147,-0.44019999999999904,0.5150000000000006,-0.47359999999999935,0.45819999999999883,-0.4242000000000008,0.5560999999999989,-0.7667000000000002,-0.9472000000000005,0.20400000000000418,-0.05100000000004101,0.2879999999999683,1.097999999999999,-0.3719999999999857,-0.6299999999999439,0.774000000000008,-0.4769999999999541,0.9780000000000122,3.879000000000019,
0.22040000000000148,0.2995000000000001,-0.4306000000000001,0.5516000000000005,-0.4859999999999989,0.4372000000000007,-0.39840000000000053,0.5402000000000005,-0.7340999999999998,-0.8178999999999998,0.39299999999993673,0.7649999999999757,-0.19800000000001816,0.8699999999999442,-0.23700000000003385,-0.06300000000001305,0.8070000000000377,0.4979999999999851,1.1190000000000033,2.774999999999981,
0.3249999999999993,0.23349999999999937,-0.4372000000000007,-0.4939,0.5805999999999987,-0.3714999999999993,0.43510000000000026,0.5568,-0.7254000000000005,-0.6967999999999996,0.43799999999999173,0.09000000000000341,0.2970000000000006,0.03299999999997638,0.4800000000000537,0.03599999999996939,-0.40500000000001535,-0.2879999999999949,1.6469999999999985,0.4199999999999804,
0.2364999999999995,0.339599999999999,-0.4273000000000007,-0.4928000000000008,0.5966000000000005,0.42159999999999975,-0.3703000000000003,0.5472000000000001,-0.6705000000000005,-0.6828000000000003,0.3390000000000093,0.3540000000000276,-0.4740000000000144,-0.2519999999999989,0.27300000000000324,-0.36899999999999267,0.2160000000000295,-0.17100000000000115,1.3830000000000275,0.10200000000002873,
0.2477999999999998,0.35139999999999993,-0.44310000000000116,-0.5012000000000008,0.6057000000000006,0.4093,-0.3630999999999993,0.5415000000000001,-0.6243999999999996,-0.6793999999999993,-0.45600000000000307,-0.5309999999999881,-0.5250000000000021,-1.023000000000014,-0.4710000000000214,0.4139999999999944,0.39299999999999,0.387000000000004,0.5399999999999672,0.3479999999999883,
0.2325999999999997,0.33370000000000033,-0.46060000000000123,-0.5353000000000012,0.5899999999999999,0.4230999999999998,-0.34999999999999964,0.5544000000000002,-0.6064000000000007,-0.6677999999999997,0.11400000000000077,0.5430000000000135,0.19200000000003214,-0.005999999999932726,0.5640000000000178,-0.45300000000001006,0.40799999999995507,0.17999999999998018,1.023000000000014,0.3449999999999953,
0.23639999999999972,0.3518000000000008,-0.45420000000000016,-0.535499999999999,0.6088000000000005,0.4079999999999995,-0.33640000000000114,0.5603999999999996,-0.5723000000000003,-0.6562999999999999,1.0740000000000016,1.4639999999999986,0.4320000000000057,0.14999999999997016,1.3319999999999865,-0.2970000000000006,0.5519999999999925,0.6869999999999976,2.787000000000006,0.7379999999999853,
0.2721999999999998,0.40060000000000073,-0.5305,-0.43979999999999997,0.6532,0.39809999999999945,-0.3180000000000014,-0.47940000000000005,0.5832999999999995,-0.6317000000000004,-0.5789999999999829,-0.6419999999999959,-0.9510000000000218,-1.230000000000011,-0.5010000000000048,-0.10499999999996845,-0.1709999999999745,1.5930000000000177,0.4710000000000214,0.375000000000032,
0.25290000000000035,0.37920000000000087,-0.5622000000000007,-0.48080000000000034,0.6364999999999998,0.3946000000000005,-0.32370000000000054,-0.42629999999999946,0.5990000000000002,-0.6191999999999993,0.1320000000000121,0.13799999999999812,0.03600000000002268,0.10200000000002873,0.03300000000002967,-0.06000000000002004,-0.20400000000000418,1.1249999999999893,0.45600000000000307,0.32099999999999795,
0.25730000000000075,0.3838000000000008,-0.5609999999999999,-0.4773999999999994,0.6376000000000008,0.39259999999999984,-0.3305000000000007,-0.3887999999999998,0.6142000000000003,-0.6084999999999994,0.4229999999999734,0.5339999999999812,0.6329999999999636,-0.3060000000000329,0.5609999999999715,0.5189999999999895,0.23399999999998755,1.8299999999999983,0.8939999999999682,0.8309999999999818,
0.27139999999999986,0.4016000000000002,-0.5399000000000012,-0.4876000000000005,0.6562999999999999,0.4098999999999995,-0.3227000000000011,-0.32779999999999987,0.6439999999999992,-0.5808,-0.05999999999996675,-0.11100000000000776,-0.28199999999998226,-0.3029999999999866,-0.13500000000000512,-0.28199999999998226,-0.14099999999993784,-0.3420000000000023,-0.10199999999997544,-0.20400000000000418,
0.26940000000000097,0.3978999999999999,-0.5493000000000006,-0.49770000000000003,0.6517999999999997,0.4005000000000001,-0.327399999999999,-0.33919999999999995,0.6406000000000001,-0.5876000000000001,0.14099999999999113,-0.0389999999999624,-0.17699999999996052,-1.043999999999965,-0.12299999999997979,0.22500000000000853,0.0029999999999930083,1.5720000000000134,0.351000000000008,0.3030000000000399,
0.2741000000000007,0.3966000000000012,-0.5551999999999992,-0.5324999999999989,0.6477000000000004,0.40800000000000036,-0.32729999999999926,-0.2867999999999995,0.6523000000000003,-0.5774999999999988,-0.2970000000000006,-0.2130000000000365,0.44399999999997775,-1.3680000000000625,-0.0840000000000174,0.9839999999999982,0.9750000000000192,2.0250000000000234,0.8850000000000158,1.115999999999957,
0.38949999999999996,0.26420000000000066,-0.5404,0.6448999999999998,-0.578100000000001,-0.2947999999999986,0.4408000000000003,-0.21929999999999872,-0.5403000000000002,0.6818000000000008,-0.3330000000000233,-0.16199999999999548,0.06600000000000605,-0.14999999999997016,-1.0709999999999553,0.029999999999983373,0.0,1.493999999999982,-0.15300000000001646,0.29099999999998793,
0.3783999999999992,0.2588000000000008,-0.5381999999999998,0.6399000000000008,-0.6137999999999995,-0.2937999999999992,0.4408000000000003,-0.16949999999999932,-0.5454000000000008,0.6915000000000004,-0.4679999999999751,-0.4200000000000337,-0.32399999999999096,-0.15300000000001646,-1.1909999999999954,0.2879999999999683,0.5849999999999689,0.9899999999999309,0.11699999999999378,0.25799999999995826,
0.3628,0.24479999999999968,-0.5489999999999995,0.6348000000000003,-0.6534999999999993,-0.28420000000000023,0.46029999999999927,-0.13650000000000162,-0.541500000000001,0.7000999999999991,-0.15300000000001646,-0.2670000000000172,-0.10500000000002174,-0.2190000000000225,-1.0980000000000523,-0.4320000000000057,-0.5790000000000095,0.6450000000000422,-0.6390000000000029,-0.3119999999999923,
0.35769999999999946,0.2358999999999991,-0.5525000000000002,0.6274999999999995,-0.690100000000001,-0.2986000000000004,0.44099999999999895,-0.11500000000000021,-0.5628000000000011,0.6896999999999993,-0.2099999999999902,-0.1619999999999422,-0.2939999999999543,-0.33299999999997,-0.5189999999999628,0.24900000000000588,-0.17699999999996052,0.1680000000000348,0.2550000000000452,2.6645352591003757E-14,
0.3506999999999998,0.23050000000000104,-0.5622999999999987,0.6164000000000005,-0.7073999999999998,-0.2903000000000002,0.43510000000000026,-0.10939999999999905,-0.5542999999999996,0.6897000000000002,0.6689999999999863,0.32099999999994466,0.722999999999967,0.6749999999999723,-0.3360000000000163,-0.329999999999977,-0.1649999999999885,0.4800000000000004,-0.774000000000008,-0.32099999999999795,
0.37299999999999933,0.2411999999999992,-0.5381999999999998,0.6388999999999996,-0.7186000000000003,-0.30129999999999946,0.42960000000000065,-0.09339999999999904,-0.5800999999999998,0.6790000000000003,-0.4800000000000004,-0.6780000000000186,0.22499999999995524,-0.2940000000000076,-2.2830000000000084,0.17999999999998018,0.029999999999983373,0.9749999999999925,-0.7949999999999857,-0.2340000000000142,
0.3569999999999993,0.21859999999999857,-0.5307000000000013,0.6290999999999993,0.9535,-0.2953000000000001,0.4306000000000001,-0.06089999999999929,-0.6065999999999994,0.22409999999999997,-0.14099999999999113,-0.31499999999995865,0.23399999999998755,0.708000000000002,-0.6630000000000003,0.2850000000000019,0.023999999999997357,1.2629999999999608,-0.2850000000000552,0.18899999999998585,
0.3522999999999996,0.20809999999999995,-0.5229000000000017,0.6526999999999994,-0.004000000000001336,-0.28580000000000005,0.4314,-0.018800000000000594,-0.6161000000000012,-0.9545000000000012,-0.5400000000000205,-0.1770000000000138,0.27600000000004954,-0.387000000000004,-0.335999999999963,-0.46500000000000874,-1.1520000000000064,0.2910000000000146,-0.24299999999999322,1.3770000000000149,
0.2021999999999995,0.33429999999999893,-0.5137,0.6397999999999993,-0.015200000000000102,0.3929999999999998,-0.30130000000000035,-0.009100000000000108,-0.624200000000001,-0.9086000000000007,-0.44399999999997775,-0.48299999999994014,0.389999999999997,0.33000000000003027,-0.5609999999999715,0.03300000000000303,-0.24300000000001987,0.9509999999999952,-0.2849999999999753,0.4260000000000197,
0.18740000000000023,0.3182000000000009,-0.5007000000000001,-0.03389999999999915,0.6508000000000003,0.3940999999999999,-0.309400000000001,0.02259999999999973,-0.8944000000000001,-0.6337000000000002,0.20100000000001117,0.2999999999999936,0.10800000000001475,-0.07499999999998508,0.2999999999999936,0.5849999999999955,0.36600000000005295,0.057000000000000384,0.6239999999999846,0.3390000000000093,
0.3282000000000007,0.1941000000000006,-0.49709999999999965,-0.036399999999998656,0.6608,-0.29719999999999924,0.41359999999999975,0.024499999999999744,-0.8736000000000006,-0.6223999999999998,0.023999999999944066,0.31799999999995165,1.0529999999999973,0.03599999999996939,0.6299999999999706,-0.417000000000014,-0.5789999999999829,0.8160000000000167,0.804000000000018,-0.47099999999999476,
0.204699999999999,0.32899999999999885,-0.46199999999999974,-0.035199999999999676,0.6817999999999991,0.3943000000000003,-0.3110999999999997,0.0517000000000003,-0.8468,-0.6380999999999997,-0.36599999999999966,-0.32399999999999096,1.3260000000000005,-1.3949999999999996,0.9990000000000165,-0.006000000000012662,-0.4200000000000337,1.4429999999999943,1.5030000000000143,-0.15300000000001646,
-0.4177999999999997,0.192499999999999,0.31819999999999915,-0.08169999999999966,0.8923000000000005,0.09980000000000011,0.3940999999999999,-0.32510000000000083,-0.7966999999999995,0.16380000000000017,0.26999999999995694,0.24600000000001288,-0.14399999999998414,0.6359999999999566,-0.06000000000002004,0.44399999999997775,-0.6030000000000069,-0.6329999999999902,0.4139999999999677,-0.24300000000001987,
0.20069999999999943,-0.40880000000000116,0.3133999999999997,-0.06050000000000111,0.8902999999999999,0.37399999999999967,0.11459999999999937,-0.3462000000000005,-0.7829000000000006,0.1556999999999995,0.28800000000002157,-0.10499999999996845,0.0059999999999860165,-1.0619999999999763,-0.375000000000032,-0.23699999999998056,0.6390000000000295,-0.4169999999999874,1.023000000000014,-0.2729999999999766,
0.21030000000000015,-0.4123000000000001,0.3135999999999992,-0.09590000000000032,0.8777999999999988,0.3661000000000003,0.13590000000000035,-0.3601000000000001,-0.7488000000000001,0.14660000000000029,0.14399999999998414,-0.10500000000002174,0.5130000000000301,-0.3479999999999883,-0.26699999999996393,-0.05999999999999339,-0.11100000000000776,-0.36599999999999966,0.9270000000000245,-0.13500000000000512,
0.21509999999999962,-0.41580000000000084,0.3307000000000002,-0.10749999999999993,0.8689,0.36410000000000053,0.1322000000000001,-0.3723000000000001,-0.7178999999999993,0.14210000000000012,-0.32699999999998397,-0.35699999999996734,-0.3510000000000346,-0.32699999999998397,-0.06300000000001305,-0.15600000000000946,-0.00900000000000567,-0.01800000000001134,-0.07500000000003837,-0.3449999999999953,
0.20420000000000016,-0.42769999999999975,0.31899999999999906,-0.1183999999999994,0.8667999999999996,0.3589000000000002,0.1318999999999999,-0.37290000000000045,-0.7204000000000006,0.13060000000000027,-0.22200000000001552,-0.36599999999999966,0.375000000000032,-0.19199999999997885,-0.023999999999997357,-0.6360000000000099,-0.2069999999999972,-0.4469999999999974,1.122000000000023,-0.15300000000001646,
0.19679999999999964,-0.43989999999999974,0.33150000000000013,-0.12479999999999869,0.8659999999999997,0.3376999999999999,0.125,-0.38780000000000037,-0.6829999999999998,0.12549999999999972,0.6840000000000046,0.09000000000000341,1.1339999999999684,-0.5400000000000738,-0.6780000000000186,0.38099999999999135,-0.5039999999999978,0.6120000000000125,2.4989999999999846,0.03000000000001002,
0.2195999999999998,-0.4368999999999996,0.3692999999999991,-0.14280000000000115,0.843399999999999,0.3503999999999996,0.10820000000000007,-0.36739999999999995,-0.5997000000000003,0.12650000000000006,-0.6359999999999566,-0.39599999999998303,0.11400000000005406,-0.40199999999996905,-0.0809999999999711,-0.2609999999999779,-0.026999999999990365,-0.6659999999999933,-0.01800000000001134,0.0029999999999930083,
0.19840000000000124,-0.45009999999999906,0.3731000000000009,-0.15620000000000012,0.8407,0.34170000000000034,0.1073000000000004,-0.3895999999999997,-0.6003000000000007,0.12659999999999982,0.10199999999997544,-0.4290000000000127,0.389999999999997,-0.03299999999997638,-0.5039999999999978,-0.4469999999999974,0.19799999999999152,0.14400000000001079,0.6960000000000566,-0.18599999999999284,
0.20180000000000042,-0.4643999999999995,0.3861000000000008,-0.15729999999999933,0.8239000000000001,0.3268000000000004,0.11390000000000011,-0.38479999999999936,-0.5770999999999988,0.12040000000000006,0.40800000000000836,0.41100000000000136,0.6989999999999696,0.15600000000000946,-0.0029999999999930083,-0.23099999999999454,0.16500000000001513,-0.06900000000002571,0.6779999999999653,0.09900000000000908,
0.2154000000000007,-0.45069999999999943,0.40939999999999976,-0.152099999999999,0.8238000000000003,0.3191000000000006,0.11940000000000062,-0.3871000000000002,-0.5545,0.12370000000000037,-0.20400000000005747,-0.2640000000000242,-0.2579999999999849,-0.024000000000050647,-0.16500000000004178,-0.26399999999999757,-0.09900000000000908,0.1710000000000278,-0.25800000000001155,0.27000000000001023,
0.2085999999999988,-0.45950000000000024,0.40080000000000027,-0.1529000000000007,0.8182999999999989,0.3103000000000007,0.11610000000000031,-0.3813999999999993,-0.5631000000000004,0.1327000000000007,0.14700000000003044,-0.7649999999999757,0.0,-0.045000000000001705,-0.44399999999997775,0.3959999999999564,0.5909999999999815,-0.08400000000004404,0.6750000000000256,-0.22200000000004216,
0.2134999999999998,-0.48499999999999943,0.40080000000000027,-0.15440000000000076,0.8034999999999997,0.32349999999999923,0.1357999999999997,-0.38420000000000076,-0.5405999999999995,0.1252999999999993,0.13799999999999812,0.1649999999999885,0.23399999999998755,-0.023999999999997357,-1.2899999999999778,-0.6419999999999959,-0.47099999999999476,-0.6929999999999836,0.9569999999999812,-1.4789999999999903,
0.21809999999999974,-0.4794999999999998,-0.15520000000000067,0.40859999999999985,0.13039999999999985,0.30209999999999937,0.12009999999999987,-0.5087000000000002,-0.4073000000000002,0.7206999999999999,0.7500000000000107,0.41100000000000136,-0.20099999999995788,0.7260000000000133,0.36000000000001364,-0.2099999999999902,-0.054000000000007375,1.175999999999977,0.08099999999999774,-0.13500000000000512,
0.2431000000000001,-0.46579999999999977,-0.16189999999999927,0.4328000000000003,0.1424000000000003,0.2950999999999997,0.11829999999999963,-0.4695000000000009,-0.4046000000000003,0.7161999999999997,0.05699999999997374,-0.2190000000000225,-0.33000000000003027,0.17699999999996052,-0.8070000000000377,-0.7739999999999814,-0.8879999999999821,0.7170000000000343,-0.8129999999999971,-1.8630000000000013,
0.24499999999999922,-0.17290000000000028,-0.4731000000000005,0.438699999999999,0.11549999999999905,0.2693000000000003,-0.4455999999999998,0.08870000000000022,-0.4317000000000002,0.6540999999999997,0.40500000000001535,-0.11400000000000077,-0.5549999999999855,0.5460000000000065,-0.7530000000000037,-0.6990000000000229,0.16199999999999548,-0.8820000000000228,-1.3020000000000032,-1.3890000000000136,
0.25849999999999973,-0.1767000000000003,-0.49160000000000004,0.09039999999999893,0.4568999999999992,0.24599999999999955,-0.4401999999999999,0.059299999999999464,0.6077999999999992,-0.4751000000000003,0.45000000000001705,0.31500000000001194,0.5489999999999995,0.5820000000000825,0.06300000000006634,0.4890000000000061,0.6690000000000129,0.33000000000003027,0.5580000000000318,0.771000000000015,
0.2735000000000003,-0.1661999999999999,-0.47330000000000005,0.10980000000000167,0.4590000000000014,0.26229999999999976,-0.4178999999999995,0.07030000000000047,0.6264000000000003,-0.4493999999999998,0.19499999999997186,-0.05700000000002703,-1.1280000000000356,-0.3450000000000486,0.4589999999999428,-0.26399999999999757,0.6239999999999846,-0.4890000000000061,-1.0170000000000012,-0.42599999999999305,
0.27999999999999936,-0.1681000000000008,-0.5109000000000012,0.09830000000000005,0.4742999999999995,0.25349999999999984,-0.3971,0.05400000000000027,0.5925000000000002,-0.46359999999999957,0.39900000000002933,-0.43499999999994543,-1.3439999999999586,-1.3260000000000005,0.40200000000002234,-1.0769999999999946,-0.20400000000000418,-1.7070000000000185,-2.502000000000004,-1.08900000000002,
0.29330000000000034,-0.18259999999999899,0.05410000000000004,-0.5556999999999999,0.48770000000000024,0.21760000000000002,-0.40390000000000015,0.5091000000000001,-0.0029000000000003467,-0.49990000000000023,0.41100000000000136,0.15600000000000946,-0.011999999999972033,-0.44099999999998474,0.5130000000000301,-0.32699999999998397,-0.3029999999999866,-0.9449999999999825,-0.9599999999999742,-0.1679999999999815,
0.3070000000000004,-0.17739999999999867,0.05370000000000097,-0.5703999999999994,0.5048000000000012,0.20670000000000055,-0.4139999999999997,0.4776000000000007,-0.03489999999999949,-0.5054999999999996,0.5849999999999689,-0.20400000000005747,-0.5490000000000528,-0.8610000000000184,0.35099999999992804,0.0029999999999930083,0.3270000000000106,-0.06600000000000605,-0.5220000000000091,0.26399999999999757,
0.32649999999999935,-0.18420000000000059,0.03539999999999921,-0.5991,0.7054999999999989,0.20680000000000032,-0.40309999999999935,0.4754000000000005,-0.05229999999999979,-0.1053999999999995,-0.32099999999999795,-0.6659999999999933,-0.779999999999994,-1.3559999999999839,-0.5819999999999759,-0.49800000000001177,-0.9510000000000218,-0.702000000000016,-1.1160000000000103,-1.3080000000000158,
0.3157999999999994,0.009399999999999409,-0.20640000000000036,-0.6442999999999994,0.6860999999999997,0.19019999999999992,0.45199999999999996,-0.4348000000000001,-0.08950000000000014,-0.14900000000000002,-0.13499999999995183,0.36300000000000665,0.375000000000032,0.14399999999998414,0.19800000000001816,0.17699999999998717,0.12599999999999945,0.1679999999999815,0.3029999999999866,0.6869999999999976,
0.311300000000001,0.02149999999999963,-0.1938999999999993,-0.6395,0.6927000000000003,0.1960999999999995,0.45619999999999994,-0.4292000000000007,-0.07940000000000058,-0.1261000000000001,0.6359999999999566,0.15300000000001646,0.33299999999997,-0.13799999999999812,0.19799999999996487,-0.8159999999999901,-0.5399999999999938,-0.48599999999998644,-0.5819999999999759,-1.0079999999999956,
0.3324999999999996,0.02660000000000018,-0.1828000000000003,-0.6440999999999999,0.6992999999999991,0.16889999999999983,0.43820000000000014,-0.44540000000000024,-0.09879999999999978,-0.15969999999999995,0.6869999999999976,-0.31800000000000495,0.5850000000000222,-1.6920000000000002,0.16200000000004877,0.1949999999999985,-1.0980000000000256,-0.9480000000000022,-2.073000000000018,-0.8820000000000228,
0.3553999999999995,0.016000000000000014,-0.16329999999999956,0.4211000000000009,-0.7004999999999999,0.17539999999999978,0.4015999999999993,-0.4770000000000003,0.5465999999999998,-0.16790000000000038,-0.09599999999998943,0.24000000000002686,0.5789999999999829,-0.12000000000004007,-0.48299999999999343,0.4800000000000004,-0.3179999999999783,-0.32399999999999096,-0.6419999999999959,-0.24899999999997924,
0.02400000000000091,0.35219999999999985,-0.14400000000000013,0.4170999999999996,0.6917000000000009,0.391,0.1913999999999998,-0.4878,0.5251999999999999,-0.18149999999999977,0.7469999999999644,0.20400000000000418,1.3440000000000119,0.4230000000000267,1.187999999999949,-0.3089999999999993,-0.49800000000001177,-0.2850000000000019,-0.23099999999999454,-0.13500000000000512,
0.04889999999999972,0.359,-0.09919999999999973,0.43120000000000047,-0.7051999999999996,0.38070000000000004,0.1747999999999994,-0.4973000000000001,0.5175000000000001,-0.19540000000000024,0.2190000000000225,0.329999999999977,0.4320000000000057,0.05999999999996675,-0.2160000000000295,0.10200000000000209,0.8760000000000101,0.16199999999999548,0.6299999999999972,-0.2370000000000072,
0.05620000000000047,0.3699999999999992,-0.08479999999999954,0.43319999999999936,-0.7124000000000006,0.3841000000000001,0.20399999999999974,-0.4919000000000002,0.5385,-0.20330000000000048,0.4199999999999804,0.1679999999999815,-0.07200000000004536,-0.07499999999998508,0.23099999999999454,-0.10200000000000209,0.08099999999999774,0.12599999999999945,0.11100000000000776,0.04800000000002136,
0.07019999999999982,0.3755999999999986,-0.08720000000000105,0.43069999999999986,0.7440999999999995,0.38070000000000004,0.20669999999999966,-0.48770000000000024,0.5422000000000002,-0.15249999999999986,0.27300000000000324,0.2610000000000845,0.9000000000000341,0.40200000000002234,0.8700000000000507,0.7919999999999927,0.24600000000001288,-0.39599999999998303,0.17699999999998717,0.32099999999999795,
0.07929999999999993,0.3843000000000014,-0.05719999999999992,0.4441000000000006,-0.21579999999999977,0.4070999999999998,0.2149000000000001,-0.5008999999999997,0.5480999999999998,0.7420999999999998,2.4269999999999925,0.9149999999999459,2.4419999999999575,1.3769999999999882,-0.4680000000000284,1.416000000000004,1.1040000000000116,-0.014999999999991687,0.3420000000000023,2.187000000000019,
0.16019999999999968,0.4147999999999996,0.024199999999998667,0.4900000000000002,0.8370999999999995,0.4542999999999999,0.2517000000000005,-0.5013999999999994,0.5594999999999999,-0.0721999999999996,0.9780000000000122,1.1130000000000173,1.023000000000014,0.8999999999999808,0.9209999999999852,0.8819999999999961,1.1459999999999937,-0.31200000000001893,0.8579999999999988,0.710999999999995,
0.05829999999999913,0.19280000000000008,0.4519000000000002,0.5199999999999996,-0.22740000000000116,-0.5118,0.4836999999999998,0.28990000000000027,0.5880999999999998,0.8372000000000002,1.1940000000000417,0.5789999999999829,0.0029999999999930083,-0.10799999999996146,-0.5519999999999392,0.23099999999999454,1.1760000000000037,1.2929999999999975,0.741000000000005,2.1089999999999876,
0.09810000000000052,0.45199999999999996,0.2120999999999995,0.5164000000000009,0.8644999999999996,-0.5041000000000002,0.3330000000000002,0.5228999999999999,0.6128,-0.01359999999999939,2.138999999999971,0.32699999999998397,1.1760000000000304,1.0019999999999563,1.860000000000035,-0.17699999999998717,0.6630000000000003,0.8700000000000241,0.7319999999999993,1.3619999999999965,
0.16939999999999955,0.4628999999999994,0.2513000000000005,0.5497999999999994,0.9265000000000008,-0.5099999999999998,0.3551000000000002,0.5519000000000007,0.6372,0.031800000000000495,-0.3390000000000093,-0.5099999999999838,-0.5460000000000065,-0.03599999999996939,-0.27900000000004255,-0.01800000000001134,-0.11400000000000077,-0.1260000000000261,0.06899999999999906,-0.4800000000000004,
0.15809999999999924,0.44589999999999996,0.2331000000000003,0.5486000000000004,0.9171999999999993,-0.5106000000000002,0.35130000000000017,0.5476999999999999,0.6395,0.01580000000000048,1.5750000000000597,0.8100000000000307,0.8489999999999931,-0.015000000000018332,0.6510000000000282,0.05999999999999339,1.454999999999993,1.3590000000000035,1.062000000000003,1.5809999999999924,
0.21060000000000123,0.472900000000001,0.2614000000000001,0.5480999999999998,0.8929000000000009,-0.5086000000000004,0.39979999999999993,0.593,0.6749,-0.28329999999999966,3.4139999999999837,0.341999999999949,0.7889999999999731,1.54200000000003,1.424999999999983,-0.3449999999999953,0.8639999999999848,1.7010000000000058,1.5300000000000047,1.4789999999999903,
0.3244000000000007,0.4842999999999993,0.2876999999999992,0.5995000000000008,0.9404000000000003,-0.5201000000000002,0.4285999999999994,0.6497000000000002,0.7259000000000002,-0.23399999999999999,0.8339999999999748,0.06000000000002004,0.11700000000004707,0.07499999999998508,0.1740000000000208,0.36899999999999267,1.0020000000000095,0.9239999999999782,1.070999999999982,1.2179999999999858,
0.35219999999999985,0.48629999999999995,0.29160000000000075,0.946200000000001,0.6020000000000003,-0.5078000000000005,0.46199999999999974,0.6804999999999994,-0.19340000000000046,0.7615999999999996,1.562999999999981,0.8160000000000167,1.100999999999992,1.490999999999989,0.7469999999999644,0.13500000000000512,0.3449999999999953,0.23099999999999454,1.1490000000000133,0.7589999999999897,
0.4042999999999992,0.5135000000000005,0.3283000000000005,0.6268999999999991,0.9959000000000007,-0.5033000000000003,0.4734999999999996,0.6881999999999993,0.7868999999999993,-0.15510000000000002,0.8730000000000437,0.40500000000001535,0.0809999999999711,0.774000000000008,1.0919999999999597,0.6630000000000003,0.8220000000000027,1.8870000000000253,0.834000000000028,1.5300000000000047,
0.4334000000000007,0.527000000000001,0.3309999999999995,1.0322999999999993,0.6526999999999994,-0.4812000000000003,0.5008999999999997,0.7511000000000001,-0.10409999999999986,0.8147000000000002,0.44099999999998474,0.1259999999999728,0.31500000000006523,0.2130000000000365,0.45300000000006335,0.03600000000002268,0.1770000000000138,0.047999999999994714,-0.47099999999999476,-0.03900000000001569,
